0,27.808
1,27.806
2,27.804
3,27.803
4,27.801
5,27.799
6,27.797
7,27.795
8,27.793
9,27.792
10,27.79
11,27.788
12,27.786
13,27.784
14,27.782
15,27.781
16,27.779
17,27.777
18,27.775
19,27.773
20,27.772
21,27.77
22,27.768
23,27.766
24,27.764
25,27.762
26,27.761
27,27.759
28,27.757
29,27.755
30,27.753
31,27.751
32,27.75
33,27.748
34,27.746
35,27.744
36,27.742
37,27.74
38,27.739
39,27.737
40,27.735
41,27.733
42,27.731
43,27.729
44,27.728
45,27.726
46,27.724
47,27.722
48,27.72
49,27.718
50,27.717
51,27.715
52,27.713
53,27.711
54,27.709
55,27.707
56,27.706
57,27.704
58,27.702
59,27.7
60,27.698
61,27.696
62,27.694
63,27.693
64,27.691
65,27.689
66,27.687
67,27.685
68,27.683
69,27.681
70,27.68
71,27.678
72,27.676
73,27.674
74,27.672
75,27.67
76,27.668
77,27.666
78,27.664
79,27.663
80,27.661
81,27.659
82,27.657
83,27.655
84,27.653
85,27.651
86,27.649
87,27.647
88,27.645
89,27.643
90,27.64
91,27.638
92,27.636
93,27.634
94,27.632
95,27.629
96,27.627
97,27.624
98,27.622
99,27.619
100,27.617
101,27.614
102,27.611
103,27.608
104,27.605
105,27.602
106,27.598
107,27.595
108,27.591
109,27.587
110,27.583
111,27.578
112,27.574
113,27.569
114,27.563
115,27.557
116,27.551
117,27.544
118,27.537
119,27.529
120,27.521
121,27.512
122,27.501
123,27.491
124,27.479
125,27.466
126,27.451
127,27.436
128,27.418
129,27.4
130,27.379
131,27.356
132,27.332
133,27.304
134,27.274
135,27.241
136,27.205
137,27.165
138,27.12
139,27.072
140,27.019
141,26.96
142,26.895
143,26.824
144,26.746
145,26.66
146,26.566
147,26.463
148,26.35
149,26.226
150,26.09
151,25.942
152,25.78
153,25.604
154,25.412
155,25.204
156,24.977
157,24.732
158,24.467
159,24.181
160,23.873
161,23.542
162,23.186
163,22.806
164,22.399
165,21.966
166,21.505
167,21.017
168,20.499
169,19.953
170,19.377
171,18.772
172,18.137
173,17.472
174,16.778
175,16.054
176,15.301
177,14.519
178,13.708
179,12.869
180,12.003
181,11.109
182,10.19
183,9.2438
184,8.2729
185,7.2774
186,6.258
187,5.2155
188,4.1504
189,3.0635
190,1.9555
191,0.82702
192,-0.32129
193,-1.4888
194,-2.6748
195,-3.8787
196,-5.0999
197,-6.3378
198,-7.5919
199,-8.8616
200,-10.146
