0,25.727
1,25.726
2,25.724
3,25.722
4,25.72
5,25.718
6,25.716
7,25.715
8,25.713
9,25.711
10,25.709
11,25.707
12,25.705
13,25.704
14,25.702
15,25.7
16,25.698
17,25.696
18,25.694
19,25.693
20,25.691
21,25.689
22,25.687
23,25.685
24,25.683
25,25.682
26,25.68
27,25.678
28,25.676
29,25.674
30,25.672
31,25.671
32,25.669
33,25.667
34,25.665
35,25.663
36,25.661
37,25.659
38,25.658
39,25.656
40,25.654
41,25.652
42,25.65
43,25.648
44,25.646
45,25.645
46,25.643
47,25.641
48,25.639
49,25.637
50,25.635
51,25.633
52,25.631
53,25.629
54,25.627
55,25.625
56,25.623
57,25.622
58,25.62
59,25.617
60,25.615
61,25.613
62,25.611
63,25.609
64,25.607
65,25.605
66,25.603
67,25.601
68,25.598
69,25.596
70,25.594
71,25.591
72,25.589
73,25.586
74,25.584
75,25.581
76,25.578
77,25.575
78,25.572
79,25.569
80,25.566
81,25.562
82,25.559
83,25.555
84,25.551
85,25.547
86,25.543
87,25.538
88,25.533
89,25.528
90,25.522
91,25.516
92,25.51
93,25.503
94,25.496
95,25.488
96,25.479
97,25.47
98,25.46
99,25.449
100,25.437
101,25.424
102,25.41
103,25.395
104,25.378
105,25.36
106,25.341
107,25.319
108,25.296
109,25.27
110,25.242
111,25.211
112,25.178
113,25.141
114,25.101
115,25.057
116,25.009
117,24.956
118,24.899
119,24.836
120,24.767
121,24.692
122,24.609
123,24.52
124,24.422
125,24.315
126,24.199
127,24.072
128,23.934
129,23.784
130,23.622
131,23.445
132,23.254
133,23.048
134,22.825
135,22.584
136,22.326
137,22.047
138,21.748
139,21.428
140,21.086
141,20.721
142,20.332
143,19.918
144,19.479
145,19.014
146,18.522
147,18.004
148,17.458
149,16.885
150,16.284
151,15.655
152,14.998
153,14.313
154,13.601
155,12.861
156,12.093
157,11.299
158,10.477
159,9.6298
160,8.7565
161,7.8579
162,6.9346
163,5.987
164,5.0157
165,4.0214
166,3.0046
167,1.9659
168,0.90599
169,-0.17464
170,-1.2753
171,-2.3955
172,-3.5346
173,-4.692
174,-5.8671
175,-7.0594
176,-8.2684
177,-9.4934
178,-10.734
179,-11.99
180,-13.26
181,-14.545
182,-15.843
183,-17.155
184,-18.479
185,-19.816
186,-21.164
187,-22.525
188,-23.896
189,-25.279
190,-26.672
191,-28.075
192,-29.489
193,-30.911
194,-32.344
195,-33.785
196,-35.235
197,-36.693
198,-38.16
199,-39.635
200,-41.117
