0,27.335
1,27.333
2,27.331
3,27.329
4,27.327
5,27.326
6,27.324
7,27.322
8,27.32
9,27.318
10,27.316
11,27.315
12,27.313
13,27.311
14,27.309
15,27.307
16,27.305
17,27.304
18,27.302
19,27.3
20,27.298
21,27.296
22,27.294
23,27.293
24,27.291
25,27.289
26,27.287
27,27.285
28,27.283
29,27.282
30,27.28
31,27.278
32,27.276
33,27.274
34,27.272
35,27.271
36,27.269
37,27.267
38,27.265
39,27.263
40,27.261
41,27.26
42,27.258
43,27.256
44,27.254
45,27.252
46,27.25
47,27.249
48,27.247
49,27.245
50,27.243
51,27.241
52,27.239
53,27.238
54,27.236
55,27.234
56,27.232
57,27.23
58,27.228
59,27.226
60,27.225
61,27.223
62,27.221
63,27.219
64,27.217
65,27.215
66,27.213
67,27.211
68,27.209
69,27.208
70,27.206
71,27.204
72,27.202
73,27.2
74,27.198
75,27.196
76,27.194
77,27.192
78,27.19
79,27.188
80,27.186
81,27.184
82,27.181
83,27.179
84,27.177
85,27.175
86,27.173
87,27.17
88,27.168
89,27.165
90,27.163
91,27.16
92,27.158
93,27.155
94,27.152
95,27.149
96,27.146
97,27.143
98,27.139
99,27.136
100,27.132
101,27.128
102,27.124
103,27.119
104,27.115
105,27.11
106,27.104
107,27.099
108,27.093
109,27.086
110,27.079
111,27.071
112,27.063
113,27.054
114,27.044
115,27.033
116,27.022
117,27.009
118,26.995
119,26.98
120,26.964
121,26.946
122,26.926
123,26.905
124,26.881
125,26.855
126,26.827
127,26.795
128,26.761
129,26.723
130,26.682
131,26.636
132,26.586
133,26.531
134,26.471
135,26.405
136,26.332
137,26.252
138,26.165
139,26.069
140,25.965
141,25.85
142,25.725
143,25.588
144,25.439
145,25.276
146,25.1
147,24.908
148,24.699
149,24.473
150,24.229
151,23.965
152,23.681
153,23.375
154,23.047
155,22.695
156,22.319
157,21.917
158,21.49
159,21.035
160,20.553
161,20.044
162,19.506
163,18.939
164,18.343
165,17.718
166,17.064
167,16.381
168,15.669
169,14.928
170,14.159
171,13.361
172,12.536
173,11.683
174,10.804
175,9.8984
176,8.9671
177,8.0107
178,7.0299
179,6.0252
180,4.9975
181,3.9472
182,2.8751
183,1.7818
184,0.66799
185,-0.46572
186,-1.6187
187,-2.7903
188,-3.9799
189,-5.187
190,-6.411
191,-7.6512
192,-8.9072
193,-10.178
194,-11.464
195,-12.765
196,-14.078
197,-15.406
198,-16.746
199,-18.098
200,-19.463
