0,14.958
1,14.956
2,14.954
3,14.952
4,14.95
5,14.949
6,14.947
7,14.945
8,14.943
9,14.941
10,14.939
11,14.938
12,14.936
13,14.934
14,14.932
15,14.93
16,14.929
17,14.927
18,14.925
19,14.923
20,14.921
21,14.919
22,14.918
23,14.916
24,14.914
25,14.912
26,14.91
27,14.908
28,14.906
29,14.905
30,14.903
31,14.901
32,14.899
33,14.897
34,14.895
35,14.894
36,14.892
37,14.89
38,14.888
39,14.886
40,14.884
41,14.883
42,14.881
43,14.879
44,14.877
45,14.875
46,14.873
47,14.871
48,14.87
49,14.868
50,14.866
51,14.864
52,14.862
53,14.86
54,14.858
55,14.856
56,14.854
57,14.853
58,14.851
59,14.849
60,14.847
61,14.845
62,14.843
63,14.841
64,14.839
65,14.837
66,14.835
67,14.833
68,14.831
69,14.829
70,14.826
71,14.824
72,14.822
73,14.82
74,14.817
75,14.815
76,14.813
77,14.81
78,14.808
79,14.805
80,14.803
81,14.8
82,14.797
83,14.794
84,14.791
85,14.788
86,14.785
87,14.781
88,14.778
89,14.774
90,14.77
91,14.766
92,14.761
93,14.756
94,14.751
95,14.746
96,14.74
97,14.734
98,14.727
99,14.72
100,14.713
101,14.704
102,14.696
103,14.686
104,14.676
105,14.664
106,14.652
107,14.639
108,14.624
109,14.609
110,14.592
111,14.573
112,14.553
113,14.53
114,14.506
115,14.479
116,14.45
117,14.419
118,14.384
119,14.346
120,14.304
121,14.259
122,14.209
123,14.154
124,14.095
125,14.029
126,13.958
127,13.88
128,13.795
129,13.702
130,13.601
131,13.49
132,13.37
133,13.239
134,13.097
135,12.942
136,12.774
137,12.592
138,12.395
139,12.182
140,11.952
141,11.705
142,11.438
143,11.152
144,10.845
145,10.516
146,10.165
147,9.7903
148,9.3915
149,8.9678
150,8.5185
151,8.0432
152,7.5412
153,7.0121
154,6.4556
155,5.8714
156,5.2594
157,4.6194
158,3.9515
159,3.2557
160,2.5322
161,1.7812
162,1.003
163,0.19786
164,-0.63379
165,-1.4915
166,-2.3748
167,-3.2833
168,-4.2162
169,-5.1732
170,-6.1536
171,-7.1569
172,-8.1824
173,-9.2295
174,-10.298
175,-11.386
176,-12.495
177,-13.622
178,-14.769
179,-15.933
180,-17.115
181,-18.314
182,-19.53
183,-20.761
184,-22.008
185,-23.269
186,-24.545
187,-25.835
188,-27.139
189,-28.455
190,-29.785
191,-31.126
192,-32.479
193,-33.844
194,-35.22
195,-36.607
196,-38.004
197,-39.412
198,-40.829
199,-42.255
200,-43.691
