0,25.723
1,25.721
2,25.719
3,25.717
4,25.715
5,25.713
6,25.712
7,25.71
8,25.708
9,25.706
10,25.704
11,25.702
12,25.701
13,25.699
14,25.697
15,25.695
16,25.693
17,25.691
18,25.69
19,25.688
20,25.686
21,25.684
22,25.682
23,25.68
24,25.679
25,25.677
26,25.675
27,25.673
28,25.671
29,25.669
30,25.668
31,25.666
32,25.664
33,25.662
34,25.66
35,25.658
36,25.657
37,25.655
38,25.653
39,25.651
40,25.649
41,25.648
42,25.646
43,25.644
44,25.642
45,25.64
46,25.638
47,25.637
48,25.635
49,25.633
50,25.631
51,25.629
52,25.627
53,25.626
54,25.624
55,25.622
56,25.62
57,25.618
58,25.616
59,25.615
60,25.613
61,25.611
62,25.609
63,25.607
64,25.605
65,25.603
66,25.602
67,25.6
68,25.598
69,25.596
70,25.594
71,25.592
72,25.591
73,25.589
74,25.587
75,25.585
76,25.583
77,25.581
78,25.579
79,25.578
80,25.576
81,25.574
82,25.572
83,25.57
84,25.568
85,25.566
86,25.564
87,25.562
88,25.56
89,25.558
90,25.556
91,25.554
92,25.552
93,25.55
94,25.548
95,25.546
96,25.544
97,25.542
98,25.54
99,25.538
100,25.535
101,25.533
102,25.531
103,25.528
104,25.526
105,25.523
106,25.521
107,25.518
108,25.515
109,25.512
110,25.509
111,25.506
112,25.503
113,25.499
114,25.496
115,25.492
116,25.488
117,25.484
118,25.479
119,25.474
120,25.469
121,25.463
122,25.457
123,25.451
124,25.444
125,25.436
126,25.428
127,25.419
128,25.409
129,25.398
130,25.387
131,25.374
132,25.36
133,25.345
134,25.328
135,25.31
136,25.29
137,25.268
138,25.243
139,25.216
140,25.187
141,25.154
142,25.119
143,25.079
144,25.036
145,24.988
146,24.935
147,24.877
148,24.812
149,24.742
150,24.664
151,24.579
152,24.485
153,24.382
154,24.269
155,24.145
156,24.009
157,23.86
158,23.698
159,23.52
160,23.327
161,23.117
162,22.889
163,22.641
164,22.374
165,22.084
166,21.773
167,21.437
168,21.077
169,20.691
170,20.279
171,19.84
172,19.372
173,18.876
174,18.351
175,17.797
176,17.212
177,16.598
178,15.953
179,15.278
180,14.573
181,13.839
182,13.074
183,12.281
184,11.459
185,10.608
186,9.7301
187,8.8247
188,7.8928
189,6.935
190,5.9519
191,4.9443
192,3.9129
193,2.8583
194,1.7813
195,0.68249
196,-0.43732
197,-1.5775
198,-2.7374
199,-3.9163
200,-5.1136
