0,24.229
1,24.227
2,24.225
3,24.223
4,24.221
5,24.22
6,24.218
7,24.216
8,24.214
9,24.212
10,24.21
11,24.209
12,24.207
13,24.205
14,24.203
15,24.201
16,24.199
17,24.198
18,24.196
19,24.194
20,24.192
21,24.19
22,24.188
23,24.187
24,24.185
25,24.183
26,24.181
27,24.179
28,24.177
29,24.176
30,24.174
31,24.172
32,24.17
33,24.168
34,24.166
35,24.165
36,24.163
37,24.161
38,24.159
39,24.157
40,24.155
41,24.154
42,24.152
43,24.15
44,24.148
45,24.146
46,24.144
47,24.143
48,24.141
49,24.139
50,24.137
51,24.135
52,24.133
53,24.132
54,24.13
55,24.128
56,24.126
57,24.124
58,24.122
59,24.121
60,24.119
61,24.117
62,24.115
63,24.113
64,24.111
65,24.11
66,24.108
67,24.106
68,24.104
69,24.102
70,24.1
71,24.099
72,24.097
73,24.095
74,24.093
75,24.091
76,24.089
77,24.088
78,24.086
79,24.084
80,24.082
81,24.08
82,24.078
83,24.076
84,24.075
85,24.073
86,24.071
87,24.069
88,24.067
89,24.065
90,24.063
91,24.061
92,24.059
93,24.057
94,24.056
95,24.054
96,24.052
97,24.05
98,24.048
99,24.046
100,24.044
101,24.042
102,24.039
103,24.037
104,24.035
105,24.033
106,24.031
107,24.028
108,24.026
109,24.024
110,24.021
111,24.019
112,24.016
113,24.014
114,24.011
115,24.008
116,24.005
117,24.002
118,23.999
119,23.995
120,23.992
121,23.988
122,23.984
123,23.98
124,23.975
125,23.97
126,23.965
127,23.959
128,23.953
129,23.947
130,23.94
131,23.932
132,23.924
133,23.915
134,23.906
135,23.895
136,23.883
137,23.871
138,23.857
139,23.842
140,23.825
141,23.806
142,23.786
143,23.764
144,23.739
145,23.712
146,23.682
147,23.649
148,23.613
149,23.573
150,23.529
151,23.48
152,23.426
153,23.367
154,23.301
155,23.229
156,23.149
157,23.061
158,22.965
159,22.859
160,22.743
161,22.615
162,22.475
163,22.321
164,22.153
165,21.97
166,21.771
167,21.553
168,21.317
169,21.061
170,20.783
171,20.484
172,20.161
173,19.813
174,19.44
175,19.041
176,18.614
177,18.16
178,17.676
179,17.164
180,16.621
181,16.048
182,15.445
183,14.812
184,14.148
185,13.453
186,12.728
187,11.973
188,11.188
189,10.374
190,9.5313
191,8.6601
192,7.7613
193,6.8354
194,5.8831
195,4.9051
196,3.902
197,2.8747
198,1.8237
199,0.74994
200,-0.346
