0,25.726
1,25.724
2,25.722
3,25.721
4,25.719
5,25.717
6,25.715
7,25.713
8,25.711
9,25.71
10,25.708
11,25.706
12,25.704
13,25.702
14,25.7
15,25.699
16,25.697
17,25.695
18,25.693
19,25.691
20,25.689
21,25.688
22,25.686
23,25.684
24,25.682
25,25.68
26,25.679
27,25.677
28,25.675
29,25.673
30,25.671
31,25.669
32,25.668
33,25.666
34,25.664
35,25.662
36,25.66
37,25.658
38,25.657
39,25.655
40,25.653
41,25.651
42,25.649
43,25.647
44,25.645
45,25.644
46,25.642
47,25.64
48,25.638
49,25.636
50,25.634
51,25.633
52,25.631
53,25.629
54,25.627
55,25.625
56,25.623
57,25.622
58,25.62
59,25.618
60,25.616
61,25.614
62,25.612
63,25.61
64,25.608
65,25.607
66,25.605
67,25.603
68,25.601
69,25.599
70,25.597
71,25.595
72,25.593
73,25.591
74,25.589
75,25.587
76,25.585
77,25.583
78,25.581
79,25.579
80,25.577
81,25.575
82,25.573
83,25.57
84,25.568
85,25.566
86,25.564
87,25.561
88,25.559
89,25.556
90,25.554
91,25.551
92,25.549
93,25.546
94,25.543
95,25.54
96,25.537
97,25.533
98,25.53
99,25.526
100,25.522
101,25.518
102,25.514
103,25.509
104,25.504
105,25.499
106,25.494
107,25.488
108,25.481
109,25.475
110,25.467
111,25.459
112,25.451
113,25.441
114,25.431
115,25.42
116,25.408
117,25.395
118,25.38
119,25.365
120,25.348
121,25.329
122,25.308
123,25.286
124,25.261
125,25.234
126,25.204
127,25.172
128,25.136
129,25.097
130,25.054
131,25.006
132,24.954
133,24.897
134,24.834
135,24.766
136,24.69
137,24.607
138,24.517
139,24.418
140,24.309
141,24.19
142,24.061
143,23.919
144,23.765
145,23.597
146,23.415
147,23.217
148,23.002
149,22.77
150,22.519
151,22.248
152,21.956
153,21.642
154,21.306
155,20.945
156,20.561
157,20.15
158,19.714
159,19.25
160,18.759
161,18.24
162,17.693
163,17.117
164,16.512
165,15.878
166,15.215
167,14.523
168,13.802
169,13.053
170,12.275
171,11.469
172,10.636
173,9.7758
174,8.8889
175,7.976
176,7.0377
177,6.0746
178,5.0873
179,4.0764
180,3.0427
181,1.9866
182,0.90904
183,-0.18952
184,-1.3084
185,-2.4469
186,-3.6045
187,-4.7805
188,-5.9743
189,-7.1854
190,-8.4131
191,-9.657
192,-10.916
193,-12.191
194,-13.48
195,-14.783
196,-16.1
197,-17.43
198,-18.772
199,-20.127
200,-21.494
