0,14.359
1,14.358
2,14.356
3,14.354
4,14.352
5,14.35
6,14.349
7,14.347
8,14.345
9,14.343
10,14.341
11,14.339
12,14.338
13,14.336
14,14.334
15,14.332
16,14.33
17,14.328
18,14.327
19,14.325
20,14.323
21,14.321
22,14.319
23,14.317
24,14.316
25,14.314
26,14.312
27,14.31
28,14.308
29,14.306
30,14.305
31,14.303
32,14.301
33,14.299
34,14.297
35,14.295
36,14.293
37,14.292
38,14.29
39,14.288
40,14.286
41,14.284
42,14.282
43,14.281
44,14.279
45,14.277
46,14.275
47,14.273
48,14.271
49,14.269
50,14.268
51,14.266
52,14.264
53,14.262
54,14.26
55,14.258
56,14.256
57,14.254
58,14.252
59,14.25
60,14.248
61,14.247
62,14.245
63,14.243
64,14.241
65,14.239
66,14.237
67,14.234
68,14.232
69,14.23
70,14.228
71,14.226
72,14.224
73,14.222
74,14.219
75,14.217
76,14.215
77,14.212
78,14.21
79,14.207
80,14.205
81,14.202
82,14.199
83,14.196
84,14.193
85,14.19
86,14.187
87,14.183
88,14.18
89,14.176
90,14.172
91,14.168
92,14.164
93,14.159
94,14.154
95,14.149
96,14.143
97,14.137
98,14.131
99,14.124
100,14.116
101,14.108
102,14.1
103,14.09
104,14.08
105,14.069
106,14.057
107,14.044
108,14.03
109,14.015
110,13.998
111,13.98
112,13.96
113,13.939
114,13.915
115,13.889
116,13.861
117,13.83
118,13.796
119,13.759
120,13.719
121,13.674
122,13.626
123,13.573
124,13.515
125,13.451
126,13.382
127,13.306
128,13.223
129,13.133
130,13.034
131,12.927
132,12.81
133,12.682
134,12.543
135,12.393
136,12.229
137,12.051
138,11.859
139,11.651
140,11.427
141,11.185
142,10.924
143,10.644
144,10.344
145,10.022
146,9.6779
147,9.3106
148,8.9194
149,8.5035
150,8.0623
151,7.5952
152,7.1015
153,6.5809
154,6.0329
155,5.4574
156,4.8541
157,4.2228
158,3.5636
159,2.8765
160,2.1616
161,1.4192
162,0.64937
163,-0.14743
164,-0.97086
165,-1.8205
166,-2.6959
167,-3.5966
168,-4.522
169,-5.4715
170,-6.4447
171,-7.4409
172,-8.4596
173,-9.5
174,-10.562
175,-11.644
176,-12.746
177,-13.868
178,-15.009
179,-16.168
180,-17.344
181,-18.538
182,-19.748
183,-20.975
184,-22.217
185,-23.474
186,-24.745
187,-26.031
188,-27.33
189,-28.643
190,-29.968
191,-31.306
192,-32.656
193,-34.017
194,-35.389
195,-36.773
196,-38.167
197,-39.571
198,-40.985
199,-42.409
200,-43.842
