0,22.069
1,22.067
2,22.065
3,22.064
4,22.062
5,22.06
6,22.058
7,22.056
8,22.054
9,22.053
10,22.051
11,22.049
12,22.047
13,22.045
14,22.043
15,22.042
16,22.04
17,22.038
18,22.036
19,22.034
20,22.032
21,22.031
22,22.029
23,22.027
24,22.025
25,22.023
26,22.021
27,22.02
28,22.018
29,22.016
30,22.014
31,22.012
32,22.01
33,22.009
34,22.007
35,22.005
36,22.003
37,22.001
38,21.999
39,21.998
40,21.996
41,21.994
42,21.992
43,21.99
44,21.988
45,21.987
46,21.985
47,21.983
48,21.981
49,21.979
50,21.977
51,21.976
52,21.974
53,21.972
54,21.97
55,21.968
56,21.966
57,21.965
58,21.963
59,21.961
60,21.959
61,21.957
62,21.955
63,21.954
64,21.952
65,21.95
66,21.948
67,21.946
68,21.944
69,21.943
70,21.941
71,21.939
72,21.937
73,21.935
74,21.933
75,21.931
76,21.93
77,21.928
78,21.926
79,21.924
80,21.922
81,21.92
82,21.918
83,21.916
84,21.914
85,21.912
86,21.911
87,21.909
88,21.907
89,21.905
90,21.903
91,21.901
92,21.899
93,21.897
94,21.895
95,21.892
96,21.89
97,21.888
98,21.886
99,21.884
100,21.881
101,21.879
102,21.877
103,21.874
104,21.872
105,21.869
106,21.866
107,21.864
108,21.861
109,21.858
110,21.855
111,21.851
112,21.848
113,21.844
114,21.841
115,21.836
116,21.832
117,21.828
118,21.823
119,21.818
120,21.812
121,21.806
122,21.8
123,21.793
124,21.785
125,21.777
126,21.769
127,21.759
128,21.749
129,21.737
130,21.725
131,21.711
132,21.697
133,21.68
134,21.663
135,21.643
136,21.621
137,21.598
138,21.572
139,21.543
140,21.512
141,21.477
142,21.439
143,21.397
144,21.351
145,21.3
146,21.244
147,21.182
148,21.115
149,21.04
150,20.958
151,20.868
152,20.769
153,20.66
154,20.541
155,20.41
156,20.268
157,20.112
158,19.942
159,19.757
160,19.555
161,19.336
162,19.098
163,18.841
164,18.563
165,18.263
166,17.94
167,17.593
168,17.221
169,16.824
170,16.4
171,15.948
172,15.469
173,14.96
174,14.423
175,13.856
176,13.259
177,12.633
178,11.977
179,11.29
180,10.574
181,9.8285
182,9.0536
183,8.2499
184,7.4178
185,6.5578
186,5.6704
187,4.7562
188,3.8159
189,2.85
190,1.8593
191,0.84448
192,-0.19385
193,-1.255
194,-2.3382
195,-3.4428
196,-4.5681
197,-5.7135
198,-6.8782
199,-8.0617
200,-9.2634
