0,26.298
1,26.296
2,26.294
3,26.292
4,26.29
5,26.289
6,26.287
7,26.285
8,26.283
9,26.281
10,26.279
11,26.278
12,26.276
13,26.274
14,26.272
15,26.27
16,26.269
17,26.267
18,26.265
19,26.263
20,26.261
21,26.259
22,26.258
23,26.256
24,26.254
25,26.252
26,26.25
27,26.248
28,26.247
29,26.245
30,26.243
31,26.241
32,26.239
33,26.237
34,26.236
35,26.234
36,26.232
37,26.23
38,26.228
39,26.226
40,26.225
41,26.223
42,26.221
43,26.219
44,26.217
45,26.215
46,26.214
47,26.212
48,26.21
49,26.208
50,26.206
51,26.204
52,26.202
53,26.201
54,26.199
55,26.197
56,26.195
57,26.193
58,26.191
59,26.189
60,26.188
61,26.186
62,26.184
63,26.182
64,26.18
65,26.178
66,26.176
67,26.174
68,26.172
69,26.171
70,26.169
71,26.167
72,26.165
73,26.163
74,26.161
75,26.159
76,26.157
77,26.155
78,26.153
79,26.151
80,26.149
81,26.146
82,26.144
83,26.142
84,26.14
85,26.138
86,26.135
87,26.133
88,26.13
89,26.128
90,26.125
91,26.123
92,26.12
93,26.117
94,26.114
95,26.111
96,26.108
97,26.104
98,26.101
99,26.097
100,26.093
101,26.089
102,26.085
103,26.08
104,26.075
105,26.07
106,26.064
107,26.058
108,26.052
109,26.045
110,26.037
111,26.029
112,26.02
113,26.01
114,26
115,25.989
116,25.976
117,25.963
118,25.948
119,25.932
120,25.914
121,25.895
122,25.874
123,25.851
124,25.826
125,25.798
126,25.767
127,25.734
128,25.697
129,25.656
130,25.612
131,25.563
132,25.51
133,25.451
134,25.387
135,25.316
136,25.238
137,25.154
138,25.06
139,24.959
140,24.847
141,24.725
142,24.592
143,24.447
144,24.289
145,24.117
146,23.93
147,23.727
148,23.507
149,23.269
150,23.012
151,22.735
152,22.437
153,22.117
154,21.773
155,21.406
156,21.013
157,20.595
158,20.151
159,19.679
160,19.18
161,18.653
162,18.097
163,17.512
164,16.899
165,16.256
166,15.585
167,14.884
168,14.155
169,13.397
170,12.611
171,11.797
172,10.955
173,10.087
174,9.1922
175,8.2717
176,7.3259
177,6.3555
178,5.3612
179,4.3434
180,3.303
181,2.2405
182,1.1565
183,0.051879
184,-1.0729
185,-2.2172
186,-3.3803
187,-4.5616
188,-5.7607
189,-6.9768
190,-8.2094
191,-9.4579
192,-10.722
193,-12.001
194,-13.294
195,-14.601
196,-15.922
197,-17.256
198,-18.602
199,-19.961
200,-21.331
