0,21.779
1,21.777
2,21.775
3,21.773
4,21.772
5,21.77
6,21.768
7,21.766
8,21.764
9,21.762
10,21.761
11,21.759
12,21.757
13,21.755
14,21.753
15,21.751
16,21.75
17,21.748
18,21.746
19,21.744
20,21.742
21,21.74
22,21.738
23,21.737
24,21.735
25,21.733
26,21.731
27,21.729
28,21.727
29,21.726
30,21.724
31,21.722
32,21.72
33,21.718
34,21.716
35,21.715
36,21.713
37,21.711
38,21.709
39,21.707
40,21.705
41,21.703
42,21.701
43,21.7
44,21.698
45,21.696
46,21.694
47,21.692
48,21.69
49,21.688
50,21.686
51,21.684
52,21.682
53,21.68
54,21.678
55,21.677
56,21.675
57,21.672
58,21.67
59,21.668
60,21.666
61,21.664
62,21.662
63,21.66
64,21.658
65,21.655
66,21.653
67,21.651
68,21.649
69,21.646
70,21.644
71,21.641
72,21.638
73,21.636
74,21.633
75,21.63
76,21.627
77,21.624
78,21.621
79,21.617
80,21.614
81,21.61
82,21.606
83,21.602
84,21.597
85,21.593
86,21.588
87,21.583
88,21.577
89,21.571
90,21.565
91,21.558
92,21.55
93,21.543
94,21.534
95,21.525
96,21.515
97,21.504
98,21.492
99,21.48
100,21.466
101,21.451
102,21.434
103,21.417
104,21.397
105,21.376
106,21.353
107,21.328
108,21.3
109,21.27
110,21.237
111,21.201
112,21.162
113,21.119
114,21.072
115,21.02
116,20.964
117,20.903
118,20.836
119,20.763
120,20.683
121,20.595
122,20.5
123,20.397
124,20.284
125,20.161
126,20.027
127,19.882
128,19.725
129,19.554
130,19.369
131,19.169
132,18.953
133,18.721
134,18.47
135,18.201
136,17.912
137,17.602
138,17.27
139,16.917
140,16.539
141,16.138
142,15.713
143,15.261
144,14.784
145,14.281
146,13.751
147,13.193
148,12.608
149,11.996
150,11.355
151,10.688
152,9.9921
153,9.2692
154,8.519
155,7.7418
156,6.938
157,6.1078
158,5.2519
159,4.3705
160,3.4642
161,2.5336
162,1.5791
163,0.60132
164,-0.39914
165,-1.4217
166,-2.4658
167,-3.5308
168,-4.6161
169,-5.7212
170,-6.8455
171,-7.9884
172,-9.1492
173,-10.328
174,-11.523
175,-12.735
176,-13.962
177,-15.205
178,-16.463
179,-17.735
180,-19.021
181,-20.321
182,-21.634
183,-22.959
184,-24.297
185,-25.647
186,-27.008
187,-28.38
188,-29.763
189,-31.156
190,-32.56
191,-33.973
192,-35.396
193,-36.828
194,-38.27
195,-39.719
196,-41.178
197,-42.644
198,-44.118
199,-45.6
200,-47.09
