0,24.11
1,24.108
2,24.106
3,24.104
4,24.103
5,24.101
6,24.099
7,24.097
8,24.095
9,24.093
10,24.092
11,24.09
12,24.088
13,24.086
14,24.084
15,24.082
16,24.081
17,24.079
18,24.077
19,24.075
20,24.073
21,24.071
22,24.07
23,24.068
24,24.066
25,24.064
26,24.062
27,24.06
28,24.059
29,24.057
30,24.055
31,24.053
32,24.051
33,24.049
34,24.048
35,24.046
36,24.044
37,24.042
38,24.04
39,24.038
40,24.036
41,24.035
42,24.033
43,24.031
44,24.029
45,24.027
46,24.025
47,24.023
48,24.021
49,24.019
50,24.017
51,24.016
52,24.014
53,24.012
54,24.01
55,24.008
56,24.006
57,24.004
58,24.002
59,24
60,23.998
61,23.995
62,23.993
63,23.991
64,23.989
65,23.987
66,23.984
67,23.982
68,23.98
69,23.977
70,23.975
71,23.972
72,23.97
73,23.967
74,23.964
75,23.961
76,23.958
77,23.955
78,23.952
79,23.949
80,23.945
81,23.941
82,23.938
83,23.933
84,23.929
85,23.924
86,23.92
87,23.914
88,23.909
89,23.903
90,23.897
91,23.89
92,23.882
93,23.875
94,23.866
95,23.857
96,23.847
97,23.836
98,23.825
99,23.812
100,23.798
101,23.784
102,23.767
103,23.75
104,23.73
105,23.709
106,23.686
107,23.661
108,23.634
109,23.604
110,23.571
111,23.536
112,23.496
113,23.454
114,23.407
115,23.356
116,23.3
117,23.239
118,23.172
119,23.099
120,23.019
121,22.932
122,22.837
123,22.734
124,22.621
125,22.498
126,22.365
127,22.22
128,22.063
129,21.892
130,21.707
131,21.507
132,21.291
133,21.059
134,20.808
135,20.538
136,20.249
137,19.938
138,19.607
139,19.252
140,18.874
141,18.472
142,18.046
143,17.594
144,17.115
145,16.611
146,16.079
147,15.52
148,14.934
149,14.32
150,13.678
151,13.008
152,12.311
153,11.586
154,10.834
155,10.055
156,9.2487
157,8.4164
158,7.5582
159,6.6746
160,5.7661
161,4.8331
162,3.8763
163,2.8962
164,1.8934
165,0.86851
166,-0.17793
167,-1.2453
168,-2.333
169,-3.4404
170,-4.567
171,-5.7122
172,-6.8754
173,-8.056
174,-9.2536
175,-10.468
176,-11.697
177,-12.942
178,-14.202
179,-15.477
180,-16.765
181,-18.067
182,-19.382
183,-20.709
184,-22.049
185,-23.401
186,-24.764
187,-26.138
188,-27.523
189,-28.918
190,-30.324
191,-31.739
192,-33.164
193,-34.598
194,-36.04
195,-37.492
196,-38.952
197,-40.42
198,-41.896
199,-43.379
200,-44.871
