0,14.864
1,14.862
2,14.86
3,14.858
4,14.857
5,14.855
6,14.853
7,14.851
8,14.849
9,14.848
10,14.846
11,14.844
12,14.842
13,14.84
14,14.838
15,14.837
16,14.835
17,14.833
18,14.831
19,14.829
20,14.827
21,14.826
22,14.824
23,14.822
24,14.82
25,14.818
26,14.816
27,14.815
28,14.813
29,14.811
30,14.809
31,14.807
32,14.805
33,14.804
34,14.802
35,14.8
36,14.798
37,14.796
38,14.794
39,14.793
40,14.791
41,14.789
42,14.787
43,14.785
44,14.783
45,14.782
46,14.78
47,14.778
48,14.776
49,14.774
50,14.772
51,14.771
52,14.769
53,14.767
54,14.765
55,14.763
56,14.761
57,14.759
58,14.758
59,14.756
60,14.754
61,14.752
62,14.75
63,14.748
64,14.747
65,14.745
66,14.743
67,14.741
68,14.739
69,14.737
70,14.735
71,14.733
72,14.731
73,14.73
74,14.728
75,14.726
76,14.724
77,14.722
78,14.72
79,14.718
80,14.716
81,14.714
82,14.712
83,14.71
84,14.708
85,14.706
86,14.704
87,14.702
88,14.699
89,14.697
90,14.695
91,14.693
92,14.69
93,14.688
94,14.686
95,14.683
96,14.68
97,14.678
98,14.675
99,14.672
100,14.669
101,14.666
102,14.663
103,14.66
104,14.656
105,14.652
106,14.648
107,14.644
108,14.64
109,14.635
110,14.63
111,14.625
112,14.619
113,14.613
114,14.607
115,14.6
116,14.592
117,14.584
118,14.575
119,14.565
120,14.555
121,14.543
122,14.531
123,14.517
124,14.503
125,14.486
126,14.469
127,14.449
128,14.428
129,14.405
130,14.38
131,14.352
132,14.321
133,14.287
134,14.25
135,14.21
136,14.165
137,14.116
138,14.062
139,14.003
140,13.939
141,13.868
142,13.79
143,13.704
144,13.611
145,13.509
146,13.397
147,13.274
148,13.141
149,12.995
150,12.836
151,12.663
152,12.476
153,12.272
154,12.051
155,11.813
156,11.555
157,11.277
158,10.977
159,10.656
160,10.311
161,9.9425
162,9.5489
163,9.1295
164,8.6837
165,8.2108
166,7.7102
167,7.1815
168,6.6243
169,6.0383
170,5.4234
171,4.7794
172,4.1063
173,3.4043
174,2.6736
175,1.9143
176,1.1268
177,0.31148
178,-0.53122
179,-1.4008
180,-2.2968
181,-3.2185
182,-4.1655
183,-5.1371
184,-6.1326
185,-7.1515
186,-8.193
187,-9.2566
188,-10.342
189,-11.447
190,-12.573
191,-13.718
192,-14.882
193,-16.064
194,-17.264
195,-18.481
196,-19.715
197,-20.964
198,-22.229
199,-23.508
200,-24.802
