0,17.914
1,17.912
2,17.91
3,17.909
4,17.907
5,17.905
6,17.903
7,17.901
8,17.899
9,17.898
10,17.896
11,17.894
12,17.892
13,17.89
14,17.888
15,17.887
16,17.885
17,17.883
18,17.881
19,17.879
20,17.878
21,17.876
22,17.874
23,17.872
24,17.87
25,17.868
26,17.867
27,17.865
28,17.863
29,17.861
30,17.859
31,17.857
32,17.856
33,17.854
34,17.852
35,17.85
36,17.848
37,17.846
38,17.845
39,17.843
40,17.841
41,17.839
42,17.837
43,17.835
44,17.834
45,17.832
46,17.83
47,17.828
48,17.826
49,17.824
50,17.823
51,17.821
52,17.819
53,17.817
54,17.815
55,17.813
56,17.812
57,17.81
58,17.808
59,17.806
60,17.804
61,17.802
62,17.801
63,17.799
64,17.797
65,17.795
66,17.793
67,17.791
68,17.79
69,17.788
70,17.786
71,17.784
72,17.782
73,17.78
74,17.779
75,17.777
76,17.775
77,17.773
78,17.771
79,17.769
80,17.767
81,17.766
82,17.764
83,17.762
84,17.76
85,17.758
86,17.756
87,17.754
88,17.752
89,17.751
90,17.749
91,17.747
92,17.745
93,17.743
94,17.741
95,17.739
96,17.737
97,17.735
98,17.733
99,17.731
100,17.729
101,17.727
102,17.725
103,17.723
104,17.721
105,17.719
106,17.716
107,17.714
108,17.712
109,17.709
110,17.707
111,17.705
112,17.702
113,17.699
114,17.697
115,17.694
116,17.691
117,17.688
118,17.685
119,17.681
120,17.678
121,17.674
122,17.67
123,17.666
124,17.662
125,17.657
126,17.652
127,17.647
128,17.641
129,17.635
130,17.628
131,17.621
132,17.613
133,17.605
134,17.596
135,17.586
136,17.575
137,17.563
138,17.55
139,17.535
140,17.52
141,17.503
142,17.484
143,17.463
144,17.44
145,17.415
146,17.387
147,17.356
148,17.322
149,17.285
150,17.244
151,17.199
152,17.149
153,17.094
154,17.033
155,16.966
156,16.892
157,16.811
158,16.722
159,16.624
160,16.516
161,16.398
162,16.268
163,16.126
164,15.971
165,15.801
166,15.616
167,15.414
168,15.194
169,14.956
170,14.697
171,14.418
172,14.116
173,13.791
174,13.442
175,13.067
176,12.666
177,12.238
178,11.782
179,11.297
180,10.783
181,10.24
182,9.6666
183,9.0631
184,8.4293
185,7.7651
186,7.0706
187,6.346
188,5.5916
189,4.8076
190,3.9945
191,3.1528
192,2.283
193,1.3856
194,0.46135
195,-0.48918
196,-1.4653
197,-2.4663
198,-3.4916
199,-4.5403
200,-5.6118
