0,16.193
1,16.191
2,16.189
3,16.188
4,16.186
5,16.184
6,16.182
7,16.18
8,16.178
9,16.177
10,16.175
11,16.173
12,16.171
13,16.169
14,16.167
15,16.166
16,16.164
17,16.162
18,16.16
19,16.158
20,16.156
21,16.155
22,16.153
23,16.151
24,16.149
25,16.147
26,16.145
27,16.144
28,16.142
29,16.14
30,16.138
31,16.136
32,16.134
33,16.133
34,16.131
35,16.129
36,16.127
37,16.125
38,16.123
39,16.122
40,16.12
41,16.118
42,16.116
43,16.114
44,16.112
45,16.111
46,16.109
47,16.107
48,16.105
49,16.103
50,16.101
51,16.1
52,16.098
53,16.096
54,16.094
55,16.092
56,16.09
57,16.089
58,16.087
59,16.085
60,16.083
61,16.081
62,16.079
63,16.078
64,16.076
65,16.074
66,16.072
67,16.07
68,16.068
69,16.067
70,16.065
71,16.063
72,16.061
73,16.059
74,16.057
75,16.055
76,16.053
77,16.052
78,16.05
79,16.048
80,16.046
81,16.044
82,16.042
83,16.04
84,16.038
85,16.036
86,16.034
87,16.032
88,16.03
89,16.028
90,16.026
91,16.024
92,16.022
93,16.02
94,16.018
95,16.016
96,16.014
97,16.012
98,16.009
99,16.007
100,16.005
101,16.002
102,16
103,15.997
104,15.995
105,15.992
106,15.989
107,15.986
108,15.983
109,15.98
110,15.977
111,15.974
112,15.97
113,15.966
114,15.962
115,15.958
116,15.953
117,15.948
118,15.943
119,15.938
120,15.932
121,15.925
122,15.919
123,15.911
124,15.903
125,15.894
126,15.885
127,15.875
128,15.863
129,15.851
130,15.838
131,15.823
132,15.807
133,15.79
134,15.77
135,15.749
136,15.726
137,15.701
138,15.673
139,15.642
140,15.608
141,15.571
142,15.53
143,15.485
144,15.435
145,15.381
146,15.321
147,15.255
148,15.183
149,15.103
150,15.016
151,14.92
152,14.815
153,14.7
154,14.574
155,14.436
156,14.286
157,14.122
158,13.943
159,13.748
160,13.537
161,13.308
162,13.06
163,12.792
164,12.502
165,12.191
166,11.856
167,11.498
168,11.114
169,10.704
170,10.267
171,9.8031
172,9.311
173,8.7904
174,8.2407
175,7.6618
176,7.0534
177,6.4153
178,5.7476
179,5.0503
180,4.3237
181,3.5679
182,2.7833
183,1.9703
184,1.1293
185,0.26082
186,-0.63456
187,-1.5563
188,-2.5037
189,-3.4762
190,-4.4731
191,-5.4938
192,-6.5376
193,-7.6037
194,-8.6916
195,-9.8005
196,-10.93
197,-12.079
198,-13.247
199,-14.433
200,-15.638
