0,29.805
1,29.803
2,29.801
3,29.799
4,29.797
5,29.796
6,29.794
7,29.792
8,29.79
9,29.788
10,29.786
11,29.785
12,29.783
13,29.781
14,29.779
15,29.777
16,29.775
17,29.774
18,29.772
19,29.77
20,29.768
21,29.766
22,29.764
23,29.763
24,29.761
25,29.759
26,29.757
27,29.755
28,29.753
29,29.752
30,29.75
31,29.748
32,29.746
33,29.744
34,29.742
35,29.74
36,29.739
37,29.737
38,29.735
39,29.733
40,29.731
41,29.729
42,29.727
43,29.726
44,29.724
45,29.722
46,29.72
47,29.718
48,29.716
49,29.714
50,29.712
51,29.71
52,29.708
53,29.707
54,29.705
55,29.703
56,29.701
57,29.699
58,29.697
59,29.695
60,29.693
61,29.691
62,29.688
63,29.686
64,29.684
65,29.682
66,29.68
67,29.678
68,29.675
69,29.673
70,29.67
71,29.668
72,29.666
73,29.663
74,29.66
75,29.657
76,29.655
77,29.652
78,29.649
79,29.645
80,29.642
81,29.639
82,29.635
83,29.631
84,29.627
85,29.623
86,29.618
87,29.613
88,29.608
89,29.602
90,29.597
91,29.59
92,29.583
93,29.576
94,29.568
95,29.56
96,29.551
97,29.541
98,29.53
99,29.518
100,29.506
101,29.492
102,29.477
103,29.461
104,29.443
105,29.424
106,29.402
107,29.379
108,29.354
109,29.326
110,29.296
111,29.263
112,29.227
113,29.187
114,29.144
115,29.096
116,29.044
117,28.987
118,28.925
119,28.857
120,28.783
121,28.701
122,28.613
123,28.516
124,28.41
125,28.295
126,28.169
127,28.033
128,27.884
129,27.723
130,27.548
131,27.358
132,27.153
133,26.932
134,26.693
135,26.435
136,26.158
137,25.861
138,25.543
139,25.202
140,24.838
141,24.45
142,24.038
143,23.6
144,23.136
145,22.646
146,22.129
147,21.585
148,21.012
149,20.412
150,19.784
151,19.128
152,18.444
153,17.732
154,16.992
155,16.225
156,15.431
157,14.61
158,13.763
159,12.889
160,11.991
161,11.067
162,10.12
163,9.1482
164,8.1536
165,7.1364
166,6.0973
167,5.0369
168,3.9557
169,2.8545
170,1.7337
171,0.59393
172,-0.56415
173,-1.74
174,-2.9331
175,-4.1428
176,-5.3687
177,-6.6102
178,-7.8669
179,-9.1382
180,-10.424
181,-11.723
182,-13.035
183,-14.36
184,-15.698
185,-17.048
186,-18.409
187,-19.782
188,-21.165
189,-22.559
190,-23.964
191,-25.378
192,-26.802
193,-28.235
194,-29.677
195,-31.128
196,-32.587
197,-34.055
198,-35.531
199,-37.014
200,-38.505
