0,22.296
1,22.294
2,22.292
3,22.29
4,22.289
5,22.287
6,22.285
7,22.283
8,22.281
9,22.279
10,22.278
11,22.276
12,22.274
13,22.272
14,22.27
15,22.269
16,22.267
17,22.265
18,22.263
19,22.261
20,22.259
21,22.258
22,22.256
23,22.254
24,22.252
25,22.25
26,22.248
27,22.247
28,22.245
29,22.243
30,22.241
31,22.239
32,22.237
33,22.236
34,22.234
35,22.232
36,22.23
37,22.228
38,22.226
39,22.225
40,22.223
41,22.221
42,22.219
43,22.217
44,22.215
45,22.214
46,22.212
47,22.21
48,22.208
49,22.206
50,22.204
51,22.202
52,22.201
53,22.199
54,22.197
55,22.195
56,22.193
57,22.191
58,22.19
59,22.188
60,22.186
61,22.184
62,22.182
63,22.18
64,22.178
65,22.176
66,22.175
67,22.173
68,22.171
69,22.169
70,22.167
71,22.165
72,22.163
73,22.161
74,22.159
75,22.157
76,22.155
77,22.153
78,22.151
79,22.149
80,22.147
81,22.145
82,22.143
83,22.141
84,22.139
85,22.137
86,22.134
87,22.132
88,22.13
89,22.127
90,22.125
91,22.122
92,22.12
93,22.117
94,22.114
95,22.112
96,22.109
97,22.106
98,22.102
99,22.099
100,22.096
101,22.092
102,22.088
103,22.084
104,22.08
105,22.075
106,22.07
107,22.065
108,22.059
109,22.053
110,22.047
111,22.04
112,22.032
113,22.024
114,22.015
115,22.006
116,21.995
117,21.984
118,21.972
119,21.958
120,21.944
121,21.928
122,21.91
123,21.891
124,21.87
125,21.847
126,21.822
127,21.794
128,21.764
129,21.731
130,21.694
131,21.654
132,21.61
133,21.562
134,21.509
135,21.451
136,21.387
137,21.316
138,21.24
139,21.155
140,21.063
141,20.962
142,20.851
143,20.73
144,20.598
145,20.454
146,20.297
147,20.126
148,19.94
149,19.739
150,19.52
151,19.284
152,19.029
153,18.753
154,18.457
155,18.139
156,17.797
157,17.432
158,17.041
159,16.625
160,16.183
161,15.714
162,15.217
163,14.692
164,14.138
165,13.556
166,12.945
167,12.305
168,11.636
169,10.937
170,10.211
171,9.455
172,8.6712
173,7.8595
174,7.0204
175,6.1543
176,5.2618
177,4.3434
178,3.3997
179,2.4313
180,1.4389
181,0.42304
182,-0.61555
183,-1.6763
184,-2.7584
185,-3.8614
186,-4.9845
187,-6.1272
188,-7.2888
189,-8.4686
190,-9.6662
191,-10.881
192,-12.112
193,-13.359
194,-14.622
195,-15.9
196,-17.192
197,-18.498
198,-19.818
199,-21.15
200,-22.496
