0,26.326
1,26.324
2,26.322
3,26.32
4,26.318
5,26.317
6,26.315
7,26.313
8,26.311
9,26.309
10,26.307
11,26.306
12,26.304
13,26.302
14,26.3
15,26.298
16,26.296
17,26.295
18,26.293
19,26.291
20,26.289
21,26.287
22,26.285
23,26.284
24,26.282
25,26.28
26,26.278
27,26.276
28,26.274
29,26.273
30,26.271
31,26.269
32,26.267
33,26.265
34,26.263
35,26.261
36,26.26
37,26.258
38,26.256
39,26.254
40,26.252
41,26.25
42,26.248
43,26.247
44,26.245
45,26.243
46,26.241
47,26.239
48,26.237
49,26.235
50,26.233
51,26.231
52,26.23
53,26.228
54,26.226
55,26.224
56,26.222
57,26.22
58,26.218
59,26.216
60,26.214
61,26.212
62,26.21
63,26.207
64,26.205
65,26.203
66,26.201
67,26.199
68,26.196
69,26.194
70,26.192
71,26.189
72,26.187
73,26.184
74,26.182
75,26.179
76,26.176
77,26.173
78,26.17
79,26.167
80,26.164
81,26.16
82,26.157
83,26.153
84,26.149
85,26.145
86,26.14
87,26.135
88,26.13
89,26.125
90,26.119
91,26.113
92,26.107
93,26.1
94,26.092
95,26.084
96,26.075
97,26.066
98,26.055
99,26.044
100,26.032
101,26.019
102,26.004
103,25.989
104,25.972
105,25.953
106,25.933
107,25.911
108,25.887
109,25.86
110,25.832
111,25.8
112,25.766
113,25.728
114,25.686
115,25.641
116,25.592
117,25.538
118,25.478
119,25.414
120,25.343
121,25.266
122,25.181
123,25.089
124,24.988
125,24.879
126,24.759
127,24.629
128,24.488
129,24.334
130,24.167
131,23.986
132,23.791
133,23.579
134,23.351
135,23.105
136,22.84
137,22.555
138,22.25
139,21.923
140,21.574
141,21.201
142,20.804
143,20.383
144,19.936
145,19.462
146,18.963
147,18.436
148,17.882
149,17.3
150,16.69
151,16.052
152,15.387
153,14.693
154,13.972
155,13.223
156,12.447
157,11.645
158,10.815
159,9.9595
160,9.0783
161,8.1719
162,7.2409
163,6.2859
164,5.3074
165,4.306
166,3.2824
167,2.237
168,1.1705
169,0.083593
170,-1.0232
171,-2.1494
172,-3.2942
173,-4.4572
174,-5.6377
175,-6.8352
176,-8.0493
177,-9.2793
178,-10.525
179,-11.785
180,-13.06
181,-14.349
182,-15.651
183,-16.967
184,-18.295
185,-19.635
186,-20.988
187,-22.352
188,-23.727
189,-25.113
190,-26.509
191,-27.916
192,-29.332
193,-30.758
194,-32.193
195,-33.637
196,-35.089
197,-36.55
198,-38.02
199,-39.497
200,-40.982
