0,16.877
1,16.875
2,16.873
3,16.871
4,16.87
5,16.868
6,16.866
7,16.864
8,16.862
9,16.86
10,16.859
11,16.857
12,16.855
13,16.853
14,16.851
15,16.849
16,16.848
17,16.846
18,16.844
19,16.842
20,16.84
21,16.838
22,16.837
23,16.835
24,16.833
25,16.831
26,16.829
27,16.827
28,16.826
29,16.824
30,16.822
31,16.82
32,16.818
33,16.816
34,16.815
35,16.813
36,16.811
37,16.809
38,16.807
39,16.805
40,16.803
41,16.802
42,16.8
43,16.798
44,16.796
45,16.794
46,16.792
47,16.79
48,16.789
49,16.787
50,16.785
51,16.783
52,16.781
53,16.779
54,16.777
55,16.775
56,16.773
57,16.771
58,16.769
59,16.767
60,16.765
61,16.763
62,16.761
63,16.759
64,16.757
65,16.755
66,16.753
67,16.751
68,16.749
69,16.746
70,16.744
71,16.742
72,16.739
73,16.737
74,16.734
75,16.732
76,16.729
77,16.727
78,16.724
79,16.721
80,16.718
81,16.715
82,16.711
83,16.708
84,16.704
85,16.701
86,16.697
87,16.693
88,16.688
89,16.683
90,16.679
91,16.673
92,16.668
93,16.662
94,16.655
95,16.648
96,16.641
97,16.633
98,16.624
99,16.615
100,16.605
101,16.594
102,16.582
103,16.569
104,16.555
105,16.54
106,16.523
107,16.505
108,16.486
109,16.464
110,16.441
111,16.415
112,16.387
113,16.357
114,16.323
115,16.287
116,16.247
117,16.203
118,16.155
119,16.103
120,16.046
121,15.984
122,15.915
123,15.841
124,15.759
125,15.671
126,15.574
127,15.468
128,15.353
129,15.228
130,15.092
131,14.944
132,14.784
133,14.61
134,14.422
135,14.218
136,13.998
137,13.761
138,13.506
139,13.232
140,12.938
141,12.622
142,12.285
143,11.925
144,11.542
145,11.134
146,10.702
147,10.244
148,9.7593
149,9.2483
150,8.7102
151,8.1449
152,7.552
153,6.9313
154,6.2829
155,5.6068
156,4.903
157,4.1717
158,3.4131
159,2.6275
160,1.8154
161,0.97696
162,0.11276
163,-0.77677
164,-1.6911
165,-2.6297
166,-3.5921
167,-4.5776
168,-5.5856
169,-6.6156
170,-7.6671
171,-8.7393
172,-9.8317
173,-10.944
174,-12.075
175,-13.224
176,-14.391
177,-15.576
178,-16.778
179,-17.995
180,-19.229
181,-20.477
182,-21.741
183,-23.019
184,-24.31
185,-25.615
186,-26.933
187,-28.263
188,-29.606
189,-30.96
190,-32.326
191,-33.703
192,-35.09
193,-36.488
194,-37.896
195,-39.313
196,-40.74
197,-42.176
198,-43.621
199,-45.075
200,-46.536
