0,12.384
1,12.382
2,12.38
3,12.378
4,12.376
5,12.374
6,12.373
7,12.371
8,12.369
9,12.367
10,12.365
11,12.363
12,12.362
13,12.36
14,12.358
15,12.356
16,12.354
17,12.352
18,12.351
19,12.349
20,12.347
21,12.345
22,12.343
23,12.341
24,12.34
25,12.338
26,12.336
27,12.334
28,12.332
29,12.33
30,12.329
31,12.327
32,12.325
33,12.323
34,12.321
35,12.319
36,12.318
37,12.316
38,12.314
39,12.312
40,12.31
41,12.308
42,12.307
43,12.305
44,12.303
45,12.301
46,12.299
47,12.298
48,12.296
49,12.294
50,12.292
51,12.29
52,12.288
53,12.287
54,12.285
55,12.283
56,12.281
57,12.279
58,12.277
59,12.276
60,12.274
61,12.272
62,12.27
63,12.268
64,12.266
65,12.265
66,12.263
67,12.261
68,12.259
69,12.257
70,12.255
71,12.254
72,12.252
73,12.25
74,12.248
75,12.246
76,12.244
77,12.242
78,12.241
79,12.239
80,12.237
81,12.235
82,12.233
83,12.231
84,12.23
85,12.228
86,12.226
87,12.224
88,12.222
89,12.22
90,12.218
91,12.217
92,12.215
93,12.213
94,12.211
95,12.209
96,12.207
97,12.205
98,12.203
99,12.201
100,12.199
101,12.197
102,12.196
103,12.194
104,12.192
105,12.19
106,12.187
107,12.185
108,12.183
109,12.181
110,12.179
111,12.177
112,12.175
113,12.172
114,12.17
115,12.168
116,12.165
117,12.163
118,12.16
119,12.158
120,12.155
121,12.152
122,12.149
123,12.146
124,12.143
125,12.139
126,12.136
127,12.132
128,12.128
129,12.124
130,12.119
131,12.115
132,12.109
133,12.104
134,12.098
135,12.092
136,12.085
137,12.077
138,12.069
139,12.06
140,12.051
141,12.04
142,12.029
143,12.016
144,12.003
145,11.988
146,11.971
147,11.953
148,11.933
149,11.911
150,11.887
151,11.86
152,11.831
153,11.799
154,11.763
155,11.723
156,11.68
157,11.632
158,11.579
159,11.52
160,11.456
161,11.385
162,11.306
163,11.22
164,11.125
165,11.021
166,10.906
167,10.78
168,10.642
169,10.491
170,10.326
171,10.145
172,9.9483
173,9.7339
174,9.5009
175,9.2481
176,8.9743
177,8.6784
178,8.3593
179,8.016
180,7.6473
181,7.2524
182,6.8304
183,6.3804
184,5.9018
185,5.3939
186,4.8564
187,4.2887
188,3.6907
189,3.0622
190,2.4031
191,1.7135
192,0.99349
193,0.24341
194,-0.53645
195,-1.3457
196,-2.1838
197,-3.0503
198,-3.9446
199,-4.8661
200,-5.8141
