0,19.288
1,19.286
2,19.284
3,19.282
4,19.281
5,19.279
6,19.277
7,19.275
8,19.273
9,19.271
10,19.27
11,19.268
12,19.266
13,19.264
14,19.262
15,19.26
16,19.259
17,19.257
18,19.255
19,19.253
20,19.251
21,19.249
22,19.248
23,19.246
24,19.244
25,19.242
26,19.24
27,19.238
28,19.237
29,19.235
30,19.233
31,19.231
32,19.229
33,19.227
34,19.226
35,19.224
36,19.222
37,19.22
38,19.218
39,19.216
40,19.214
41,19.213
42,19.211
43,19.209
44,19.207
45,19.205
46,19.203
47,19.201
48,19.199
49,19.198
50,19.196
51,19.194
52,19.192
53,19.19
54,19.188
55,19.186
56,19.184
57,19.182
58,19.18
59,19.178
60,19.176
61,19.174
62,19.172
63,19.17
64,19.168
65,19.166
66,19.163
67,19.161
68,19.159
69,19.157
70,19.154
71,19.152
72,19.15
73,19.147
74,19.145
75,19.142
76,19.139
77,19.136
78,19.133
79,19.13
80,19.127
81,19.124
82,19.12
83,19.117
84,19.113
85,19.109
86,19.105
87,19.1
88,19.096
89,19.091
90,19.085
91,19.079
92,19.073
93,19.067
94,19.06
95,19.052
96,19.044
97,19.035
98,19.026
99,19.015
100,19.004
101,18.992
102,18.979
103,18.965
104,18.949
105,18.932
106,18.914
107,18.894
108,18.872
109,18.848
110,18.822
111,18.793
112,18.762
113,18.728
114,18.69
115,18.649
116,18.605
117,18.556
118,18.502
119,18.444
120,18.38
121,18.31
122,18.234
123,18.151
124,18.06
125,17.961
126,17.853
127,17.736
128,17.608
129,17.469
130,17.318
131,17.154
132,16.977
133,16.785
134,16.577
135,16.353
136,16.111
137,15.851
138,15.572
139,15.273
140,14.952
141,14.609
142,14.243
143,13.854
144,13.44
145,13.001
146,12.536
147,12.045
148,11.527
149,10.982
150,10.41
151,9.8097
152,9.182
153,8.5265
154,7.8433
155,7.1324
156,6.3942
157,5.6287
158,4.8363
159,4.0174
160,3.1724
161,2.3017
162,1.4058
163,0.48521
164,-0.45951
165,-1.4278
166,-2.4191
167,-3.4328
168,-4.4684
169,-5.5251
170,-6.6026
171,-7.7
172,-8.8169
173,-9.9527
174,-11.107
175,-12.279
176,-13.468
177,-14.673
178,-15.895
179,-17.132
180,-18.385
181,-19.652
182,-20.933
183,-22.228
184,-23.537
185,-24.858
186,-26.191
187,-27.537
188,-28.894
189,-30.263
190,-31.642
191,-33.032
192,-34.432
193,-35.843
194,-37.263
195,-38.692
196,-40.13
197,-41.577
198,-43.033
199,-44.497
200,-45.969
