0,26.196
1,26.194
2,26.192
3,26.19
4,26.188
5,26.187
6,26.185
7,26.183
8,26.181
9,26.179
10,26.177
11,26.176
12,26.174
13,26.172
14,26.17
15,26.168
16,26.166
17,26.165
18,26.163
19,26.161
20,26.159
21,26.157
22,26.155
23,26.154
24,26.152
25,26.15
26,26.148
27,26.146
28,26.144
29,26.143
30,26.141
31,26.139
32,26.137
33,26.135
34,26.133
35,26.132
36,26.13
37,26.128
38,26.126
39,26.124
40,26.122
41,26.121
42,26.119
43,26.117
44,26.115
45,26.113
46,26.111
47,26.11
48,26.108
49,26.106
50,26.104
51,26.102
52,26.1
53,26.099
54,26.097
55,26.095
56,26.093
57,26.091
58,26.089
59,26.087
60,26.086
61,26.084
62,26.082
63,26.08
64,26.078
65,26.076
66,26.074
67,26.072
68,26.071
69,26.069
70,26.067
71,26.065
72,26.063
73,26.061
74,26.059
75,26.057
76,26.055
77,26.053
78,26.051
79,26.049
80,26.047
81,26.045
82,26.043
83,26.041
84,26.038
85,26.036
86,26.034
87,26.032
88,26.029
89,26.027
90,26.024
91,26.022
92,26.019
93,26.016
94,26.014
95,26.011
96,26.008
97,26.005
98,26.001
99,25.998
100,25.994
101,25.99
102,25.986
103,25.982
104,25.978
105,25.973
106,25.968
107,25.962
108,25.956
109,25.95
110,25.943
111,25.936
112,25.928
113,25.919
114,25.91
115,25.9
116,25.889
117,25.877
118,25.864
119,25.849
120,25.834
121,25.817
122,25.798
123,25.778
124,25.755
125,25.731
126,25.704
127,25.674
128,25.642
129,25.606
130,25.567
131,25.524
132,25.476
133,25.424
134,25.367
135,25.305
136,25.236
137,25.16
138,25.078
139,24.987
140,24.888
141,24.779
142,24.66
143,24.531
144,24.389
145,24.234
146,24.066
147,23.883
148,23.685
149,23.469
150,23.236
151,22.984
152,22.712
153,22.419
154,22.104
155,21.767
156,21.405
157,21.018
158,20.606
159,20.168
160,19.702
161,19.209
162,18.688
163,18.138
164,17.56
165,16.952
166,16.315
167,15.65
168,14.955
169,14.231
170,13.478
171,12.697
172,11.889
173,11.052
174,10.189
175,9.2984
176,8.3822
177,7.4406
178,6.4742
179,5.4836
180,4.4695
181,3.4325
182,2.3732
183,1.2924
184,0.19069
185,-0.93131
186,-2.0729
187,-3.2336
188,-4.4126
189,-5.6094
190,-6.8234
191,-8.0541
192,-9.3008
193,-10.563
194,-11.84
195,-13.132
196,-14.438
197,-15.757
198,-17.09
199,-18.435
200,-19.792
