0,20.164
1,20.163
2,20.161
3,20.159
4,20.157
5,20.155
6,20.154
7,20.152
8,20.15
9,20.148
10,20.146
11,20.144
12,20.143
13,20.141
14,20.139
15,20.137
16,20.135
17,20.133
18,20.132
19,20.13
20,20.128
21,20.126
22,20.124
23,20.122
24,20.121
25,20.119
26,20.117
27,20.115
28,20.113
29,20.111
30,20.11
31,20.108
32,20.106
33,20.104
34,20.102
35,20.1
36,20.099
37,20.097
38,20.095
39,20.093
40,20.091
41,20.089
42,20.088
43,20.086
44,20.084
45,20.082
46,20.08
47,20.078
48,20.077
49,20.075
50,20.073
51,20.071
52,20.069
53,20.067
54,20.065
55,20.064
56,20.062
57,20.06
58,20.058
59,20.056
60,20.054
61,20.052
62,20.051
63,20.049
64,20.047
65,20.045
66,20.043
67,20.041
68,20.039
69,20.037
70,20.035
71,20.033
72,20.031
73,20.03
74,20.028
75,20.026
76,20.024
77,20.022
78,20.019
79,20.017
80,20.015
81,20.013
82,20.011
83,20.009
84,20.007
85,20.004
86,20.002
87,20
88,19.997
89,19.995
90,19.992
91,19.99
92,19.987
93,19.984
94,19.981
95,19.978
96,19.975
97,19.972
98,19.968
99,19.965
100,19.961
101,19.957
102,19.953
103,19.948
104,19.943
105,19.938
106,19.933
107,19.927
108,19.921
109,19.914
110,19.907
111,19.899
112,19.89
113,19.881
114,19.871
115,19.86
116,19.848
117,19.836
118,19.822
119,19.806
120,19.79
121,19.771
122,19.751
123,19.73
124,19.706
125,19.679
126,19.651
127,19.619
128,19.584
129,19.546
130,19.505
131,19.459
132,19.409
133,19.353
134,19.293
135,19.227
136,19.154
137,19.074
138,18.987
139,18.891
140,18.787
141,18.673
142,18.548
143,18.412
144,18.264
145,18.102
146,17.927
147,17.736
148,17.53
149,17.306
150,17.064
151,16.803
152,16.522
153,16.22
154,15.895
155,15.547
156,15.176
157,14.779
158,14.357
159,13.908
160,13.433
161,12.93
162,12.399
163,11.839
164,11.251
165,10.634
166,9.9886
167,9.3141
168,8.6109
169,7.879
170,7.1188
171,6.3306
172,5.5148
173,4.6718
174,3.8021
175,2.9062
176,1.9846
177,1.038
178,0.066925
179,-0.92796
180,-1.946
181,-2.9867
182,-4.0492
183,-5.133
184,-6.2374
185,-7.3618
186,-8.5056
187,-9.6682
188,-10.849
189,-12.047
190,-13.262
191,-14.494
192,-15.742
193,-17.004
194,-18.282
195,-19.574
196,-20.88
197,-22.2
198,-23.532
199,-24.877
200,-26.234
