0,14.253
1,14.251
2,14.249
3,14.248
4,14.246
5,14.244
6,14.242
7,14.24
8,14.238
9,14.237
10,14.235
11,14.233
12,14.231
13,14.229
14,14.227
15,14.226
16,14.224
17,14.222
18,14.22
19,14.218
20,14.216
21,14.215
22,14.213
23,14.211
24,14.209
25,14.207
26,14.205
27,14.204
28,14.202
29,14.2
30,14.198
31,14.196
32,14.194
33,14.193
34,14.191
35,14.189
36,14.187
37,14.185
38,14.183
39,14.182
40,14.18
41,14.178
42,14.176
43,14.174
44,14.172
45,14.17
46,14.169
47,14.167
48,14.165
49,14.163
50,14.161
51,14.159
52,14.157
53,14.156
54,14.154
55,14.152
56,14.15
57,14.148
58,14.146
59,14.144
60,14.142
61,14.14
62,14.138
63,14.136
64,14.135
65,14.133
66,14.131
67,14.129
68,14.127
69,14.125
70,14.122
71,14.12
72,14.118
73,14.116
74,14.114
75,14.112
76,14.11
77,14.107
78,14.105
79,14.103
80,14.1
81,14.098
82,14.095
83,14.093
84,14.09
85,14.087
86,14.084
87,14.081
88,14.078
89,14.075
90,14.071
91,14.068
92,14.064
93,14.06
94,14.056
95,14.051
96,14.046
97,14.041
98,14.036
99,14.03
100,14.024
101,14.018
102,14.011
103,14.003
104,13.995
105,13.986
106,13.976
107,13.966
108,13.955
109,13.943
110,13.929
111,13.915
112,13.899
113,13.882
114,13.863
115,13.843
116,13.82
117,13.796
118,13.769
119,13.74
120,13.708
121,13.673
122,13.634
123,13.592
124,13.547
125,13.496
126,13.441
127,13.381
128,13.315
129,13.243
130,13.164
131,13.078
132,12.984
133,12.881
134,12.769
135,12.647
136,12.514
137,12.369
138,12.212
139,12.041
140,11.856
141,11.656
142,11.44
143,11.206
144,10.954
145,10.683
146,10.392
147,10.079
148,9.7451
149,9.3878
150,9.0068
151,8.6012
152,8.1705
153,7.7138
154,7.2307
155,6.7206
156,6.1832
157,5.6181
158,5.025
159,4.4039
160,3.7547
161,3.0774
162,2.3721
163,1.6389
164,0.87817
165,0.09012
166,-0.72486
167,-1.5664
168,-2.4339
169,-3.3271
170,-4.2453
171,-5.1879
172,-6.1546
173,-7.1445
174,-8.1572
175,-9.192
176,-10.248
177,-11.326
178,-12.423
179,-13.54
180,-14.677
181,-15.832
182,-17.004
183,-18.194
184,-19.401
185,-20.625
186,-21.864
187,-23.118
188,-24.387
189,-25.67
190,-26.967
191,-28.278
192,-29.601
193,-30.937
194,-32.285
195,-33.645
196,-35.016
197,-36.398
198,-37.791
199,-39.194
200,-40.607
