0,11.959
1,11.957
2,11.955
3,11.953
4,11.952
5,11.95
6,11.948
7,11.946
8,11.944
9,11.942
10,11.941
11,11.939
12,11.937
13,11.935
14,11.933
15,11.931
16,11.93
17,11.928
18,11.926
19,11.924
20,11.922
21,11.92
22,11.919
23,11.917
24,11.915
25,11.913
26,11.911
27,11.909
28,11.908
29,11.906
30,11.904
31,11.902
32,11.9
33,11.899
34,11.897
35,11.895
36,11.893
37,11.891
38,11.889
39,11.888
40,11.886
41,11.884
42,11.882
43,11.88
44,11.878
45,11.877
46,11.875
47,11.873
48,11.871
49,11.869
50,11.867
51,11.866
52,11.864
53,11.862
54,11.86
55,11.858
56,11.856
57,11.854
58,11.853
59,11.851
60,11.849
61,11.847
62,11.845
63,11.843
64,11.842
65,11.84
66,11.838
67,11.836
68,11.834
69,11.832
70,11.83
71,11.829
72,11.827
73,11.825
74,11.823
75,11.821
76,11.819
77,11.817
78,11.815
79,11.813
80,11.811
81,11.809
82,11.807
83,11.805
84,11.803
85,11.801
86,11.799
87,11.797
88,11.795
89,11.793
90,11.791
91,11.789
92,11.787
93,11.784
94,11.782
95,11.78
96,11.777
97,11.775
98,11.772
99,11.77
100,11.767
101,11.764
102,11.762
103,11.759
104,11.756
105,11.752
106,11.749
107,11.745
108,11.742
109,11.738
110,11.733
111,11.729
112,11.724
113,11.719
114,11.714
115,11.708
116,11.702
117,11.696
118,11.688
119,11.681
120,11.672
121,11.663
122,11.654
123,11.643
124,11.631
125,11.619
126,11.605
127,11.59
128,11.574
129,11.556
130,11.536
131,11.514
132,11.491
133,11.465
134,11.436
135,11.405
136,11.371
137,11.333
138,11.291
139,11.246
140,11.196
141,11.141
142,11.081
143,11.014
144,10.942
145,10.862
146,10.775
147,10.679
148,10.575
149,10.46
150,10.335
151,10.198
152,10.049
153,9.8866
154,9.7098
155,9.5178
156,9.3094
157,9.0836
158,8.8395
159,8.5758
160,8.2916
161,7.9859
162,7.6576
163,7.3057
164,6.9295
165,6.528
166,6.1004
167,5.6461
168,5.1644
169,4.6547
170,4.1168
171,3.5501
172,2.9544
173,2.3297
174,1.6758
175,0.99285
176,0.28087
177,-0.4599
178,-1.2292
179,-2.0266
180,-2.8519
181,-3.7044
182,-4.5837
183,-5.4893
184,-6.4205
185,-7.3768
186,-8.3576
187,-9.3621
188,-10.39
189,-11.44
190,-12.512
191,-13.605
192,-14.719
193,-15.853
194,-17.006
195,-18.177
196,-19.367
197,-20.574
198,-21.798
199,-23.038
200,-24.294
