0,23.578
1,23.576
2,23.574
3,23.572
4,23.57
5,23.568
6,23.567
7,23.565
8,23.563
9,23.561
10,23.559
11,23.557
12,23.556
13,23.554
14,23.552
15,23.55
16,23.548
17,23.546
18,23.545
19,23.543
20,23.541
21,23.539
22,23.537
23,23.535
24,23.534
25,23.532
26,23.53
27,23.528
28,23.526
29,23.524
30,23.523
31,23.521
32,23.519
33,23.517
34,23.515
35,23.513
36,23.512
37,23.51
38,23.508
39,23.506
40,23.504
41,23.502
42,23.5
43,23.499
44,23.497
45,23.495
46,23.493
47,23.491
48,23.489
49,23.487
50,23.486
51,23.484
52,23.482
53,23.48
54,23.478
55,23.476
56,23.474
57,23.472
58,23.471
59,23.469
60,23.467
61,23.465
62,23.463
63,23.461
64,23.459
65,23.457
66,23.455
67,23.453
68,23.451
69,23.449
70,23.447
71,23.444
72,23.442
73,23.44
74,23.438
75,23.436
76,23.433
77,23.431
78,23.428
79,23.426
80,23.423
81,23.421
82,23.418
83,23.415
84,23.412
85,23.409
86,23.406
87,23.403
88,23.399
89,23.396
90,23.392
91,23.388
92,23.384
93,23.379
94,23.374
95,23.369
96,23.364
97,23.358
98,23.352
99,23.345
100,23.338
101,23.33
102,23.322
103,23.313
104,23.303
105,23.293
106,23.281
107,23.269
108,23.255
109,23.241
110,23.224
111,23.207
112,23.188
113,23.167
114,23.144
115,23.119
116,23.091
117,23.061
118,23.029
119,22.993
120,22.953
121,22.91
122,22.863
123,22.811
124,22.754
125,22.692
126,22.624
127,22.549
128,22.468
129,22.379
130,22.281
131,22.175
132,22.059
133,21.933
134,21.795
135,21.646
136,21.483
137,21.307
138,21.115
139,20.908
140,20.684
141,20.443
142,20.182
143,19.902
144,19.601
145,19.278
146,18.933
147,18.564
148,18.171
149,17.753
150,17.31
151,16.84
152,16.343
153,15.818
154,15.266
155,14.686
156,14.078
157,13.441
158,12.776
159,12.083
160,11.362
161,10.613
162,9.8364
163,9.0325
164,8.2017
165,7.3445
166,6.4613
167,5.5527
168,4.6193
169,3.6616
170,2.6801
171,1.6756
172,0.6485
173,-0.40041
174,-1.4706
175,-2.5614
176,-3.6722
177,-4.8025
178,-5.9515
179,-7.1188
180,-8.3038
181,-9.5058
182,-10.724
183,-11.959
184,-13.209
185,-14.474
186,-15.754
187,-17.047
188,-18.355
189,-19.675
190,-21.008
191,-22.353
192,-23.71
193,-25.079
194,-26.459
195,-27.849
196,-29.25
197,-30.662
198,-32.083
199,-33.513
200,-34.953
