0,14.172
1,14.17
2,14.168
3,14.166
4,14.165
5,14.163
6,14.161
7,14.159
8,14.157
9,14.155
10,14.154
11,14.152
12,14.15
13,14.148
14,14.146
15,14.144
16,14.143
17,14.141
18,14.139
19,14.137
20,14.135
21,14.133
22,14.132
23,14.13
24,14.128
25,14.126
26,14.124
27,14.122
28,14.121
29,14.119
30,14.117
31,14.115
32,14.113
33,14.111
34,14.11
35,14.108
36,14.106
37,14.104
38,14.102
39,14.1
40,14.099
41,14.097
42,14.095
43,14.093
44,14.091
45,14.089
46,14.088
47,14.086
48,14.084
49,14.082
50,14.08
51,14.078
52,14.077
53,14.075
54,14.073
55,14.071
56,14.069
57,14.067
58,14.066
59,14.064
60,14.062
61,14.06
62,14.058
63,14.056
64,14.055
65,14.053
66,14.051
67,14.049
68,14.047
69,14.045
70,14.044
71,14.042
72,14.04
73,14.038
74,14.036
75,14.034
76,14.033
77,14.031
78,14.029
79,14.027
80,14.025
81,14.023
82,14.021
83,14.02
84,14.018
85,14.016
86,14.014
87,14.012
88,14.01
89,14.008
90,14.006
91,14.005
92,14.003
93,14.001
94,13.999
95,13.997
96,13.995
97,13.993
98,13.991
99,13.989
100,13.987
101,13.985
102,13.983
103,13.981
104,13.979
105,13.976
106,13.974
107,13.972
108,13.97
109,13.967
110,13.965
111,13.963
112,13.96
113,13.958
114,13.955
115,13.952
116,13.949
117,13.946
118,13.943
119,13.94
120,13.937
121,13.933
122,13.929
123,13.925
124,13.921
125,13.917
126,13.912
127,13.907
128,13.901
129,13.895
130,13.889
131,13.882
132,13.875
133,13.867
134,13.858
135,13.848
136,13.838
137,13.827
138,13.814
139,13.801
140,13.786
141,13.77
142,13.752
143,13.733
144,13.711
145,13.687
146,13.661
147,13.633
148,13.601
149,13.566
150,13.528
151,13.485
152,13.439
153,13.387
154,13.33
155,13.268
156,13.199
157,13.123
158,13.04
159,12.948
160,12.847
161,12.737
162,12.615
163,12.482
164,12.337
165,12.178
166,12.004
167,11.814
168,11.608
169,11.384
170,11.14
171,10.877
172,10.592
173,10.285
174,9.9541
175,9.5989
176,9.2181
177,8.811
178,8.3767
179,7.9144
180,7.4235
181,6.9034
182,6.3538
183,5.7743
184,5.1646
185,4.5248
186,3.8546
187,3.1544
188,2.4241
189,1.6642
190,0.87487
191,0.05664
192,-0.79004
193,-1.6646
194,-2.5666
195,-3.4952
196,-4.4499
197,-5.43
198,-6.4349
199,-7.4637
200,-8.5158
