0,13.721
1,13.719
2,13.717
3,13.715
4,13.713
5,13.711
6,13.71
7,13.708
8,13.706
9,13.704
10,13.702
11,13.7
12,13.699
13,13.697
14,13.695
15,13.693
16,13.691
17,13.689
18,13.688
19,13.686
20,13.684
21,13.682
22,13.68
23,13.678
24,13.677
25,13.675
26,13.673
27,13.671
28,13.669
29,13.667
30,13.666
31,13.664
32,13.662
33,13.66
34,13.658
35,13.657
36,13.655
37,13.653
38,13.651
39,13.649
40,13.647
41,13.646
42,13.644
43,13.642
44,13.64
45,13.638
46,13.636
47,13.635
48,13.633
49,13.631
50,13.629
51,13.627
52,13.625
53,13.623
54,13.622
55,13.62
56,13.618
57,13.616
58,13.614
59,13.612
60,13.611
61,13.609
62,13.607
63,13.605
64,13.603
65,13.601
66,13.599
67,13.598
68,13.596
69,13.594
70,13.592
71,13.59
72,13.588
73,13.586
74,13.584
75,13.582
76,13.581
77,13.579
78,13.577
79,13.575
80,13.573
81,13.571
82,13.569
83,13.567
84,13.565
85,13.563
86,13.561
87,13.558
88,13.556
89,13.554
90,13.552
91,13.55
92,13.547
93,13.545
94,13.543
95,13.54
96,13.538
97,13.535
98,13.532
99,13.529
100,13.527
101,13.524
102,13.52
103,13.517
104,13.514
105,13.51
106,13.506
107,13.502
108,13.498
109,13.494
110,13.489
111,13.484
112,13.478
113,13.472
114,13.466
115,13.459
116,13.452
117,13.444
118,13.436
119,13.427
120,13.417
121,13.406
122,13.394
123,13.381
124,13.367
125,13.352
126,13.335
127,13.317
128,13.297
129,13.275
130,13.251
131,13.224
132,13.195
133,13.163
134,13.128
135,13.09
136,13.048
137,13.001
138,12.951
139,12.895
140,12.833
141,12.766
142,12.693
143,12.612
144,12.523
145,12.426
146,12.32
147,12.204
148,12.077
149,11.939
150,11.788
151,11.624
152,11.445
153,11.251
154,11.04
155,10.812
156,10.566
157,10.3
158,10.013
159,9.7054
160,9.3746
161,9.0204
162,8.6417
163,8.2378
164,7.8078
165,7.3511
166,6.867
167,6.3551
168,5.8149
169,5.2461
170,4.6484
171,4.0217
172,3.3659
173,2.6811
174,1.9674
175,1.2251
176,0.45435
177,-0.34445
178,-1.1709
179,-2.0246
180,-2.9049
181,-3.8114
182,-4.7434
183,-5.7004
184,-6.6818
185,-7.6869
186,-8.715
187,-9.7655
188,-10.838
189,-11.931
190,-13.045
191,-14.179
192,-15.332
193,-16.503
194,-17.693
195,-18.899
196,-20.123
197,-21.363
198,-22.619
199,-23.889
200,-25.175
