0,24.106
1,24.104
2,24.102
3,24.1
4,24.098
5,24.097
6,24.095
7,24.093
8,24.091
9,24.089
10,24.087
11,24.086
12,24.084
13,24.082
14,24.08
15,24.078
16,24.076
17,24.075
18,24.073
19,24.071
20,24.069
21,24.067
22,24.065
23,24.064
24,24.062
25,24.06
26,24.058
27,24.056
28,24.055
29,24.053
30,24.051
31,24.049
32,24.047
33,24.045
34,24.044
35,24.042
36,24.04
37,24.038
38,24.036
39,24.034
40,24.033
41,24.031
42,24.029
43,24.027
44,24.025
45,24.023
46,24.022
47,24.02
48,24.018
49,24.016
50,24.014
51,24.012
52,24.011
53,24.009
54,24.007
55,24.005
56,24.003
57,24.001
58,23.999
59,23.998
60,23.996
61,23.994
62,23.992
63,23.99
64,23.988
65,23.987
66,23.985
67,23.983
68,23.981
69,23.979
70,23.977
71,23.975
72,23.973
73,23.972
74,23.97
75,23.968
76,23.966
77,23.964
78,23.962
79,23.96
80,23.958
81,23.956
82,23.954
83,23.952
84,23.95
85,23.948
86,23.946
87,23.944
88,23.942
89,23.94
90,23.938
91,23.936
92,23.933
93,23.931
94,23.929
95,23.926
96,23.924
97,23.921
98,23.919
99,23.916
100,23.913
101,23.911
102,23.908
103,23.905
104,23.901
105,23.898
106,23.895
107,23.891
108,23.887
109,23.883
110,23.878
111,23.874
112,23.869
113,23.863
114,23.858
115,23.852
116,23.845
117,23.838
118,23.83
119,23.822
120,23.813
121,23.803
122,23.792
123,23.781
124,23.768
125,23.754
126,23.739
127,23.722
128,23.704
129,23.684
130,23.662
131,23.638
132,23.612
133,23.583
134,23.551
135,23.516
136,23.477
137,23.435
138,23.388
139,23.336
140,23.28
141,23.218
142,23.15
143,23.075
144,22.992
145,22.902
146,22.803
147,22.695
148,22.576
149,22.446
150,22.304
151,22.149
152,21.98
153,21.796
154,21.596
155,21.38
156,21.144
157,20.89
158,20.615
159,20.319
160,20.001
161,19.659
162,19.293
163,18.901
164,18.484
165,18.039
166,17.567
167,17.067
168,16.538
169,15.981
170,15.394
171,14.777
172,14.131
173,13.456
174,12.751
175,12.017
176,11.254
177,10.462
178,9.642
179,8.7943
180,7.9193
181,7.0177
182,6.0899
183,5.1367
184,4.1586
185,3.1563
186,2.1305
187,1.0819
188,0.011067
189,-1.0813
190,-2.1944
191,-3.3277
192,-4.4806
193,-5.6523
194,-6.8424
195,-8.05
196,-9.2748
197,-10.516
198,-11.773
199,-13.046
200,-14.333
