0,13.88
1,13.878
2,13.877
3,13.875
4,13.873
5,13.871
6,13.869
7,13.868
8,13.866
9,13.864
10,13.862
11,13.86
12,13.858
13,13.857
14,13.855
15,13.853
16,13.851
17,13.849
18,13.847
19,13.846
20,13.844
21,13.842
22,13.84
23,13.838
24,13.836
25,13.835
26,13.833
27,13.831
28,13.829
29,13.827
30,13.825
31,13.824
32,13.822
33,13.82
34,13.818
35,13.816
36,13.814
37,13.813
38,13.811
39,13.809
40,13.807
41,13.805
42,13.803
43,13.802
44,13.8
45,13.798
46,13.796
47,13.794
48,13.792
49,13.791
50,13.789
51,13.787
52,13.785
53,13.783
54,13.781
55,13.779
56,13.778
57,13.776
58,13.774
59,13.772
60,13.77
61,13.768
62,13.766
63,13.765
64,13.763
65,13.761
66,13.759
67,13.757
68,13.755
69,13.753
70,13.751
71,13.749
72,13.748
73,13.746
74,13.744
75,13.742
76,13.74
77,13.738
78,13.736
79,13.734
80,13.732
81,13.73
82,13.727
83,13.725
84,13.723
85,13.721
86,13.719
87,13.716
88,13.714
89,13.712
90,13.709
91,13.707
92,13.704
93,13.702
94,13.699
95,13.696
96,13.693
97,13.69
98,13.687
99,13.684
100,13.68
101,13.677
102,13.673
103,13.669
104,13.664
105,13.66
106,13.655
107,13.65
108,13.644
109,13.639
110,13.632
111,13.625
112,13.618
113,13.61
114,13.602
115,13.593
116,13.583
117,13.572
118,13.56
119,13.547
120,13.533
121,13.518
122,13.501
123,13.483
124,13.463
125,13.441
126,13.417
127,13.39
128,13.362
129,13.33
130,13.295
131,13.257
132,13.216
133,13.17
134,13.12
135,13.065
136,13.004
137,12.938
138,12.865
139,12.786
140,12.699
141,12.604
142,12.5
143,12.386
144,12.262
145,12.126
146,11.978
147,11.818
148,11.643
149,11.453
150,11.248
151,11.025
152,10.785
153,10.525
154,10.245
155,9.9447
156,9.622
157,9.2764
158,8.9068
159,8.5126
160,8.0928
161,7.6468
162,7.174
163,6.6738
164,6.1457
165,5.5895
166,5.0047
167,4.3913
168,3.7491
169,3.0782
170,2.3786
171,1.6504
172,0.89404
173,0.10968
174,-0.70228
175,-1.5414
176,-2.4073
177,-3.2993
178,-4.2169
179,-5.1597
180,-6.1268
181,-7.1179
182,-8.1321
183,-9.169
184,-10.228
185,-11.308
186,-12.409
187,-13.529
188,-14.67
189,-15.829
190,-17.006
191,-18.201
192,-19.413
193,-20.641
194,-21.885
195,-23.145
196,-24.42
197,-25.709
198,-27.012
199,-28.328
200,-29.658
