0,14.345
1,14.343
2,14.341
3,14.339
4,14.338
5,14.336
6,14.334
7,14.332
8,14.33
9,14.328
10,14.327
11,14.325
12,14.323
13,14.321
14,14.319
15,14.317
16,14.316
17,14.314
18,14.312
19,14.31
20,14.308
21,14.306
22,14.305
23,14.303
24,14.301
25,14.299
26,14.297
27,14.295
28,14.294
29,14.292
30,14.29
31,14.288
32,14.286
33,14.284
34,14.283
35,14.281
36,14.279
37,14.277
38,14.275
39,14.273
40,14.272
41,14.27
42,14.268
43,14.266
44,14.264
45,14.262
46,14.261
47,14.259
48,14.257
49,14.255
50,14.253
51,14.251
52,14.25
53,14.248
54,14.246
55,14.244
56,14.242
57,14.24
58,14.239
59,14.237
60,14.235
61,14.233
62,14.231
63,14.229
64,14.228
65,14.226
66,14.224
67,14.222
68,14.22
69,14.218
70,14.217
71,14.215
72,14.213
73,14.211
74,14.209
75,14.207
76,14.205
77,14.204
78,14.202
79,14.2
80,14.198
81,14.196
82,14.194
83,14.192
84,14.191
85,14.189
86,14.187
87,14.185
88,14.183
89,14.181
90,14.179
91,14.177
92,14.175
93,14.173
94,14.171
95,14.169
96,14.167
97,14.165
98,14.163
99,14.161
100,14.159
101,14.157
102,14.154
103,14.152
104,14.15
105,14.148
106,14.145
107,14.143
108,14.14
109,14.138
110,14.135
111,14.132
112,14.129
113,14.126
114,14.123
115,14.12
116,14.116
117,14.113
118,14.109
119,14.105
120,14.101
121,14.096
122,14.091
123,14.086
124,14.081
125,14.075
126,14.068
127,14.062
128,14.054
129,14.046
130,14.037
131,14.028
132,14.017
133,14.006
134,13.994
135,13.98
136,13.965
137,13.949
138,13.931
139,13.912
140,13.89
141,13.867
142,13.841
143,13.812
144,13.781
145,13.747
146,13.709
147,13.667
148,13.62
149,13.57
150,13.514
151,13.452
152,13.384
153,13.31
154,13.228
155,13.138
156,13.039
157,12.931
158,12.812
159,12.682
160,12.539
161,12.384
162,12.214
163,12.029
164,11.828
165,11.609
166,11.372
167,11.115
168,10.837
169,10.538
170,10.215
171,9.8689
172,9.4978
173,9.1008
174,8.6772
175,8.2262
176,7.7472
177,7.2395
178,6.7027
179,6.1364
180,5.5404
181,4.9145
182,4.2587
183,3.573
184,2.8575
185,2.1125
186,1.3382
187,0.53509
188,-0.29646
189,-1.1559
190,-2.0428
191,-2.9564
192,-3.8962
193,-4.8615
194,-5.8517
195,-6.8661
196,-7.904
197,-8.9646
198,-10.047
199,-11.152
200,-12.276
