0,29.209
1,29.207
2,29.205
3,29.203
4,29.201
5,29.199
6,29.198
7,29.196
8,29.194
9,29.192
10,29.19
11,29.188
12,29.187
13,29.185
14,29.183
15,29.181
16,29.179
17,29.177
18,29.176
19,29.174
20,29.172
21,29.17
22,29.168
23,29.166
24,29.165
25,29.163
26,29.161
27,29.159
28,29.157
29,29.155
30,29.154
31,29.152
32,29.15
33,29.148
34,29.146
35,29.144
36,29.142
37,29.141
38,29.139
39,29.137
40,29.135
41,29.133
42,29.131
43,29.129
44,29.128
45,29.126
46,29.124
47,29.122
48,29.12
49,29.118
50,29.116
51,29.114
52,29.112
53,29.11
54,29.109
55,29.107
56,29.105
57,29.103
58,29.101
59,29.099
60,29.097
61,29.095
62,29.092
63,29.09
64,29.088
65,29.086
66,29.084
67,29.082
68,29.079
69,29.077
70,29.075
71,29.072
72,29.07
73,29.067
74,29.064
75,29.062
76,29.059
77,29.056
78,29.053
79,29.05
80,29.046
81,29.043
82,29.039
83,29.036
84,29.031
85,29.027
86,29.023
87,29.018
88,29.013
89,29.008
90,29.002
91,28.996
92,28.989
93,28.982
94,28.974
95,28.966
96,28.957
97,28.947
98,28.937
99,28.925
100,28.913
101,28.9
102,28.885
103,28.869
104,28.852
105,28.833
106,28.813
107,28.79
108,28.765
109,28.739
110,28.709
111,28.677
112,28.642
113,28.603
114,28.561
115,28.515
116,28.464
117,28.409
118,28.348
119,28.282
120,28.21
121,28.131
122,28.044
123,27.95
124,27.847
125,27.735
126,27.613
127,27.48
128,27.335
129,27.178
130,27.007
131,26.822
132,26.622
133,26.406
134,26.172
135,25.92
136,25.65
137,25.359
138,25.047
139,24.713
140,24.357
141,23.976
142,23.572
143,23.142
144,22.686
145,22.205
146,21.696
147,21.16
148,20.596
149,20.005
150,19.385
151,18.738
152,18.063
153,17.359
154,16.628
155,15.87
156,15.084
157,14.271
158,13.432
159,12.566
160,11.676
161,10.76
162,9.8196
163,8.8555
164,7.868
165,6.8577
166,5.8254
167,4.7715
168,3.6967
169,2.6016
170,1.4868
171,0.35287
172,-0.79957
173,-1.97
174,-3.1578
175,-4.3624
176,-5.5833
177,-6.8201
178,-8.0721
179,-9.3389
180,-10.62
181,-11.915
182,-13.223
183,-14.545
184,-15.878
185,-17.224
186,-18.582
187,-19.951
188,-21.331
189,-22.722
190,-24.123
191,-25.535
192,-26.955
193,-28.386
194,-29.825
195,-31.273
196,-32.73
197,-34.195
198,-35.669
199,-37.15
200,-38.638
