0,25.992
1,25.99
2,25.988
3,25.986
4,25.984
5,25.983
6,25.981
7,25.979
8,25.977
9,25.975
10,25.973
11,25.972
12,25.97
13,25.968
14,25.966
15,25.964
16,25.962
17,25.961
18,25.959
19,25.957
20,25.955
21,25.953
22,25.951
23,25.95
24,25.948
25,25.946
26,25.944
27,25.942
28,25.94
29,25.939
30,25.937
31,25.935
32,25.933
33,25.931
34,25.929
35,25.928
36,25.926
37,25.924
38,25.922
39,25.92
40,25.918
41,25.917
42,25.915
43,25.913
44,25.911
45,25.909
46,25.907
47,25.906
48,25.904
49,25.902
50,25.9
51,25.898
52,25.896
53,25.895
54,25.893
55,25.891
56,25.889
57,25.887
58,25.885
59,25.883
60,25.882
61,25.88
62,25.878
63,25.876
64,25.874
65,25.872
66,25.87
67,25.869
68,25.867
69,25.865
70,25.863
71,25.861
72,25.859
73,25.857
74,25.855
75,25.853
76,25.851
77,25.849
78,25.847
79,25.845
80,25.843
81,25.841
82,25.839
83,25.837
84,25.835
85,25.833
86,25.831
87,25.829
88,25.827
89,25.824
90,25.822
91,25.82
92,25.817
93,25.815
94,25.812
95,25.81
96,25.807
97,25.804
98,25.801
99,25.798
100,25.795
101,25.792
102,25.788
103,25.784
104,25.781
105,25.777
106,25.772
107,25.768
108,25.763
109,25.758
110,25.752
111,25.746
112,25.74
113,25.733
114,25.725
115,25.717
116,25.708
117,25.699
118,25.688
119,25.677
120,25.665
121,25.651
122,25.637
123,25.621
124,25.603
125,25.584
126,25.563
127,25.54
128,25.515
129,25.487
130,25.456
131,25.423
132,25.386
133,25.345
134,25.301
135,25.252
136,25.198
137,25.139
138,25.074
139,25.002
140,24.924
141,24.838
142,24.744
143,24.641
144,24.528
145,24.404
146,24.269
147,24.122
148,23.962
149,23.787
150,23.596
151,23.39
152,23.166
153,22.924
154,22.662
155,22.379
156,22.075
157,21.749
158,21.399
159,21.024
160,20.624
161,20.197
162,19.744
163,19.263
164,18.754
165,18.217
166,17.65
167,17.055
168,16.43
169,15.776
170,15.092
171,14.38
172,13.638
173,12.868
174,12.069
175,11.243
176,10.389
177,9.5078
178,8.6004
179,7.6673
180,6.7089
181,5.7261
182,4.7193
183,3.6892
184,2.6366
185,1.5621
186,0.46637
187,-0.64998
188,-1.7863
189,-2.9419
190,-4.1161
191,-5.3085
192,-6.5183
193,-7.7449
194,-8.9879
195,-10.247
196,-11.521
197,-12.809
198,-14.112
199,-15.429
200,-16.759
