0,23.172
1,23.171
2,23.169
3,23.167
4,23.165
5,23.163
6,23.161
7,23.16
8,23.158
9,23.156
10,23.154
11,23.152
12,23.151
13,23.149
14,23.147
15,23.145
16,23.143
17,23.141
18,23.14
19,23.138
20,23.136
21,23.134
22,23.132
23,23.13
24,23.129
25,23.127
26,23.125
27,23.123
28,23.121
29,23.119
30,23.118
31,23.116
32,23.114
33,23.112
34,23.11
35,23.108
36,23.107
37,23.105
38,23.103
39,23.101
40,23.099
41,23.097
42,23.096
43,23.094
44,23.092
45,23.09
46,23.088
47,23.086
48,23.085
49,23.083
50,23.081
51,23.079
52,23.077
53,23.075
54,23.074
55,23.072
56,23.07
57,23.068
58,23.066
59,23.064
60,23.063
61,23.061
62,23.059
63,23.057
64,23.055
65,23.053
66,23.052
67,23.05
68,23.048
69,23.046
70,23.044
71,23.042
72,23.04
73,23.039
74,23.037
75,23.035
76,23.033
77,23.031
78,23.029
79,23.027
80,23.025
81,23.024
82,23.022
83,23.02
84,23.018
85,23.016
86,23.014
87,23.012
88,23.01
89,23.008
90,23.006
91,23.004
92,23.002
93,23
94,22.998
95,22.996
96,22.994
97,22.991
98,22.989
99,22.987
100,22.985
101,22.982
102,22.98
103,22.977
104,22.975
105,22.972
106,22.969
107,22.967
108,22.964
109,22.96
110,22.957
111,22.954
112,22.95
113,22.947
114,22.943
115,22.939
116,22.934
117,22.929
118,22.924
119,22.919
120,22.913
121,22.907
122,22.9
123,22.893
124,22.885
125,22.877
126,22.868
127,22.858
128,22.847
129,22.835
130,22.822
131,22.808
132,22.792
133,22.775
134,22.756
135,22.735
136,22.713
137,22.688
138,22.66
139,22.63
140,22.597
141,22.56
142,22.52
143,22.476
144,22.427
145,22.373
146,22.314
147,22.249
148,22.177
149,22.098
150,22.012
151,21.916
152,21.812
153,21.697
154,21.572
155,21.435
156,21.284
157,21.121
158,20.942
159,20.747
160,20.536
161,20.306
162,20.057
163,19.788
164,19.498
165,19.185
166,18.848
167,18.487
168,18.101
169,17.688
170,17.248
171,16.781
172,16.285
173,15.76
174,15.206
175,14.622
176,14.008
177,13.364
178,12.691
179,11.987
180,11.254
181,10.492
182,9.7
183,8.88
184,8.0317
185,7.1559
186,6.2531
187,5.3238
188,4.3687
189,3.3885
190,2.3839
191,1.3555
192,0.30396
193,-0.76993
194,-1.8655
195,-2.9821
196,-4.119
197,-5.2756
198,-6.4512
199,-7.6452
200,-8.857
