0,18.306
1,18.304
2,18.302
3,18.301
4,18.299
5,18.297
6,18.295
7,18.293
8,18.291
9,18.29
10,18.288
11,18.286
12,18.284
13,18.282
14,18.28
15,18.279
16,18.277
17,18.275
18,18.273
19,18.271
20,18.27
21,18.268
22,18.266
23,18.264
24,18.262
25,18.26
26,18.259
27,18.257
28,18.255
29,18.253
30,18.251
31,18.249
32,18.248
33,18.246
34,18.244
35,18.242
36,18.24
37,18.238
38,18.237
39,18.235
40,18.233
41,18.231
42,18.229
43,18.227
44,18.226
45,18.224
46,18.222
47,18.22
48,18.218
49,18.216
50,18.215
51,18.213
52,18.211
53,18.209
54,18.207
55,18.205
56,18.204
57,18.202
58,18.2
59,18.198
60,18.196
61,18.194
62,18.193
63,18.191
64,18.189
65,18.187
66,18.185
67,18.183
68,18.182
69,18.18
70,18.178
71,18.176
72,18.174
73,18.172
74,18.171
75,18.169
76,18.167
77,18.165
78,18.163
79,18.161
80,18.159
81,18.158
82,18.156
83,18.154
84,18.152
85,18.15
86,18.148
87,18.146
88,18.145
89,18.143
90,18.141
91,18.139
92,18.137
93,18.135
94,18.133
95,18.131
96,18.129
97,18.127
98,18.126
99,18.124
100,18.122
101,18.12
102,18.118
103,18.116
104,18.113
105,18.111
106,18.109
107,18.107
108,18.105
109,18.103
110,18.1
111,18.098
112,18.096
113,18.093
114,18.091
115,18.088
116,18.086
117,18.083
118,18.08
119,18.077
120,18.074
121,18.071
122,18.067
123,18.064
124,18.06
125,18.056
126,18.052
127,18.047
128,18.042
129,18.037
130,18.032
131,18.026
132,18.019
133,18.012
134,18.005
135,17.997
136,17.988
137,17.978
138,17.968
139,17.956
140,17.944
141,17.93
142,17.915
143,17.898
144,17.88
145,17.86
146,17.838
147,17.813
148,17.786
149,17.757
150,17.724
151,17.688
152,17.648
153,17.604
154,17.556
155,17.502
156,17.443
157,17.378
158,17.307
159,17.228
160,17.141
161,17.045
162,16.94
163,16.824
164,16.698
165,16.558
166,16.406
167,16.24
168,16.058
169,15.859
170,15.644
171,15.409
172,15.154
173,14.879
174,14.581
175,14.26
176,13.915
177,13.544
178,13.147
179,12.722
180,12.27
181,11.789
182,11.279
183,10.739
184,10.169
185,9.5681
186,8.9371
187,8.2754
188,7.5833
189,6.8608
190,6.1083
191,5.326
192,4.5143
193,3.6738
194,2.805
195,1.9084
196,0.98474
197,0.03459
198,-0.94134
199,-1.9423
200,-2.9677
