0,28.141
1,28.139
2,28.137
3,28.135
4,28.134
5,28.132
6,28.13
7,28.128
8,28.126
9,28.124
10,28.123
11,28.121
12,28.119
13,28.117
14,28.115
15,28.113
16,28.112
17,28.11
18,28.108
19,28.106
20,28.104
21,28.102
22,28.101
23,28.099
24,28.097
25,28.095
26,28.093
27,28.091
28,28.09
29,28.088
30,28.086
31,28.084
32,28.082
33,28.08
34,28.079
35,28.077
36,28.075
37,28.073
38,28.071
39,28.069
40,28.068
41,28.066
42,28.064
43,28.062
44,28.06
45,28.058
46,28.057
47,28.055
48,28.053
49,28.051
50,28.049
51,28.047
52,28.046
53,28.044
54,28.042
55,28.04
56,28.038
57,28.036
58,28.035
59,28.033
60,28.031
61,28.029
62,28.027
63,28.025
64,28.023
65,28.022
66,28.02
67,28.018
68,28.016
69,28.014
70,28.012
71,28.01
72,28.008
73,28.006
74,28.005
75,28.003
76,28.001
77,27.999
78,27.997
79,27.995
80,27.993
81,27.991
82,27.989
83,27.987
84,27.985
85,27.982
86,27.98
87,27.978
88,27.976
89,27.974
90,27.971
91,27.969
92,27.967
93,27.964
94,27.962
95,27.959
96,27.956
97,27.954
98,27.951
99,27.948
100,27.945
101,27.941
102,27.938
103,27.934
104,27.93
105,27.926
106,27.922
107,27.918
108,27.913
109,27.908
110,27.902
111,27.896
112,27.89
113,27.883
114,27.876
115,27.868
116,27.859
117,27.85
118,27.84
119,27.829
120,27.817
121,27.803
122,27.789
123,27.773
124,27.756
125,27.737
126,27.716
127,27.694
128,27.669
129,27.641
130,27.611
131,27.578
132,27.542
133,27.502
134,27.458
135,27.41
136,27.356
137,27.298
138,27.234
139,27.163
140,27.086
141,27.001
142,26.908
143,26.806
144,26.694
145,26.572
146,26.438
147,26.292
148,26.133
149,25.959
150,25.77
151,25.565
152,25.343
153,25.102
154,24.842
155,24.561
156,24.259
157,23.934
158,23.585
159,23.212
160,22.813
161,22.388
162,21.936
163,21.457
164,20.949
165,20.413
166,19.848
167,19.253
168,18.629
169,17.976
170,17.293
171,16.581
172,15.84
173,15.071
174,14.272
175,13.446
176,12.592
177,11.711
178,10.804
179,9.8706
180,8.912
181,7.9289
182,6.9217
183,5.8913
184,4.8382
185,3.7632
186,2.6668
187,1.5498
188,0.41288
189,-0.74344
190,-1.9185
191,-3.1116
192,-4.3222
193,-5.5498
194,-6.7936
195,-8.0533
196,-9.3282
197,-10.618
198,-11.922
199,-13.239
200,-14.57
