0,20.46
1,20.458
2,20.456
3,20.454
4,20.452
5,20.451
6,20.449
7,20.447
8,20.445
9,20.443
10,20.441
11,20.44
12,20.438
13,20.436
14,20.434
15,20.432
16,20.43
17,20.429
18,20.427
19,20.425
20,20.423
21,20.421
22,20.42
23,20.418
24,20.416
25,20.414
26,20.412
27,20.41
28,20.409
29,20.407
30,20.405
31,20.403
32,20.401
33,20.399
34,20.398
35,20.396
36,20.394
37,20.392
38,20.39
39,20.388
40,20.387
41,20.385
42,20.383
43,20.381
44,20.379
45,20.377
46,20.376
47,20.374
48,20.372
49,20.37
50,20.368
51,20.366
52,20.365
53,20.363
54,20.361
55,20.359
56,20.357
57,20.355
58,20.354
59,20.352
60,20.35
61,20.348
62,20.346
63,20.344
64,20.343
65,20.341
66,20.339
67,20.337
68,20.335
69,20.333
70,20.332
71,20.33
72,20.328
73,20.326
74,20.324
75,20.322
76,20.321
77,20.319
78,20.317
79,20.315
80,20.313
81,20.311
82,20.309
83,20.308
84,20.306
85,20.304
86,20.302
87,20.3
88,20.298
89,20.296
90,20.294
91,20.293
92,20.291
93,20.289
94,20.287
95,20.285
96,20.283
97,20.281
98,20.279
99,20.277
100,20.275
101,20.273
102,20.271
103,20.269
104,20.267
105,20.265
106,20.263
107,20.26
108,20.258
109,20.256
110,20.254
111,20.251
112,20.249
113,20.246
114,20.244
115,20.241
116,20.238
117,20.235
118,20.232
119,20.229
120,20.226
121,20.223
122,20.219
123,20.215
124,20.211
125,20.207
126,20.202
127,20.197
128,20.192
129,20.187
130,20.181
131,20.174
132,20.167
133,20.16
134,20.151
135,20.142
136,20.133
137,20.122
138,20.11
139,20.098
140,20.084
141,20.068
142,20.052
143,20.033
144,20.013
145,19.99
146,19.966
147,19.939
148,19.909
149,19.876
150,19.839
151,19.799
152,19.754
153,19.705
154,19.651
155,19.592
156,19.526
157,19.453
158,19.373
159,19.285
160,19.189
161,19.082
162,18.965
163,18.837
164,18.697
165,18.543
166,18.374
167,18.19
168,17.99
169,17.772
170,17.535
171,17.278
172,17
173,16.699
174,16.375
175,16.027
176,15.653
177,15.253
178,14.825
179,14.369
180,13.885
181,13.371
182,12.827
183,12.253
184,11.649
185,11.014
186,10.349
187,9.6532
188,8.9271
189,8.1709
190,7.3851
191,6.5699
192,5.7259
193,4.8537
194,3.9538
195,3.0269
196,2.0736
197,1.0946
198,0.090615
199,-0.93765
200,-1.9895
