0,14.306
1,14.304
2,14.303
3,14.301
4,14.299
5,14.297
6,14.295
7,14.293
8,14.292
9,14.29
10,14.288
11,14.286
12,14.284
13,14.282
14,14.281
15,14.279
16,14.277
17,14.275
18,14.273
19,14.271
20,14.27
21,14.268
22,14.266
23,14.264
24,14.262
25,14.26
26,14.259
27,14.257
28,14.255
29,14.253
30,14.251
31,14.249
32,14.248
33,14.246
34,14.244
35,14.242
36,14.24
37,14.238
38,14.237
39,14.235
40,14.233
41,14.231
42,14.229
43,14.227
44,14.225
45,14.224
46,14.222
47,14.22
48,14.218
49,14.216
50,14.214
51,14.212
52,14.211
53,14.209
54,14.207
55,14.205
56,14.203
57,14.201
58,14.199
59,14.197
60,14.195
61,14.193
62,14.192
63,14.19
64,14.188
65,14.186
66,14.184
67,14.182
68,14.18
69,14.177
70,14.175
71,14.173
72,14.171
73,14.169
74,14.167
75,14.164
76,14.162
77,14.16
78,14.157
79,14.155
80,14.152
81,14.15
82,14.147
83,14.144
84,14.142
85,14.139
86,14.136
87,14.132
88,14.129
89,14.126
90,14.122
91,14.118
92,14.114
93,14.11
94,14.105
95,14.1
96,14.095
97,14.09
98,14.084
99,14.077
100,14.071
101,14.063
102,14.056
103,14.047
104,14.038
105,14.028
106,14.018
107,14.006
108,13.993
109,13.98
110,13.965
111,13.949
112,13.931
113,13.912
114,13.891
115,13.868
116,13.843
117,13.815
118,13.785
119,13.752
120,13.716
121,13.677
122,13.634
123,13.586
124,13.535
125,13.478
126,13.416
127,13.349
128,13.275
129,13.194
130,13.106
131,13.009
132,12.904
133,12.79
134,12.665
135,12.529
136,12.381
137,12.221
138,12.047
139,11.858
140,11.654
141,11.434
142,11.196
143,10.94
144,10.664
145,10.368
146,10.051
147,9.712
148,9.3498
149,8.9637
150,8.553
151,8.117
152,7.6551
153,7.1667
154,6.6513
155,6.1086
156,5.5383
157,4.9401
158,4.3139
159,3.6597
160,2.9774
161,2.2673
162,1.5295
163,0.76421
164,-0.028226
165,-0.84745
166,-1.693
167,-2.5645
168,-3.4615
169,-4.3833
170,-5.3294
171,-6.2993
172,-7.2924
173,-8.3081
174,-9.3457
175,-10.405
176,-11.485
177,-12.585
178,-13.704
179,-14.842
180,-15.999
181,-17.174
182,-18.366
183,-19.575
184,-20.799
185,-22.04
186,-23.296
187,-24.566
188,-25.85
189,-27.149
190,-28.46
191,-29.785
192,-31.121
193,-32.47
194,-33.831
195,-35.203
196,-36.586
197,-37.979
198,-39.383
199,-40.796
200,-42.219
