0,17.151
1,17.149
2,17.147
3,17.145
4,17.143
5,17.142
6,17.14
7,17.138
8,17.136
9,17.134
10,17.132
11,17.131
12,17.129
13,17.127
14,17.125
15,17.123
16,17.121
17,17.12
18,17.118
19,17.116
20,17.114
21,17.112
22,17.11
23,17.109
24,17.107
25,17.105
26,17.103
27,17.101
28,17.099
29,17.098
30,17.096
31,17.094
32,17.092
33,17.09
34,17.088
35,17.087
36,17.085
37,17.083
38,17.081
39,17.079
40,17.077
41,17.076
42,17.074
43,17.072
44,17.07
45,17.068
46,17.066
47,17.065
48,17.063
49,17.061
50,17.059
51,17.057
52,17.055
53,17.054
54,17.052
55,17.05
56,17.048
57,17.046
58,17.044
59,17.043
60,17.041
61,17.039
62,17.037
63,17.035
64,17.033
65,17.031
66,17.03
67,17.028
68,17.026
69,17.024
70,17.022
71,17.02
72,17.018
73,17.016
74,17.014
75,17.012
76,17.01
77,17.009
78,17.007
79,17.005
80,17.003
81,17.001
82,16.999
83,16.996
84,16.994
85,16.992
86,16.99
87,16.988
88,16.986
89,16.984
90,16.981
91,16.979
92,16.976
93,16.974
94,16.972
95,16.969
96,16.966
97,16.963
98,16.961
99,16.958
100,16.954
101,16.951
102,16.948
103,16.944
104,16.941
105,16.937
106,16.932
107,16.928
108,16.923
109,16.918
110,16.913
111,16.907
112,16.901
113,16.894
114,16.887
115,16.879
116,16.871
117,16.862
118,16.852
119,16.842
120,16.83
121,16.817
122,16.804
123,16.789
124,16.772
125,16.754
126,16.734
127,16.713
128,16.689
129,16.663
130,16.635
131,16.604
132,16.569
133,16.532
134,16.49
135,16.445
136,16.395
137,16.341
138,16.281
139,16.215
140,16.142
141,16.063
142,15.976
143,15.881
144,15.777
145,15.663
146,15.539
147,15.403
148,15.255
149,15.093
150,14.918
151,14.727
152,14.52
153,14.296
154,14.054
155,13.792
156,13.51
157,13.207
158,12.881
159,12.532
160,12.159
161,11.76
162,11.336
163,10.885
164,10.407
165,9.9008
166,9.3667
167,8.804
168,8.2125
169,7.592
170,6.9425
171,6.2639
172,5.5565
173,4.8202
174,4.0556
175,3.2628
176,2.4422
177,1.5943
178,0.71969
179,-0.18123
180,-1.1078
181,-2.0595
182,-3.0357
183,-4.0358
184,-5.059
185,-6.1048
186,-7.1725
187,-8.2614
188,-9.3709
189,-10.5
190,-11.649
191,-12.817
192,-14.002
193,-15.206
194,-16.426
195,-17.662
196,-18.914
197,-20.182
198,-21.464
199,-22.761
200,-24.072
