0,11.611
1,11.609
2,11.608
3,11.606
4,11.604
5,11.602
6,11.6
7,11.598
8,11.597
9,11.595
10,11.593
11,11.591
12,11.589
13,11.588
14,11.586
15,11.584
16,11.582
17,11.58
18,11.578
19,11.577
20,11.575
21,11.573
22,11.571
23,11.569
24,11.567
25,11.566
26,11.564
27,11.562
28,11.56
29,11.558
30,11.556
31,11.555
32,11.553
33,11.551
34,11.549
35,11.547
36,11.545
37,11.544
38,11.542
39,11.54
40,11.538
41,11.536
42,11.534
43,11.533
44,11.531
45,11.529
46,11.527
47,11.525
48,11.523
49,11.521
50,11.52
51,11.518
52,11.516
53,11.514
54,11.512
55,11.51
56,11.509
57,11.507
58,11.505
59,11.503
60,11.501
61,11.499
62,11.497
63,11.496
64,11.494
65,11.492
66,11.49
67,11.488
68,11.486
69,11.484
70,11.482
71,11.48
72,11.478
73,11.477
74,11.475
75,11.473
76,11.471
77,11.469
78,11.467
79,11.465
80,11.463
81,11.46
82,11.458
83,11.456
84,11.454
85,11.452
86,11.45
87,11.447
88,11.445
89,11.443
90,11.44
91,11.438
92,11.435
93,11.432
94,11.43
95,11.427
96,11.424
97,11.421
98,11.418
99,11.414
100,11.411
101,11.407
102,11.403
103,11.399
104,11.395
105,11.39
106,11.385
107,11.38
108,11.375
109,11.369
110,11.362
111,11.355
112,11.348
113,11.34
114,11.332
115,11.322
116,11.312
117,11.301
118,11.289
119,11.276
120,11.262
121,11.246
122,11.229
123,11.211
124,11.191
125,11.169
126,11.144
127,11.118
128,11.089
129,11.057
130,11.022
131,10.984
132,10.942
133,10.896
134,10.845
135,10.789
136,10.729
137,10.662
138,10.589
139,10.509
140,10.422
141,10.326
142,10.221
143,10.107
144,9.9822
145,9.8461
146,9.698
147,9.5368
148,9.3616
149,9.1715
150,8.9654
151,8.7424
152,8.5015
153,8.2415
154,7.9616
155,7.6607
156,7.3378
157,6.992
158,6.6224
159,6.2282
160,5.8085
161,5.3627
162,4.8902
163,4.3904
164,3.8629
165,3.3072
166,2.7231
167,2.1105
168,1.4692
169,0.79924
170,0.10069
171,-0.62629
172,-1.3815
173,-2.1645
174,-2.9751
175,-3.8128
176,-4.6771
177,-5.5676
178,-6.4836
179,-7.4247
180,-8.3902
181,-9.3795
182,-10.392
183,-11.427
184,-12.484
185,-13.562
186,-14.661
187,-15.78
188,-16.919
189,-18.076
190,-19.251
191,-20.444
192,-21.654
193,-22.881
194,-24.123
195,-25.381
196,-26.654
197,-27.942
198,-29.243
199,-30.558
200,-31.885
