0,26.228
1,26.226
2,26.224
3,26.223
4,26.221
5,26.219
6,26.217
7,26.215
8,26.213
9,26.212
10,26.21
11,26.208
12,26.206
13,26.204
14,26.202
15,26.201
16,26.199
17,26.197
18,26.195
19,26.193
20,26.191
21,26.19
22,26.188
23,26.186
24,26.184
25,26.182
26,26.18
27,26.179
28,26.177
29,26.175
30,26.173
31,26.171
32,26.169
33,26.168
34,26.166
35,26.164
36,26.162
37,26.16
38,26.158
39,26.157
40,26.155
41,26.153
42,26.151
43,26.149
44,26.147
45,26.145
46,26.143
47,26.142
48,26.14
49,26.138
50,26.136
51,26.134
52,26.132
53,26.13
54,26.128
55,26.126
56,26.124
57,26.122
58,26.12
59,26.118
60,26.116
61,26.114
62,26.112
63,26.11
64,26.108
65,26.106
66,26.104
67,26.102
68,26.1
69,26.097
70,26.095
71,26.093
72,26.09
73,26.088
74,26.085
75,26.083
76,26.08
77,26.077
78,26.074
79,26.071
80,26.068
81,26.065
82,26.062
83,26.058
84,26.054
85,26.05
86,26.046
87,26.042
88,26.037
89,26.032
90,26.027
91,26.022
92,26.016
93,26.009
94,26.002
95,25.995
96,25.987
97,25.979
98,25.969
99,25.959
100,25.949
101,25.937
102,25.924
103,25.91
104,25.895
105,25.878
106,25.86
107,25.841
108,25.819
109,25.796
110,25.77
111,25.742
112,25.712
113,25.678
114,25.642
115,25.601
116,25.557
117,25.509
118,25.457
119,25.399
120,25.336
121,25.267
122,25.192
123,25.11
124,25.02
125,24.922
126,24.815
127,24.698
128,24.571
129,24.433
130,24.283
131,24.119
132,23.943
133,23.751
134,23.544
135,23.32
136,23.078
137,22.818
138,22.538
139,22.238
140,21.917
141,21.573
142,21.206
143,20.815
144,20.399
145,19.958
146,19.49
147,18.996
148,18.475
149,17.927
150,17.351
151,16.747
152,16.115
153,15.455
154,14.767
155,14.051
156,13.308
157,12.537
158,11.739
159,10.914
160,10.063
161,9.1866
162,8.2846
163,7.3577
164,6.4066
165,5.4319
166,4.4342
167,3.4139
168,2.3718
169,1.3085
170,0.22451
171,-0.8795
172,-2.003
173,-3.1453
174,-4.3058
175,-5.4841
176,-6.6795
177,-7.8915
178,-9.1196
179,-10.363
180,-11.622
181,-12.895
182,-14.183
183,-15.484
184,-16.798
185,-18.125
186,-19.464
187,-20.815
188,-22.178
189,-23.552
190,-24.937
191,-26.333
192,-27.739
193,-29.154
194,-30.579
195,-32.014
196,-33.457
197,-34.909
198,-36.37
199,-37.839
200,-39.315
