0,19.211
1,19.209
2,19.208
3,19.206
4,19.204
5,19.202
6,19.2
7,19.198
8,19.197
9,19.195
10,19.193
11,19.191
12,19.189
13,19.187
14,19.186
15,19.184
16,19.182
17,19.18
18,19.178
19,19.176
20,19.175
21,19.173
22,19.171
23,19.169
24,19.167
25,19.165
26,19.164
27,19.162
28,19.16
29,19.158
30,19.156
31,19.154
32,19.153
33,19.151
34,19.149
35,19.147
36,19.145
37,19.143
38,19.142
39,19.14
40,19.138
41,19.136
42,19.134
43,19.132
44,19.131
45,19.129
46,19.127
47,19.125
48,19.123
49,19.121
50,19.12
51,19.118
52,19.116
53,19.114
54,19.112
55,19.11
56,19.109
57,19.107
58,19.105
59,19.103
60,19.101
61,19.099
62,19.098
63,19.096
64,19.094
65,19.092
66,19.09
67,19.088
68,19.086
69,19.085
70,19.083
71,19.081
72,19.079
73,19.077
74,19.075
75,19.073
76,19.071
77,19.069
78,19.067
79,19.066
80,19.064
81,19.062
82,19.06
83,19.058
84,19.056
85,19.054
86,19.052
87,19.049
88,19.047
89,19.045
90,19.043
91,19.041
92,19.039
93,19.036
94,19.034
95,19.032
96,19.029
97,19.027
98,19.024
99,19.021
100,19.019
101,19.016
102,19.013
103,19.01
104,19.006
105,19.003
106,19
107,18.996
108,18.992
109,18.988
110,18.983
111,18.978
112,18.973
113,18.968
114,18.962
115,18.956
116,18.949
117,18.942
118,18.934
119,18.926
120,18.917
121,18.907
122,18.896
123,18.885
124,18.872
125,18.858
126,18.843
127,18.826
128,18.808
129,18.788
130,18.766
131,18.742
132,18.715
133,18.686
134,18.654
135,18.619
136,18.58
137,18.538
138,18.491
139,18.44
140,18.384
141,18.322
142,18.254
143,18.18
144,18.098
145,18.008
146,17.91
147,17.802
148,17.684
149,17.555
150,17.415
151,17.261
152,17.094
153,16.912
154,16.714
155,16.5
156,16.267
157,16.016
158,15.745
159,15.452
160,15.138
161,14.8
162,14.438
163,14.052
164,13.639
165,13.2
166,12.734
167,12.24
168,11.718
169,11.167
170,10.587
171,9.9773
172,9.3388
173,8.6708
174,7.9736
175,7.2473
176,6.4922
177,5.7085
178,4.8967
179,4.0571
180,3.1904
181,2.2969
182,1.3774
183,0.43227
184,-0.5377
185,-1.5319
186,-2.5497
187,-3.5905
188,-4.6535
189,-5.7381
190,-6.8436
191,-7.9694
192,-9.1149
193,-10.279
194,-11.462
195,-12.663
196,-13.881
197,-15.115
198,-16.366
199,-17.632
200,-18.913
