0,25.027
1,25.025
2,25.024
3,25.022
4,25.02
5,25.018
6,25.016
7,25.015
8,25.013
9,25.011
10,25.009
11,25.007
12,25.005
13,25.004
14,25.002
15,25
16,24.998
17,24.996
18,24.994
19,24.993
20,24.991
21,24.989
22,24.987
23,24.985
24,24.983
25,24.982
26,24.98
27,24.978
28,24.976
29,24.974
30,24.972
31,24.971
32,24.969
33,24.967
34,24.965
35,24.963
36,24.961
37,24.96
38,24.958
39,24.956
40,24.954
41,24.952
42,24.95
43,24.949
44,24.947
45,24.945
46,24.943
47,24.941
48,24.939
49,24.938
50,24.936
51,24.934
52,24.932
53,24.93
54,24.928
55,24.927
56,24.925
57,24.923
58,24.921
59,24.919
60,24.917
61,24.916
62,24.914
63,24.912
64,24.91
65,24.908
66,24.906
67,24.904
68,24.903
69,24.901
70,24.899
71,24.897
72,24.895
73,24.893
74,24.891
75,24.889
76,24.888
77,24.886
78,24.884
79,24.882
80,24.88
81,24.878
82,24.876
83,24.874
84,24.872
85,24.87
86,24.868
87,24.866
88,24.864
89,24.862
90,24.86
91,24.858
92,24.856
93,24.854
94,24.851
95,24.849
96,24.847
97,24.844
98,24.842
99,24.84
100,24.837
101,24.834
102,24.832
103,24.829
104,24.826
105,24.823
106,24.82
107,24.816
108,24.813
109,24.809
110,24.805
111,24.801
112,24.797
113,24.792
114,24.787
115,24.782
116,24.777
117,24.771
118,24.764
119,24.757
120,24.749
121,24.741
122,24.732
123,24.723
124,24.712
125,24.701
126,24.688
127,24.674
128,24.659
129,24.643
130,24.625
131,24.605
132,24.583
133,24.56
134,24.533
135,24.504
136,24.473
137,24.438
138,24.399
139,24.357
140,24.311
141,24.26
142,24.203
143,24.141
144,24.073
145,23.998
146,23.916
147,23.826
148,23.727
149,23.618
150,23.499
151,23.369
152,23.226
153,23.071
154,22.901
155,22.716
156,22.515
157,22.297
158,22.061
159,21.805
160,21.528
161,21.23
162,20.909
163,20.565
164,20.196
165,19.801
166,19.38
167,18.932
168,18.455
169,17.951
170,17.418
171,16.855
172,16.263
173,15.641
174,14.99
175,14.309
176,13.598
177,12.858
178,12.089
179,11.291
180,10.465
181,9.6105
182,8.729
183,7.8209
184,6.8867
185,5.9269
186,4.9423
187,3.9335
188,2.9013
189,1.8462
190,0.76901
191,-0.32964
192,-1.4491
193,-2.5886
194,-3.7476
195,-4.9254
196,-6.1213
197,-7.3349
198,-8.5654
199,-9.8123
200,-11.075
