0,15.316
1,15.314
2,15.312
3,15.31
4,15.309
5,15.307
6,15.305
7,15.303
8,15.301
9,15.299
10,15.298
11,15.296
12,15.294
13,15.292
14,15.29
15,15.288
16,15.287
17,15.285
18,15.283
19,15.281
20,15.279
21,15.277
22,15.276
23,15.274
24,15.272
25,15.27
26,15.268
27,15.266
28,15.265
29,15.263
30,15.261
31,15.259
32,15.257
33,15.255
34,15.254
35,15.252
36,15.25
37,15.248
38,15.246
39,15.244
40,15.243
41,15.241
42,15.239
43,15.237
44,15.235
45,15.233
46,15.232
47,15.23
48,15.228
49,15.226
50,15.224
51,15.222
52,15.221
53,15.219
54,15.217
55,15.215
56,15.213
57,15.211
58,15.21
59,15.208
60,15.206
61,15.204
62,15.202
63,15.2
64,15.198
65,15.197
66,15.195
67,15.193
68,15.191
69,15.189
70,15.187
71,15.185
72,15.184
73,15.182
74,15.18
75,15.178
76,15.176
77,15.174
78,15.172
79,15.17
80,15.168
81,15.166
82,15.164
83,15.162
84,15.16
85,15.158
86,15.156
87,15.154
88,15.152
89,15.15
90,15.148
91,15.146
92,15.144
93,15.141
94,15.139
95,15.137
96,15.134
97,15.132
98,15.129
99,15.127
100,15.124
101,15.121
102,15.118
103,15.115
104,15.112
105,15.109
106,15.105
107,15.102
108,15.098
109,15.094
110,15.09
111,15.085
112,15.08
113,15.075
114,15.07
115,15.064
116,15.057
117,15.051
118,15.043
119,15.035
120,15.027
121,15.017
122,15.007
123,14.996
124,14.984
125,14.971
126,14.957
127,14.941
128,14.924
129,14.905
130,14.885
131,14.862
132,14.837
133,14.81
134,14.781
135,14.748
136,14.712
137,14.673
138,14.629
139,14.582
140,14.529
141,14.472
142,14.409
143,14.339
144,14.263
145,14.18
146,14.088
147,13.988
148,13.878
149,13.758
150,13.627
151,13.484
152,13.328
153,13.158
154,12.974
155,12.773
156,12.555
157,12.319
158,12.065
159,11.79
160,11.494
161,11.176
162,10.834
163,10.469
164,10.078
165,9.6619
166,9.219
167,8.749
168,8.2511
169,7.7249
170,7.1701
171,6.5863
172,5.9734
173,5.3312
174,4.6598
175,3.9593
176,3.2297
177,2.4715
178,1.6849
179,0.87019
180,0.027952
181,-0.84137
182,-1.7372
183,-2.6591
184,-3.6063
185,-4.5783
186,-5.5744
187,-6.5939
188,-7.6363
189,-8.7008
190,-9.7867
191,-10.894
192,-12.021
193,-13.167
194,-14.332
195,-15.516
196,-16.718
197,-17.936
198,-19.171
199,-20.422
200,-21.689
