0,19.004
1,19.002
2,19
3,18.999
4,18.997
5,18.995
6,18.993
7,18.991
8,18.989
9,18.988
10,18.986
11,18.984
12,18.982
13,18.98
14,18.978
15,18.977
16,18.975
17,18.973
18,18.971
19,18.969
20,18.967
21,18.966
22,18.964
23,18.962
24,18.96
25,18.958
26,18.956
27,18.955
28,18.953
29,18.951
30,18.949
31,18.947
32,18.945
33,18.944
34,18.942
35,18.94
36,18.938
37,18.936
38,18.934
39,18.932
40,18.931
41,18.929
42,18.927
43,18.925
44,18.923
45,18.921
46,18.92
47,18.918
48,18.916
49,18.914
50,18.912
51,18.91
52,18.908
53,18.906
54,18.905
55,18.903
56,18.901
57,18.899
58,18.897
59,18.895
60,18.893
61,18.891
62,18.889
63,18.887
64,18.885
65,18.883
66,18.881
67,18.879
68,18.877
69,18.875
70,18.873
71,18.871
72,18.869
73,18.866
74,18.864
75,18.862
76,18.859
77,18.857
78,18.855
79,18.852
80,18.849
81,18.847
82,18.844
83,18.841
84,18.838
85,18.835
86,18.832
87,18.829
88,18.825
89,18.821
90,18.817
91,18.813
92,18.809
93,18.805
94,18.8
95,18.794
96,18.789
97,18.783
98,18.777
99,18.77
100,18.763
101,18.755
102,18.746
103,18.737
104,18.727
105,18.716
106,18.705
107,18.692
108,18.678
109,18.663
110,18.647
111,18.629
112,18.609
113,18.588
114,18.565
115,18.539
116,18.511
117,18.481
118,18.447
119,18.411
120,18.371
121,18.327
122,18.279
123,18.226
124,18.169
125,18.106
126,18.037
127,17.962
128,17.88
129,17.79
130,17.692
131,17.585
132,17.468
133,17.341
134,17.202
135,17.052
136,16.888
137,16.711
138,16.519
139,16.311
140,16.087
141,15.845
142,15.584
143,15.303
144,15.002
145,14.68
146,14.335
147,13.966
148,13.574
149,13.156
150,12.713
151,12.244
152,11.748
153,11.225
154,10.675
155,10.097
156,9.4904
157,8.856
158,8.1935
159,7.5029
160,6.7844
161,6.0381
162,5.2644
163,4.4636
164,3.636
165,2.7821
166,1.9024
167,0.99737
168,0.067522
169,-0.88655
170,-1.8643
171,-2.865
172,-3.8883
173,-4.9333
174,-5.9996
175,-7.0866
176,-8.1935
177,-9.3198
178,-10.465
179,-11.628
180,-12.809
181,-14.008
182,-15.222
183,-16.453
184,-17.699
185,-18.961
186,-20.237
187,-21.526
188,-22.83
189,-24.147
190,-25.476
191,-26.818
192,-28.171
193,-29.537
194,-30.913
195,-32.3
196,-33.698
197,-35.106
198,-36.523
199,-37.951
200,-39.387
