0,16.836
1,16.835
2,16.833
3,16.831
4,16.829
5,16.827
6,16.825
7,16.824
8,16.822
9,16.82
10,16.818
11,16.816
12,16.814
13,16.813
14,16.811
15,16.809
16,16.807
17,16.805
18,16.803
19,16.802
20,16.8
21,16.798
22,16.796
23,16.794
24,16.792
25,16.791
26,16.789
27,16.787
28,16.785
29,16.783
30,16.781
31,16.78
32,16.778
33,16.776
34,16.774
35,16.772
36,16.77
37,16.769
38,16.767
39,16.765
40,16.763
41,16.761
42,16.759
43,16.758
44,16.756
45,16.754
46,16.752
47,16.75
48,16.748
49,16.747
50,16.745
51,16.743
52,16.741
53,16.739
54,16.737
55,16.735
56,16.734
57,16.732
58,16.73
59,16.728
60,16.726
61,16.724
62,16.722
63,16.721
64,16.719
65,16.717
66,16.715
67,16.713
68,16.711
69,16.709
70,16.707
71,16.705
72,16.703
73,16.701
74,16.699
75,16.697
76,16.695
77,16.693
78,16.691
79,16.689
80,16.687
81,16.685
82,16.683
83,16.68
84,16.678
85,16.676
86,16.673
87,16.671
88,16.668
89,16.666
90,16.663
91,16.661
92,16.658
93,16.655
94,16.652
95,16.649
96,16.645
97,16.642
98,16.638
99,16.634
100,16.63
101,16.626
102,16.622
103,16.617
104,16.612
105,16.606
106,16.601
107,16.594
108,16.588
109,16.58
110,16.572
111,16.564
112,16.555
113,16.545
114,16.534
115,16.523
116,16.51
117,16.496
118,16.481
119,16.464
120,16.446
121,16.427
122,16.405
123,16.382
124,16.356
125,16.327
126,16.296
127,16.262
128,16.225
129,16.184
130,16.139
131,16.09
132,16.036
133,15.976
134,15.911
135,15.84
136,15.762
137,15.677
138,15.584
139,15.482
140,15.37
141,15.248
142,15.116
143,14.971
144,14.813
145,14.642
146,14.456
147,14.255
148,14.037
149,13.801
150,13.546
151,13.272
152,12.977
153,12.661
154,12.321
155,11.959
156,11.571
157,11.159
158,10.72
159,10.256
160,9.7634
161,9.2437
162,8.6959
163,8.1198
164,7.5152
165,6.882
166,6.22
167,5.5295
168,4.8105
169,4.0632
170,3.2879
171,2.485
172,1.6548
173,0.79793
174,-0.085261
175,-0.9942
176,-1.9283
177,-2.887
178,-3.8697
179,-4.8758
180,-5.9046
181,-6.9555
182,-8.0279
183,-9.1211
184,-10.235
185,-11.368
186,-12.52
187,-13.69
188,-14.878
189,-16.083
190,-17.305
191,-18.543
192,-19.797
193,-21.066
194,-22.349
195,-23.647
196,-24.958
197,-26.282
198,-27.619
199,-28.968
200,-30.329
