0,13.608
1,13.606
2,13.604
3,13.603
4,13.601
5,13.599
6,13.597
7,13.595
8,13.593
9,13.592
10,13.59
11,13.588
12,13.586
13,13.584
14,13.582
15,13.581
16,13.579
17,13.577
18,13.575
19,13.573
20,13.571
21,13.57
22,13.568
23,13.566
24,13.564
25,13.562
26,13.56
27,13.559
28,13.557
29,13.555
30,13.553
31,13.551
32,13.549
33,13.548
34,13.546
35,13.544
36,13.542
37,13.54
38,13.538
39,13.537
40,13.535
41,13.533
42,13.531
43,13.529
44,13.527
45,13.526
46,13.524
47,13.522
48,13.52
49,13.518
50,13.516
51,13.514
52,13.513
53,13.511
54,13.509
55,13.507
56,13.505
57,13.503
58,13.501
59,13.499
60,13.498
61,13.496
62,13.494
63,13.492
64,13.49
65,13.488
66,13.486
67,13.484
68,13.482
69,13.48
70,13.478
71,13.476
72,13.474
73,13.472
74,13.47
75,13.468
76,13.465
77,13.463
78,13.461
79,13.459
80,13.456
81,13.454
82,13.452
83,13.449
84,13.446
85,13.444
86,13.441
87,13.438
88,13.435
89,13.432
90,13.429
91,13.426
92,13.422
93,13.419
94,13.415
95,13.411
96,13.406
97,13.402
98,13.397
99,13.392
100,13.386
101,13.381
102,13.374
103,13.368
104,13.36
105,13.353
106,13.344
107,13.335
108,13.325
109,13.315
110,13.303
111,13.29
112,13.277
113,13.262
114,13.246
115,13.228
116,13.208
117,13.187
118,13.164
119,13.139
120,13.111
121,13.081
122,13.048
123,13.012
124,12.972
125,12.928
126,12.881
127,12.828
128,12.771
129,12.709
130,12.64
131,12.565
132,12.484
133,12.394
134,12.296
135,12.19
136,12.073
137,11.947
138,11.809
139,11.659
140,11.496
141,11.319
142,11.127
143,10.92
144,10.695
145,10.453
146,10.193
147,9.9123
148,9.6113
149,9.2886
150,8.9434
151,8.5749
152,8.1821
153,7.7644
154,7.321
155,6.8514
156,6.3549
157,5.8312
158,5.2799
159,4.7007
160,4.0934
161,3.4579
162,2.7942
163,2.1024
164,1.3825
165,0.63482
166,-0.14039
167,-0.9428
168,-1.772
169,-2.6276
170,-3.509
171,-4.4159
172,-5.3475
173,-6.3035
174,-7.2831
175,-8.2858
176,-9.3109
177,-10.358
178,-11.426
179,-12.515
180,-13.624
181,-14.752
182,-15.899
183,-17.065
184,-18.248
185,-19.448
186,-20.665
187,-21.897
188,-23.146
189,-24.409
190,-25.686
191,-26.978
192,-28.284
193,-29.602
194,-30.933
195,-32.277
196,-33.632
197,-34.999
198,-36.377
199,-37.766
200,-39.166
