0,26.708
1,26.707
2,26.705
3,26.703
4,26.701
5,26.699
6,26.697
7,26.696
8,26.694
9,26.692
10,26.69
11,26.688
12,26.686
13,26.685
14,26.683
15,26.681
16,26.679
17,26.677
18,26.676
19,26.674
20,26.672
21,26.67
22,26.668
23,26.666
24,26.665
25,26.663
26,26.661
27,26.659
28,26.657
29,26.655
30,26.654
31,26.652
32,26.65
33,26.648
34,26.646
35,26.644
36,26.643
37,26.641
38,26.639
39,26.637
40,26.635
41,26.633
42,26.632
43,26.63
44,26.628
45,26.626
46,26.624
47,26.622
48,26.621
49,26.619
50,26.617
51,26.615
52,26.613
53,26.611
54,26.61
55,26.608
56,26.606
57,26.604
58,26.602
59,26.6
60,26.599
61,26.597
62,26.595
63,26.593
64,26.591
65,26.589
66,26.588
67,26.586
68,26.584
69,26.582
70,26.58
71,26.578
72,26.576
73,26.575
74,26.573
75,26.571
76,26.569
77,26.567
78,26.565
79,26.563
80,26.562
81,26.56
82,26.558
83,26.556
84,26.554
85,26.552
86,26.55
87,26.548
88,26.546
89,26.544
90,26.542
91,26.54
92,26.538
93,26.536
94,26.534
95,26.532
96,26.53
97,26.528
98,26.526
99,26.524
100,26.522
101,26.519
102,26.517
103,26.515
104,26.512
105,26.51
106,26.507
107,26.505
108,26.502
109,26.499
110,26.496
111,26.493
112,26.49
113,26.487
114,26.483
115,26.48
116,26.476
117,26.472
118,26.467
119,26.463
120,26.458
121,26.452
122,26.447
123,26.441
124,26.434
125,26.427
126,26.419
127,26.411
128,26.402
129,26.392
130,26.381
131,26.369
132,26.356
133,26.342
134,26.326
135,26.309
136,26.291
137,26.27
138,26.247
139,26.223
140,26.195
141,26.165
142,26.132
143,26.095
144,26.055
145,26.01
146,25.961
147,25.907
148,25.847
149,25.781
150,25.709
151,25.629
152,25.541
153,25.445
154,25.339
155,25.223
156,25.096
157,24.956
158,24.803
159,24.637
160,24.455
161,24.257
162,24.041
163,23.807
164,23.553
165,23.279
166,22.982
167,22.663
168,22.319
169,21.951
170,21.556
171,21.135
172,20.686
173,20.209
174,19.703
175,19.167
176,18.602
177,18.006
178,17.381
179,16.725
180,16.039
181,15.323
182,14.577
183,13.802
184,12.997
185,12.164
186,11.303
187,10.414
188,9.4975
189,8.5551
190,7.587
191,6.5938
192,5.5763
193,4.5351
194,3.471
195,2.3847
196,1.2769
197,0.14828
198,-1.0005
199,-2.1688
200,-3.3559
