0,17.029
1,17.028
2,17.026
3,17.024
4,17.022
5,17.02
6,17.018
7,17.017
8,17.015
9,17.013
10,17.011
11,17.009
12,17.007
13,17.006
14,17.004
15,17.002
16,17
17,16.998
18,16.996
19,16.995
20,16.993
21,16.991
22,16.989
23,16.987
24,16.985
25,16.984
26,16.982
27,16.98
28,16.978
29,16.976
30,16.974
31,16.973
32,16.971
33,16.969
34,16.967
35,16.965
36,16.963
37,16.962
38,16.96
39,16.958
40,16.956
41,16.954
42,16.952
43,16.951
44,16.949
45,16.947
46,16.945
47,16.943
48,16.941
49,16.939
50,16.938
51,16.936
52,16.934
53,16.932
54,16.93
55,16.928
56,16.926
57,16.925
58,16.923
59,16.921
60,16.919
61,16.917
62,16.915
63,16.913
64,16.911
65,16.909
66,16.907
67,16.905
68,16.903
69,16.901
70,16.899
71,16.897
72,16.895
73,16.893
74,16.891
75,16.889
76,16.887
77,16.885
78,16.883
79,16.88
80,16.878
81,16.876
82,16.873
83,16.871
84,16.868
85,16.866
86,16.863
87,16.861
88,16.858
89,16.855
90,16.852
91,16.849
92,16.845
93,16.842
94,16.838
95,16.834
96,16.83
97,16.826
98,16.821
99,16.816
100,16.811
101,16.806
102,16.8
103,16.794
104,16.787
105,16.78
106,16.772
107,16.763
108,16.754
109,16.744
110,16.733
111,16.722
112,16.709
113,16.695
114,16.68
115,16.663
116,16.645
117,16.626
118,16.604
119,16.581
120,16.555
121,16.527
122,16.496
123,16.462
124,16.425
125,16.384
126,16.34
127,16.291
128,16.237
129,16.179
130,16.115
131,16.045
132,15.968
133,15.884
134,15.792
135,15.691
136,15.582
137,15.462
138,15.332
139,15.19
140,15.036
141,14.868
142,14.686
143,14.489
144,14.275
145,14.045
146,13.796
147,13.528
148,13.239
149,12.93
150,12.598
151,12.244
152,11.865
153,11.462
154,11.033
155,10.579
156,10.097
157,9.5886
158,9.0524
159,8.4883
160,7.896
161,7.2753
162,6.6263
163,5.9489
164,5.2432
165,4.5094
166,3.7478
167,2.9586
168,2.1422
169,1.2991
170,0.42971
171,-0.46547
172,-1.3859
173,-2.331
174,-3.3002
175,-4.2929
176,-5.3085
177,-6.3463
178,-7.4058
179,-8.4863
180,-9.5872
181,-10.708
182,-11.848
183,-13.006
184,-14.183
185,-15.376
186,-16.587
187,-17.814
188,-19.057
189,-20.315
190,-21.588
191,-22.875
192,-24.176
193,-25.49
194,-26.817
195,-28.157
196,-29.509
197,-30.873
198,-32.248
199,-33.634
200,-35.03
