0,12.577
1,12.575
2,12.574
3,12.572
4,12.57
5,12.568
6,12.566
7,12.564
8,12.563
9,12.561
10,12.559
11,12.557
12,12.555
13,12.553
14,12.552
15,12.55
16,12.548
17,12.546
18,12.544
19,12.542
20,12.541
21,12.539
22,12.537
23,12.535
24,12.533
25,12.531
26,12.53
27,12.528
28,12.526
29,12.524
30,12.522
31,12.52
32,12.519
33,12.517
34,12.515
35,12.513
36,12.511
37,12.509
38,12.508
39,12.506
40,12.504
41,12.502
42,12.5
43,12.498
44,12.497
45,12.495
46,12.493
47,12.491
48,12.489
49,12.487
50,12.486
51,12.484
52,12.482
53,12.48
54,12.478
55,12.476
56,12.475
57,12.473
58,12.471
59,12.469
60,12.467
61,12.465
62,12.463
63,12.462
64,12.46
65,12.458
66,12.456
67,12.454
68,12.452
69,12.45
70,12.449
71,12.447
72,12.445
73,12.443
74,12.441
75,12.439
76,12.437
77,12.435
78,12.433
79,12.431
80,12.429
81,12.427
82,12.425
83,12.423
84,12.421
85,12.419
86,12.417
87,12.415
88,12.413
89,12.411
90,12.409
91,12.406
92,12.404
93,12.402
94,12.4
95,12.397
96,12.395
97,12.392
98,12.389
99,12.387
100,12.384
101,12.381
102,12.378
103,12.375
104,12.371
105,12.368
106,12.364
107,12.36
108,12.356
109,12.352
110,12.347
111,12.342
112,12.337
113,12.331
114,12.325
115,12.319
116,12.312
117,12.305
118,12.296
119,12.288
120,12.278
121,12.268
122,12.257
123,12.244
124,12.231
125,12.217
126,12.201
127,12.183
128,12.164
129,12.143
130,12.121
131,12.096
132,12.068
133,12.038
134,12.005
135,11.969
136,11.929
137,11.885
138,11.837
139,11.784
140,11.726
141,11.663
142,11.593
143,11.516
144,11.432
145,11.34
146,11.24
147,11.13
148,11.009
149,10.878
150,10.735
151,10.579
152,10.409
153,10.224
154,10.023
155,9.8057
156,9.5704
157,9.3162
158,9.0421
159,8.7469
160,8.4298
161,8.0896
162,7.7256
163,7.3368
164,6.9224
165,6.4817
166,6.014
167,5.5187
168,4.9954
169,4.4436
170,3.8631
171,3.2536
172,2.6152
173,1.9477
174,1.2512
175,0.52586
176,-0.22802
177,-1.0102
178,-1.8202
179,-2.6578
180,-3.5223
181,-4.4133
182,-5.3302
183,-6.2724
184,-7.2393
185,-8.2304
186,-9.2448
187,-10.282
188,-11.342
189,-12.422
190,-13.524
191,-14.646
192,-15.788
193,-16.948
194,-18.127
195,-19.324
196,-20.537
197,-21.768
198,-23.014
199,-24.276
200,-25.553
