0,15.556
1,15.554
2,15.552
3,15.551
4,15.549
5,15.547
6,15.545
7,15.543
8,15.541
9,15.54
10,15.538
11,15.536
12,15.534
13,15.532
14,15.53
15,15.529
16,15.527
17,15.525
18,15.523
19,15.521
20,15.519
21,15.518
22,15.516
23,15.514
24,15.512
25,15.51
26,15.508
27,15.507
28,15.505
29,15.503
30,15.501
31,15.499
32,15.497
33,15.496
34,15.494
35,15.492
36,15.49
37,15.488
38,15.486
39,15.485
40,15.483
41,15.481
42,15.479
43,15.477
44,15.475
45,15.473
46,15.472
47,15.47
48,15.468
49,15.466
50,15.464
51,15.462
52,15.46
53,15.458
54,15.457
55,15.455
56,15.453
57,15.451
58,15.449
59,15.447
60,15.445
61,15.443
62,15.441
63,15.439
64,15.437
65,15.435
66,15.433
67,15.431
68,15.429
69,15.427
70,15.425
71,15.422
72,15.42
73,15.418
74,15.416
75,15.413
76,15.411
77,15.408
78,15.406
79,15.403
80,15.401
81,15.398
82,15.395
83,15.392
84,15.389
85,15.386
86,15.382
87,15.379
88,15.375
89,15.371
90,15.367
91,15.363
92,15.358
93,15.354
94,15.348
95,15.343
96,15.337
97,15.331
98,15.324
99,15.317
100,15.309
101,15.301
102,15.292
103,15.282
104,15.271
105,15.26
106,15.247
107,15.233
108,15.219
109,15.202
110,15.185
111,15.166
112,15.145
113,15.122
114,15.097
115,15.07
116,15.04
117,15.007
118,14.971
119,14.932
120,14.889
121,14.842
122,14.791
123,14.735
124,14.674
125,14.607
126,14.533
127,14.453
128,14.366
129,14.27
130,14.166
131,14.053
132,13.929
133,13.795
134,13.649
135,13.49
136,13.318
137,13.131
138,12.929
139,12.711
140,12.476
141,12.223
142,11.95
143,11.657
144,11.344
145,11.008
146,10.65
147,10.268
148,9.8611
149,9.4295
150,8.9722
151,8.4886
152,7.9782
153,7.4406
154,6.8755
155,6.2827
156,5.6619
157,5.0133
158,4.3367
159,3.6323
160,2.9002
161,2.1407
162,1.354
163,0.54057
164,-0.29924
165,-1.165
166,-2.0562
167,-2.9723
168,-3.9128
169,-4.8772
170,-5.8648
171,-6.875
172,-7.9073
173,-8.9611
174,-10.036
175,-11.131
176,-12.245
177,-13.379
178,-14.531
179,-15.701
180,-16.888
181,-18.092
182,-19.312
183,-20.549
184,-21.8
185,-23.066
186,-24.347
187,-25.641
188,-26.948
189,-28.269
190,-29.602
191,-30.947
192,-32.304
193,-33.673
194,-35.052
195,-36.442
196,-37.843
197,-39.253
198,-40.673
199,-42.102
200,-43.541
