0,19
1,18.998
2,18.996
3,18.994
4,18.993
5,18.991
6,18.989
7,18.987
8,18.985
9,18.983
10,18.982
11,18.98
12,18.978
13,18.976
14,18.974
15,18.972
16,18.971
17,18.969
18,18.967
19,18.965
20,18.963
21,18.961
22,18.96
23,18.958
24,18.956
25,18.954
26,18.952
27,18.95
28,18.949
29,18.947
30,18.945
31,18.943
32,18.941
33,18.939
34,18.938
35,18.936
36,18.934
37,18.932
38,18.93
39,18.928
40,18.927
41,18.925
42,18.923
43,18.921
44,18.919
45,18.917
46,18.916
47,18.914
48,18.912
49,18.91
50,18.908
51,18.906
52,18.905
53,18.903
54,18.901
55,18.899
56,18.897
57,18.895
58,18.894
59,18.892
60,18.89
61,18.888
62,18.886
63,18.884
64,18.883
65,18.881
66,18.879
67,18.877
68,18.875
69,18.873
70,18.872
71,18.87
72,18.868
73,18.866
74,18.864
75,18.862
76,18.861
77,18.859
78,18.857
79,18.855
80,18.853
81,18.851
82,18.849
83,18.848
84,18.846
85,18.844
86,18.842
87,18.84
88,18.838
89,18.836
90,18.834
91,18.832
92,18.831
93,18.829
94,18.827
95,18.825
96,18.823
97,18.821
98,18.819
99,18.817
100,18.815
101,18.813
102,18.811
103,18.808
104,18.806
105,18.804
106,18.802
107,18.8
108,18.797
109,18.795
110,18.792
111,18.79
112,18.787
113,18.785
114,18.782
115,18.779
116,18.776
117,18.773
118,18.77
119,18.766
120,18.763
121,18.759
122,18.755
123,18.751
124,18.746
125,18.741
126,18.736
127,18.73
128,18.725
129,18.718
130,18.711
131,18.704
132,18.695
133,18.687
134,18.677
135,18.666
136,18.655
137,18.642
138,18.629
139,18.614
140,18.597
141,18.579
142,18.559
143,18.537
144,18.513
145,18.486
146,18.457
147,18.424
148,18.388
149,18.349
150,18.306
151,18.258
152,18.205
153,18.147
154,18.083
155,18.012
156,17.934
157,17.849
158,17.755
159,17.651
160,17.538
161,17.413
162,17.276
163,17.127
164,16.963
165,16.785
166,16.59
167,16.379
168,16.149
169,15.899
170,15.629
171,15.337
172,15.022
173,14.683
174,14.32
175,13.93
176,13.514
177,13.07
178,12.598
179,12.097
180,11.567
181,11.006
182,10.416
183,9.7954
184,9.1444
185,8.4631
186,7.7516
187,7.0101
188,6.2389
189,5.4384
190,4.6091
191,3.7514
192,2.866
193,1.9533
194,1.0141
195,0.04904
196,-0.94125
197,-1.956
198,-2.9946
199,-4.0563
200,-5.1403
