0,25.788
1,25.786
2,25.784
3,25.782
4,25.78
5,25.778
6,25.777
7,25.775
8,25.773
9,25.771
10,25.769
11,25.767
12,25.766
13,25.764
14,25.762
15,25.76
16,25.758
17,25.756
18,25.755
19,25.753
20,25.751
21,25.749
22,25.747
23,25.745
24,25.744
25,25.742
26,25.74
27,25.738
28,25.736
29,25.734
30,25.733
31,25.731
32,25.729
33,25.727
34,25.725
35,25.723
36,25.722
37,25.72
38,25.718
39,25.716
40,25.714
41,25.712
42,25.711
43,25.709
44,25.707
45,25.705
46,25.703
47,25.701
48,25.7
49,25.698
50,25.696
51,25.694
52,25.692
53,25.69
54,25.689
55,25.687
56,25.685
57,25.683
58,25.681
59,25.679
60,25.678
61,25.676
62,25.674
63,25.672
64,25.67
65,25.668
66,25.666
67,25.665
68,25.663
69,25.661
70,25.659
71,25.657
72,25.655
73,25.653
74,25.651
75,25.65
76,25.648
77,25.646
78,25.644
79,25.642
80,25.64
81,25.638
82,25.636
83,25.634
84,25.632
85,25.63
86,25.628
87,25.626
88,25.624
89,25.621
90,25.619
91,25.617
92,25.615
93,25.612
94,25.61
95,25.608
96,25.605
97,25.603
98,25.6
99,25.597
100,25.594
101,25.591
102,25.588
103,25.585
104,25.582
105,25.578
106,25.575
107,25.571
108,25.567
109,25.562
110,25.558
111,25.553
112,25.547
113,25.542
114,25.536
115,25.529
116,25.522
117,25.515
118,25.506
119,25.497
120,25.488
121,25.477
122,25.465
123,25.453
124,25.439
125,25.424
126,25.408
127,25.39
128,25.37
129,25.348
130,25.325
131,25.298
132,25.27
133,25.238
134,25.204
135,25.165
136,25.123
137,25.077
138,25.027
139,24.971
140,24.909
141,24.842
142,24.768
143,24.687
144,24.597
145,24.499
146,24.392
147,24.275
148,24.146
149,24.006
150,23.853
151,23.685
152,23.504
153,23.306
154,23.091
155,22.858
156,22.606
157,22.334
158,22.041
159,21.725
160,21.386
161,21.023
162,20.635
163,20.221
164,19.78
165,19.311
166,18.814
167,18.289
168,17.735
169,17.152
170,16.539
171,15.897
172,15.225
173,14.524
174,13.793
175,13.034
176,12.246
177,11.429
178,10.585
179,9.7133
180,8.8149
181,7.8904
182,6.9403
183,5.9652
184,4.9659
185,3.943
186,2.8972
187,1.8291
188,0.73943
189,-0.37116
190,-1.502
191,-2.6525
192,-3.8219
193,-5.0097
194,-6.2152
195,-7.4378
196,-8.677
197,-9.9322
198,-11.203
199,-12.488
200,-13.788
