0,28.474
1,28.472
2,28.47
3,28.468
4,28.466
5,28.464
6,28.463
7,28.461
8,28.459
9,28.457
10,28.455
11,28.454
12,28.452
13,28.45
14,28.448
15,28.446
16,28.444
17,28.443
18,28.441
19,28.439
20,28.437
21,28.435
22,28.433
23,28.432
24,28.43
25,28.428
26,28.426
27,28.424
28,28.422
29,28.421
30,28.419
31,28.417
32,28.415
33,28.413
34,28.411
35,28.41
36,28.408
37,28.406
38,28.404
39,28.402
40,28.4
41,28.399
42,28.397
43,28.395
44,28.393
45,28.391
46,28.389
47,28.388
48,28.386
49,28.384
50,28.382
51,28.38
52,28.378
53,28.376
54,28.375
55,28.373
56,28.371
57,28.369
58,28.367
59,28.365
60,28.363
61,28.362
62,28.36
63,28.358
64,28.356
65,28.354
66,28.352
67,28.35
68,28.348
69,28.346
70,28.345
71,28.343
72,28.341
73,28.339
74,28.337
75,28.335
76,28.333
77,28.331
78,28.329
79,28.327
80,28.325
81,28.322
82,28.32
83,28.318
84,28.316
85,28.314
86,28.311
87,28.309
88,28.306
89,28.304
90,28.301
91,28.299
92,28.296
93,28.293
94,28.29
95,28.287
96,28.284
97,28.281
98,28.277
99,28.274
100,28.27
101,28.266
102,28.261
103,28.257
104,28.252
105,28.247
106,28.241
107,28.235
108,28.229
109,28.222
110,28.214
111,28.206
112,28.198
113,28.188
114,28.178
115,28.167
116,28.154
117,28.141
118,28.127
119,28.111
120,28.093
121,28.074
122,28.054
123,28.031
124,28.006
125,27.978
126,27.948
127,27.915
128,27.879
129,27.839
130,27.795
131,27.747
132,27.694
133,27.636
134,27.572
135,27.502
136,27.426
137,27.342
138,27.249
139,27.148
140,27.038
141,26.917
142,26.785
143,26.641
144,26.484
145,26.314
146,26.128
147,25.926
148,25.708
149,25.471
150,25.215
151,24.939
152,24.643
153,24.323
154,23.981
155,23.615
156,23.224
157,22.807
158,22.363
159,21.893
160,21.395
161,20.868
162,20.313
163,19.729
164,19.116
165,18.474
166,17.803
167,17.103
168,16.373
169,15.616
170,14.829
171,14.015
172,13.174
173,12.305
174,11.41
175,10.489
176,9.5431
177,8.5722
178,7.5772
179,6.5587
180,5.5176
181,4.4543
182,3.3695
183,2.264
184,1.1383
185,-0.0069051
186,-1.171
187,-2.3534
188,-3.5534
189,-4.7706
190,-6.0042
191,-7.2539
192,-8.519
193,-9.799
194,-11.093
195,-12.402
196,-13.724
197,-15.058
198,-16.406
199,-17.766
200,-19.137
