0,13.667
1,13.666
2,13.664
3,13.662
4,13.66
5,13.658
6,13.656
7,13.655
8,13.653
9,13.651
10,13.649
11,13.647
12,13.645
13,13.644
14,13.642
15,13.64
16,13.638
17,13.636
18,13.634
19,13.633
20,13.631
21,13.629
22,13.627
23,13.625
24,13.623
25,13.622
26,13.62
27,13.618
28,13.616
29,13.614
30,13.612
31,13.611
32,13.609
33,13.607
34,13.605
35,13.603
36,13.601
37,13.6
38,13.598
39,13.596
40,13.594
41,13.592
42,13.59
43,13.589
44,13.587
45,13.585
46,13.583
47,13.581
48,13.579
49,13.578
50,13.576
51,13.574
52,13.572
53,13.57
54,13.568
55,13.567
56,13.565
57,13.563
58,13.561
59,13.559
60,13.557
61,13.556
62,13.554
63,13.552
64,13.55
65,13.548
66,13.546
67,13.544
68,13.543
69,13.541
70,13.539
71,13.537
72,13.535
73,13.533
74,13.531
75,13.529
76,13.527
77,13.525
78,13.524
79,13.522
80,13.52
81,13.518
82,13.516
83,13.514
84,13.512
85,13.51
86,13.508
87,13.506
88,13.503
89,13.501
90,13.499
91,13.497
92,13.495
93,13.492
94,13.49
95,13.488
96,13.485
97,13.483
98,13.48
99,13.478
100,13.475
101,13.472
102,13.469
103,13.466
104,13.463
105,13.459
106,13.456
107,13.452
108,13.448
109,13.444
110,13.44
111,13.435
112,13.43
113,13.425
114,13.419
115,13.413
116,13.406
117,13.399
118,13.392
119,13.383
120,13.374
121,13.365
122,13.354
123,13.343
124,13.33
125,13.317
126,13.302
127,13.285
128,13.268
129,13.248
130,13.227
131,13.203
132,13.178
133,13.15
134,13.119
135,13.085
136,13.047
137,13.006
138,12.961
139,12.912
140,12.857
141,12.798
142,12.732
143,12.66
144,12.581
145,12.495
146,12.4
147,12.297
148,12.183
149,12.059
150,11.924
151,11.776
152,11.615
153,11.44
154,11.25
155,11.043
156,10.82
157,10.578
158,10.316
159,10.034
160,9.7309
161,9.4051
162,9.0559
163,8.6825
164,8.2838
165,7.8591
166,7.4078
167,6.9291
168,6.4226
169,5.8878
170,5.3243
171,4.7319
172,4.1104
173,3.4598
174,2.78
175,2.0712
176,1.3336
177,0.56747
178,-0.22689
179,-1.0491
180,-1.8986
181,-2.7749
182,-3.6776
183,-4.6061
184,-5.5596
185,-6.5377
186,-7.5396
187,-8.5648
188,-9.6126
189,-10.682
190,-11.773
191,-12.885
192,-14.016
193,-15.167
194,-16.336
195,-17.524
196,-18.729
197,-19.951
198,-21.19
199,-22.444
200,-23.713
