0,15.196
1,15.194
2,15.192
3,15.191
4,15.189
5,15.187
6,15.185
7,15.183
8,15.181
9,15.18
10,15.178
11,15.176
12,15.174
13,15.172
14,15.17
15,15.169
16,15.167
17,15.165
18,15.163
19,15.161
20,15.159
21,15.158
22,15.156
23,15.154
24,15.152
25,15.15
26,15.148
27,15.147
28,15.145
29,15.143
30,15.141
31,15.139
32,15.137
33,15.136
34,15.134
35,15.132
36,15.13
37,15.128
38,15.127
39,15.125
40,15.123
41,15.121
42,15.119
43,15.117
44,15.116
45,15.114
46,15.112
47,15.11
48,15.108
49,15.106
50,15.105
51,15.103
52,15.101
53,15.099
54,15.097
55,15.095
56,15.093
57,15.092
58,15.09
59,15.088
60,15.086
61,15.084
62,15.082
63,15.081
64,15.079
65,15.077
66,15.075
67,15.073
68,15.071
69,15.069
70,15.068
71,15.066
72,15.064
73,15.062
74,15.06
75,15.058
76,15.056
77,15.054
78,15.053
79,15.051
80,15.049
81,15.047
82,15.045
83,15.043
84,15.041
85,15.039
86,15.037
87,15.035
88,15.033
89,15.031
90,15.029
91,15.027
92,15.025
93,15.023
94,15.02
95,15.018
96,15.016
97,15.014
98,15.011
99,15.009
100,15.006
101,15.004
102,15.001
103,14.998
104,14.996
105,14.993
106,14.99
107,14.987
108,14.983
109,14.98
110,14.976
111,14.972
112,14.968
113,14.964
114,14.959
115,14.954
116,14.949
117,14.944
118,14.938
119,14.931
120,14.924
121,14.917
122,14.908
123,14.9
124,14.89
125,14.88
126,14.868
127,14.856
128,14.843
129,14.828
130,14.812
131,14.794
132,14.775
133,14.754
134,14.73
135,14.705
136,14.677
137,14.646
138,14.612
139,14.575
140,14.534
141,14.489
142,14.439
143,14.384
144,14.325
145,14.259
146,14.187
147,14.107
148,14.02
149,13.925
150,13.82
151,13.706
152,13.581
153,13.444
154,13.294
155,13.131
156,12.954
157,12.761
158,12.552
159,12.325
160,12.079
161,11.813
162,11.527
163,11.219
164,10.887
165,10.532
166,10.153
167,9.7471
168,9.3152
169,8.8561
170,8.3693
171,7.8542
172,7.3103
173,6.7375
174,6.1353
175,5.5038
176,4.8428
177,4.1524
178,3.4328
179,2.6841
180,1.9068
181,1.1011
182,0.26751
183,-0.5935
184,-1.4814
185,-2.3956
186,-3.3356
187,-4.3006
188,-5.2901
189,-6.3034
190,-7.3399
191,-8.3988
192,-9.4795
193,-10.581
194,-11.704
195,-12.846
196,-14.007
197,-15.187
198,-16.385
199,-17.6
200,-18.832
