0,13.761
1,13.759
2,13.758
3,13.756
4,13.754
5,13.752
6,13.75
7,13.748
8,13.747
9,13.745
10,13.743
11,13.741
12,13.739
13,13.737
14,13.736
15,13.734
16,13.732
17,13.73
18,13.728
19,13.726
20,13.725
21,13.723
22,13.721
23,13.719
24,13.717
25,13.715
26,13.714
27,13.712
28,13.71
29,13.708
30,13.706
31,13.704
32,13.703
33,13.701
34,13.699
35,13.697
36,13.695
37,13.693
38,13.691
39,13.69
40,13.688
41,13.686
42,13.684
43,13.682
44,13.68
45,13.679
46,13.677
47,13.675
48,13.673
49,13.671
50,13.669
51,13.667
52,13.665
53,13.664
54,13.662
55,13.66
56,13.658
57,13.656
58,13.654
59,13.652
60,13.65
61,13.648
62,13.646
63,13.644
64,13.642
65,13.64
66,13.638
67,13.636
68,13.634
69,13.632
70,13.63
71,13.628
72,13.626
73,13.623
74,13.621
75,13.619
76,13.617
77,13.614
78,13.612
79,13.609
80,13.607
81,13.604
82,13.601
83,13.598
84,13.595
85,13.592
86,13.589
87,13.586
88,13.582
89,13.578
90,13.575
91,13.57
92,13.566
93,13.562
94,13.557
95,13.552
96,13.546
97,13.54
98,13.534
99,13.527
100,13.52
101,13.512
102,13.503
103,13.494
104,13.484
105,13.474
106,13.462
107,13.45
108,13.436
109,13.421
110,13.405
111,13.387
112,13.368
113,13.347
114,13.324
115,13.298
116,13.271
117,13.241
118,13.208
119,13.172
120,13.133
121,13.09
122,13.043
123,12.991
124,12.935
125,12.873
126,12.805
127,12.732
128,12.651
129,12.563
130,12.467
131,12.362
132,12.248
133,12.124
134,11.989
135,11.842
136,11.682
137,11.509
138,11.322
139,11.119
140,10.9
141,10.663
142,10.409
143,10.135
144,9.8408
145,9.5257
146,9.1886
147,8.8286
148,8.445
149,8.0369
150,7.6036
151,7.1446
152,6.6592
153,6.147
154,5.6076
155,5.0407
156,4.4461
157,3.8235
158,3.173
159,2.4946
160,1.7883
161,1.0544
162,0.29313
163,-0.4953
164,-1.3105
165,-2.152
166,-3.0195
167,-3.9123
168,-4.8301
169,-5.7722
170,-6.738
171,-7.7271
172,-8.7389
173,-9.7726
174,-10.828
175,-11.904
176,-13
177,-14.116
178,-15.25
179,-16.404
180,-17.575
181,-18.763
182,-19.968
183,-21.19
184,-22.427
185,-23.679
186,-24.947
187,-26.228
188,-27.523
189,-28.832
190,-30.153
191,-31.487
192,-32.833
193,-34.191
194,-35.56
195,-36.94
196,-38.331
197,-39.732
198,-41.143
199,-42.563
200,-43.993
