0,17.683
1,17.681
2,17.68
3,17.678
4,17.676
5,17.674
6,17.672
7,17.67
8,17.669
9,17.667
10,17.665
11,17.663
12,17.661
13,17.659
14,17.658
15,17.656
16,17.654
17,17.652
18,17.65
19,17.648
20,17.647
21,17.645
22,17.643
23,17.641
24,17.639
25,17.637
26,17.636
27,17.634
28,17.632
29,17.63
30,17.628
31,17.626
32,17.625
33,17.623
34,17.621
35,17.619
36,17.617
37,17.615
38,17.614
39,17.612
40,17.61
41,17.608
42,17.606
43,17.604
44,17.602
45,17.601
46,17.599
47,17.597
48,17.595
49,17.593
50,17.591
51,17.589
52,17.588
53,17.586
54,17.584
55,17.582
56,17.58
57,17.578
58,17.576
59,17.574
60,17.573
61,17.571
62,17.569
63,17.567
64,17.565
65,17.563
66,17.561
67,17.559
68,17.557
69,17.555
70,17.553
71,17.551
72,17.549
73,17.547
74,17.545
75,17.542
76,17.54
77,17.538
78,17.536
79,17.533
80,17.531
81,17.529
82,17.526
83,17.524
84,17.521
85,17.518
86,17.515
87,17.512
88,17.509
89,17.506
90,17.503
91,17.5
92,17.496
93,17.492
94,17.488
95,17.484
96,17.479
97,17.475
98,17.47
99,17.464
100,17.459
101,17.452
102,17.446
103,17.439
104,17.431
105,17.423
106,17.414
107,17.404
108,17.394
109,17.382
110,17.37
111,17.356
112,17.342
113,17.326
114,17.308
115,17.289
116,17.268
117,17.246
118,17.221
119,17.193
120,17.164
121,17.131
122,17.095
123,17.056
124,17.013
125,16.966
126,16.914
127,16.858
128,16.796
129,16.728
130,16.654
131,16.573
132,16.485
133,16.388
134,16.283
135,16.167
136,16.042
137,15.905
138,15.756
139,15.595
140,15.419
141,15.229
142,15.023
143,14.8
144,14.56
145,14.3
146,14.022
147,13.722
148,13.401
149,13.057
150,12.69
151,12.299
152,11.883
153,11.441
154,10.972
155,10.477
156,9.9547
157,9.4045
158,8.8264
159,8.22
160,7.5854
161,6.9225
162,6.2313
163,5.5121
164,4.7649
165,3.9901
166,3.188
167,2.359
168,1.5036
169,0.62219
170,-0.28468
171,-1.2164
172,-2.1726
173,-3.1524
174,-4.1554
175,-5.181
176,-6.2284
177,-7.2972
178,-8.3866
179,-9.4961
180,-10.625
181,-11.773
182,-12.939
183,-14.123
184,-15.324
185,-16.541
186,-17.775
187,-19.024
188,-20.288
189,-21.566
190,-22.859
191,-24.165
192,-25.485
193,-26.817
194,-28.161
195,-29.518
196,-30.886
197,-32.265
198,-33.655
199,-35.055
200,-36.465
