0,12.48
1,12.478
2,12.476
3,12.474
4,12.472
5,12.47
6,12.469
7,12.467
8,12.465
9,12.463
10,12.461
11,12.459
12,12.458
13,12.456
14,12.454
15,12.452
16,12.45
17,12.448
18,12.447
19,12.445
20,12.443
21,12.441
22,12.439
23,12.437
24,12.436
25,12.434
26,12.432
27,12.43
28,12.428
29,12.427
30,12.425
31,12.423
32,12.421
33,12.419
34,12.417
35,12.416
36,12.414
37,12.412
38,12.41
39,12.408
40,12.406
41,12.405
42,12.403
43,12.401
44,12.399
45,12.397
46,12.395
47,12.394
48,12.392
49,12.39
50,12.388
51,12.386
52,12.384
53,12.383
54,12.381
55,12.379
56,12.377
57,12.375
58,12.373
59,12.371
60,12.37
61,12.368
62,12.366
63,12.364
64,12.362
65,12.36
66,12.359
67,12.357
68,12.355
69,12.353
70,12.351
71,12.349
72,12.347
73,12.345
74,12.344
75,12.342
76,12.34
77,12.338
78,12.336
79,12.334
80,12.332
81,12.33
82,12.328
83,12.326
84,12.324
85,12.322
86,12.32
87,12.318
88,12.316
89,12.314
90,12.312
91,12.31
92,12.308
93,12.306
94,12.303
95,12.301
96,12.299
97,12.296
98,12.294
99,12.291
100,12.289
101,12.286
102,12.283
103,12.281
104,12.278
105,12.275
106,12.271
107,12.268
108,12.264
109,12.261
110,12.257
111,12.253
112,12.248
113,12.244
114,12.239
115,12.233
116,12.228
117,12.221
118,12.215
119,12.208
120,12.2
121,12.192
122,12.183
123,12.173
124,12.162
125,12.151
126,12.138
127,12.125
128,12.11
129,12.093
130,12.075
131,12.056
132,12.034
133,12.011
134,11.985
135,11.956
136,11.925
137,11.891
138,11.853
139,11.811
140,11.766
141,11.716
142,11.661
143,11.6
144,11.534
145,11.461
146,11.381
147,11.294
148,11.198
149,11.093
150,10.978
151,10.852
152,10.715
153,10.565
154,10.402
155,10.224
156,10.031
157,9.822
158,9.595
159,9.3495
160,9.0844
161,8.7986
162,8.491
163,8.1608
164,7.8069
165,7.4284
166,7.0245
167,6.5943
168,6.1373
169,5.6527
170,5.1401
171,4.5989
172,4.029
173,3.4299
174,2.8017
175,2.1442
176,1.4576
177,0.74182
178,-0.0027798
179,-0.77594
180,-1.5773
181,-2.4065
182,-3.263
183,-4.1463
184,-5.0558
185,-5.991
186,-6.9513
187,-7.936
188,-8.9444
189,-9.976
190,-11.03
191,-12.106
192,-13.203
193,-14.32
194,-15.458
195,-16.614
196,-17.789
197,-18.982
198,-20.193
199,-21.42
200,-22.663
