0,23.724
1,23.722
2,23.721
3,23.719
4,23.717
5,23.715
6,23.713
7,23.711
8,23.71
9,23.708
10,23.706
11,23.704
12,23.702
13,23.7
14,23.699
15,23.697
16,23.695
17,23.693
18,23.691
19,23.689
20,23.688
21,23.686
22,23.684
23,23.682
24,23.68
25,23.678
26,23.677
27,23.675
28,23.673
29,23.671
30,23.669
31,23.667
32,23.666
33,23.664
34,23.662
35,23.66
36,23.658
37,23.656
38,23.655
39,23.653
40,23.651
41,23.649
42,23.647
43,23.645
44,23.644
45,23.642
46,23.64
47,23.638
48,23.636
49,23.634
50,23.633
51,23.631
52,23.629
53,23.627
54,23.625
55,23.623
56,23.622
57,23.62
58,23.618
59,23.616
60,23.614
61,23.612
62,23.611
63,23.609
64,23.607
65,23.605
66,23.603
67,23.601
68,23.6
69,23.598
70,23.596
71,23.594
72,23.592
73,23.59
74,23.588
75,23.587
76,23.585
77,23.583
78,23.581
79,23.579
80,23.577
81,23.575
82,23.573
83,23.571
84,23.569
85,23.568
86,23.566
87,23.564
88,23.562
89,23.56
90,23.558
91,23.556
92,23.554
93,23.552
94,23.549
95,23.547
96,23.545
97,23.543
98,23.541
99,23.538
100,23.536
101,23.534
102,23.531
103,23.529
104,23.526
105,23.524
106,23.521
107,23.518
108,23.515
109,23.512
110,23.509
111,23.505
112,23.502
113,23.498
114,23.494
115,23.49
116,23.485
117,23.48
118,23.475
119,23.47
120,23.464
121,23.457
122,23.451
123,23.443
124,23.435
125,23.427
126,23.417
127,23.407
128,23.396
129,23.383
130,23.37
131,23.355
132,23.339
133,23.322
134,23.303
135,23.281
136,23.258
137,23.232
138,23.204
139,23.173
140,23.139
141,23.101
142,23.06
143,23.014
144,22.964
145,22.909
146,22.848
147,22.781
148,22.707
149,22.626
150,22.537
151,22.44
152,22.332
153,22.215
154,22.086
155,21.945
156,21.791
157,21.623
158,21.44
159,21.241
160,21.024
161,20.789
162,20.534
163,20.259
164,19.962
165,19.643
166,19.299
167,18.931
168,18.537
169,18.117
170,17.669
171,17.193
172,16.689
173,16.156
174,15.593
175,15.001
176,14.378
177,13.726
178,13.044
179,12.332
180,11.59
181,10.819
182,10.02
183,9.1915
184,8.3353
185,7.4516
186,6.5411
187,5.6044
188,4.642
189,3.6547
190,2.6432
191,1.6081
192,0.55008
193,-0.53011
194,-1.6318
195,-2.7543
196,-3.8969
197,-5.059
198,-6.24
199,-7.4391
200,-8.6559
