0,21.699
1,21.697
2,21.695
3,21.693
4,21.692
5,21.69
6,21.688
7,21.686
8,21.684
9,21.682
10,21.681
11,21.679
12,21.677
13,21.675
14,21.673
15,21.671
16,21.67
17,21.668
18,21.666
19,21.664
20,21.662
21,21.66
22,21.659
23,21.657
24,21.655
25,21.653
26,21.651
27,21.649
28,21.648
29,21.646
30,21.644
31,21.642
32,21.64
33,21.638
34,21.637
35,21.635
36,21.633
37,21.631
38,21.629
39,21.627
40,21.625
41,21.624
42,21.622
43,21.62
44,21.618
45,21.616
46,21.614
47,21.612
48,21.61
49,21.608
50,21.607
51,21.605
52,21.603
53,21.601
54,21.599
55,21.597
56,21.595
57,21.593
58,21.591
59,21.589
60,21.587
61,21.585
62,21.583
63,21.581
64,21.578
65,21.576
66,21.574
67,21.572
68,21.569
69,21.567
70,21.565
71,21.562
72,21.56
73,21.557
74,21.554
75,21.552
76,21.549
77,21.546
78,21.543
79,21.54
80,21.536
81,21.533
82,21.529
83,21.525
84,21.521
85,21.517
86,21.512
87,21.508
88,21.502
89,21.497
90,21.491
91,21.485
92,21.478
93,21.471
94,21.463
95,21.455
96,21.446
97,21.436
98,21.426
99,21.415
100,21.402
101,21.389
102,21.374
103,21.358
104,21.341
105,21.322
106,21.302
107,21.279
108,21.255
109,21.228
110,21.199
111,21.167
112,21.132
113,21.093
114,21.052
115,21.006
116,20.956
117,20.901
118,20.841
119,20.776
120,20.705
121,20.627
122,20.542
123,20.449
124,20.348
125,20.237
126,20.117
127,19.987
128,19.845
129,19.691
130,19.524
131,19.342
132,19.146
133,18.935
134,18.706
135,18.46
136,18.195
137,17.911
138,17.606
139,17.28
140,16.931
141,16.56
142,16.164
143,15.744
144,15.298
145,14.827
146,14.329
147,13.804
148,13.252
149,12.673
150,12.066
151,11.431
152,10.768
153,10.078
154,9.3601
155,8.6149
156,7.8425
157,7.0434
158,6.2178
159,5.3662
160,4.489
161,3.5867
162,2.66
163,1.7092
164,0.73496
165,-0.26211
166,-1.2815
167,-2.3225
168,-3.3846
169,-4.4671
170,-5.5696
171,-6.6914
172,-7.8319
173,-8.9905
174,-10.167
175,-11.36
176,-12.57
177,-13.796
178,-15.037
179,-16.293
180,-17.564
181,-18.849
182,-20.147
183,-21.459
184,-22.783
185,-24.12
186,-25.468
187,-26.829
188,-28.2
189,-29.582
190,-30.975
191,-32.378
192,-33.791
193,-35.213
194,-36.644
195,-38.085
196,-39.534
197,-40.992
198,-42.458
199,-43.932
200,-45.414
