0,15.496
1,15.494
2,15.492
3,15.49
4,15.488
5,15.486
6,15.485
7,15.483
8,15.481
9,15.479
10,15.477
11,15.475
12,15.474
13,15.472
14,15.47
15,15.468
16,15.466
17,15.464
18,15.463
19,15.461
20,15.459
21,15.457
22,15.455
23,15.453
24,15.452
25,15.45
26,15.448
27,15.446
28,15.444
29,15.442
30,15.441
31,15.439
32,15.437
33,15.435
34,15.433
35,15.431
36,15.43
37,15.428
38,15.426
39,15.424
40,15.422
41,15.42
42,15.419
43,15.417
44,15.415
45,15.413
46,15.411
47,15.409
48,15.408
49,15.406
50,15.404
51,15.402
52,15.4
53,15.398
54,15.397
55,15.395
56,15.393
57,15.391
58,15.389
59,15.387
60,15.385
61,15.384
62,15.382
63,15.38
64,15.378
65,15.376
66,15.374
67,15.372
68,15.371
69,15.369
70,15.367
71,15.365
72,15.363
73,15.361
74,15.359
75,15.357
76,15.355
77,15.353
78,15.351
79,15.349
80,15.347
81,15.345
82,15.343
83,15.341
84,15.339
85,15.337
86,15.335
87,15.333
88,15.33
89,15.328
90,15.326
91,15.323
92,15.321
93,15.318
94,15.316
95,15.313
96,15.311
97,15.308
98,15.305
99,15.302
100,15.299
101,15.295
102,15.292
103,15.288
104,15.284
105,15.28
106,15.276
107,15.271
108,15.266
109,15.261
110,15.256
111,15.25
112,15.243
113,15.237
114,15.229
115,15.221
116,15.212
117,15.203
118,15.193
119,15.182
120,15.17
121,15.157
122,15.142
123,15.127
124,15.11
125,15.091
126,15.07
127,15.048
128,15.023
129,14.996
130,14.967
131,14.934
132,14.899
133,14.86
134,14.817
135,14.77
136,14.718
137,14.661
138,14.599
139,14.531
140,14.456
141,14.374
142,14.284
143,14.185
144,14.078
145,13.96
146,13.832
147,13.691
148,13.539
149,13.372
150,13.192
151,12.995
152,12.783
153,12.553
154,12.304
155,12.035
156,11.746
157,11.436
158,11.102
159,10.746
160,10.364
161,9.9577
162,9.5251
163,9.0658
164,8.5793
165,8.0649
166,7.5222
167,6.951
168,6.3511
169,5.7222
170,5.0643
171,4.3776
172,3.662
173,2.9179
174,2.1455
175,1.3452
176,0.51731
177,-0.33765
178,-1.2192
179,-2.1268
180,-3.0598
181,-4.0177
182,-4.9998
183,-6.0055
184,-7.0342
185,-8.0853
186,-9.158
187,-10.252
188,-11.366
189,-12.5
190,-13.653
191,-14.824
192,-16.014
193,-17.22
194,-18.444
195,-19.684
196,-20.939
197,-22.21
198,-23.495
199,-24.794
200,-26.107
