0,19.699
1,19.697
2,19.695
3,19.693
4,19.691
5,19.689
6,19.688
7,19.686
8,19.684
9,19.682
10,19.68
11,19.678
12,19.677
13,19.675
14,19.673
15,19.671
16,19.669
17,19.667
18,19.666
19,19.664
20,19.662
21,19.66
22,19.658
23,19.657
24,19.655
25,19.653
26,19.651
27,19.649
28,19.647
29,19.646
30,19.644
31,19.642
32,19.64
33,19.638
34,19.636
35,19.635
36,19.633
37,19.631
38,19.629
39,19.627
40,19.625
41,19.624
42,19.622
43,19.62
44,19.618
45,19.616
46,19.614
47,19.613
48,19.611
49,19.609
50,19.607
51,19.605
52,19.603
53,19.602
54,19.6
55,19.598
56,19.596
57,19.594
58,19.592
59,19.59
60,19.589
61,19.587
62,19.585
63,19.583
64,19.581
65,19.579
66,19.578
67,19.576
68,19.574
69,19.572
70,19.57
71,19.568
72,19.566
73,19.564
74,19.563
75,19.561
76,19.559
77,19.557
78,19.555
79,19.553
80,19.551
81,19.549
82,19.547
83,19.545
84,19.543
85,19.541
86,19.539
87,19.537
88,19.535
89,19.533
90,19.531
91,19.529
92,19.527
93,19.524
94,19.522
95,19.52
96,19.517
97,19.515
98,19.512
99,19.51
100,19.507
101,19.504
102,19.502
103,19.499
104,19.495
105,19.492
106,19.489
107,19.485
108,19.482
109,19.478
110,19.474
111,19.469
112,19.464
113,19.459
114,19.454
115,19.448
116,19.442
117,19.436
118,19.428
119,19.421
120,19.412
121,19.403
122,19.393
123,19.383
124,19.371
125,19.358
126,19.344
127,19.329
128,19.313
129,19.294
130,19.274
131,19.253
132,19.229
133,19.202
134,19.173
135,19.141
136,19.106
137,19.068
138,19.025
139,18.979
140,18.928
141,18.871
142,18.81
143,18.742
144,18.667
145,18.585
146,18.495
147,18.397
148,18.289
149,18.171
150,18.042
151,17.901
152,17.747
153,17.579
154,17.396
155,17.198
156,16.983
157,16.749
158,16.497
159,16.224
160,15.93
161,15.614
162,15.275
163,14.912
164,14.523
165,14.109
166,13.667
167,13.199
168,12.702
169,12.177
170,11.624
171,11.041
172,10.428
173,9.7868
174,9.1157
175,8.4153
176,7.6857
177,6.9271
178,6.14
179,5.3247
180,4.4816
181,3.6113
182,2.7143
183,1.7912
184,0.8425
185,-0.13102
186,-1.1288
187,-2.1501
188,-3.1943
189,-4.2608
190,-5.3488
191,-6.4578
192,-7.5869
193,-8.7357
194,-9.9034
195,-11.09
196,-12.293
197,-13.514
198,-14.752
199,-16.005
200,-17.274
