0,24.628
1,24.626
2,24.624
3,24.623
4,24.621
5,24.619
6,24.617
7,24.615
8,24.613
9,24.612
10,24.61
11,24.608
12,24.606
13,24.604
14,24.602
15,24.601
16,24.599
17,24.597
18,24.595
19,24.593
20,24.591
21,24.59
22,24.588
23,24.586
24,24.584
25,24.582
26,24.58
27,24.579
28,24.577
29,24.575
30,24.573
31,24.571
32,24.569
33,24.568
34,24.566
35,24.564
36,24.562
37,24.56
38,24.558
39,24.557
40,24.555
41,24.553
42,24.551
43,24.549
44,24.547
45,24.546
46,24.544
47,24.542
48,24.54
49,24.538
50,24.536
51,24.535
52,24.533
53,24.531
54,24.529
55,24.527
56,24.525
57,24.524
58,24.522
59,24.52
60,24.518
61,24.516
62,24.514
63,24.513
64,24.511
65,24.509
66,24.507
67,24.505
68,24.503
69,24.502
70,24.5
71,24.498
72,24.496
73,24.494
74,24.492
75,24.49
76,24.489
77,24.487
78,24.485
79,24.483
80,24.481
81,24.479
82,24.477
83,24.475
84,24.474
85,24.472
86,24.47
87,24.468
88,24.466
89,24.464
90,24.462
91,24.46
92,24.458
93,24.456
94,24.454
95,24.452
96,24.45
97,24.448
98,24.445
99,24.443
100,24.441
101,24.439
102,24.436
103,24.434
104,24.432
105,24.429
106,24.427
107,24.424
108,24.421
109,24.418
110,24.416
111,24.412
112,24.409
113,24.406
114,24.402
115,24.399
116,24.395
117,24.39
118,24.386
119,24.381
120,24.376
121,24.371
122,24.365
123,24.359
124,24.352
125,24.345
126,24.337
127,24.328
128,24.319
129,24.309
130,24.298
131,24.286
132,24.273
133,24.258
134,24.242
135,24.225
136,24.206
137,24.185
138,24.162
139,24.136
140,24.109
141,24.078
142,24.044
143,24.006
144,23.965
145,23.92
146,23.87
147,23.815
148,23.754
149,23.687
150,23.614
151,23.533
152,23.444
153,23.346
154,23.239
155,23.121
156,22.992
157,22.851
158,22.696
159,22.528
160,22.344
161,22.143
162,21.926
163,21.689
164,21.433
165,21.156
166,20.857
167,20.536
168,20.19
169,19.819
170,19.422
171,18.998
172,18.547
173,18.067
174,17.559
175,17.021
176,16.453
177,15.856
178,15.228
179,14.571
180,13.883
181,13.165
182,12.418
183,11.641
184,10.835
185,10.001
186,9.1382
187,8.2482
188,7.3313
189,6.3882
190,5.4194
191,4.4257
192,3.4078
193,2.3663
194,1.302
195,0.21549
196,-0.89242
197,-2.0211
198,-3.1698
199,-4.338
200,-5.5249
