0,20.63
1,20.629
2,20.627
3,20.625
4,20.623
5,20.621
6,20.619
7,20.618
8,20.616
9,20.614
10,20.612
11,20.61
12,20.608
13,20.607
14,20.605
15,20.603
16,20.601
17,20.599
18,20.597
19,20.596
20,20.594
21,20.592
22,20.59
23,20.588
24,20.586
25,20.585
26,20.583
27,20.581
28,20.579
29,20.577
30,20.575
31,20.574
32,20.572
33,20.57
34,20.568
35,20.566
36,20.564
37,20.563
38,20.561
39,20.559
40,20.557
41,20.555
42,20.553
43,20.551
44,20.55
45,20.548
46,20.546
47,20.544
48,20.542
49,20.54
50,20.538
51,20.537
52,20.535
53,20.533
54,20.531
55,20.529
56,20.527
57,20.525
58,20.523
59,20.522
60,20.52
61,20.518
62,20.516
63,20.514
64,20.512
65,20.51
66,20.508
67,20.506
68,20.504
69,20.502
70,20.5
71,20.498
72,20.496
73,20.493
74,20.491
75,20.489
76,20.487
77,20.484
78,20.482
79,20.48
80,20.477
81,20.475
82,20.472
83,20.469
84,20.467
85,20.464
86,20.461
87,20.458
88,20.455
89,20.451
90,20.448
91,20.444
92,20.44
93,20.436
94,20.432
95,20.427
96,20.422
97,20.417
98,20.411
99,20.405
100,20.399
101,20.392
102,20.385
103,20.377
104,20.368
105,20.359
106,20.349
107,20.338
108,20.326
109,20.313
110,20.299
111,20.283
112,20.267
113,20.248
114,20.228
115,20.206
116,20.183
117,20.156
118,20.128
119,20.096
120,20.062
121,20.025
122,19.983
123,19.938
124,19.889
125,19.835
126,19.776
127,19.711
128,19.64
129,19.562
130,19.477
131,19.384
132,19.283
133,19.172
134,19.052
135,18.92
136,18.777
137,18.622
138,18.453
139,18.269
140,18.071
141,17.856
142,17.624
143,17.374
144,17.104
145,16.814
146,16.503
147,16.17
148,15.814
149,15.434
150,15.03
151,14.6
152,14.144
153,13.661
154,13.152
155,12.614
156,12.049
157,11.456
158,10.835
159,10.185
160,9.5069
161,8.8007
162,8.0665
163,7.3046
164,6.5152
165,5.6987
166,4.8555
167,3.9861
168,3.0911
169,2.1708
170,1.226
171,0.25711
172,-0.73518
173,-1.7503
174,-2.7876
175,-3.8465
176,-4.9264
177,-6.0266
178,-7.1465
179,-8.2856
180,-9.4433
181,-10.619
182,-11.812
183,-13.022
184,-14.248
185,-15.49
186,-16.747
187,-18.019
188,-19.305
189,-20.605
190,-21.918
191,-23.244
192,-24.583
193,-25.934
194,-27.297
195,-28.671
196,-30.056
197,-31.451
198,-32.857
199,-34.273
200,-35.698
