0,28.506
1,28.504
2,28.502
3,28.501
4,28.499
5,28.497
6,28.495
7,28.493
8,28.491
9,28.49
10,28.488
11,28.486
12,28.484
13,28.482
14,28.48
15,28.479
16,28.477
17,28.475
18,28.473
19,28.471
20,28.469
21,28.468
22,28.466
23,28.464
24,28.462
25,28.46
26,28.458
27,28.457
28,28.455
29,28.453
30,28.451
31,28.449
32,28.447
33,28.445
34,28.444
35,28.442
36,28.44
37,28.438
38,28.436
39,28.434
40,28.433
41,28.431
42,28.429
43,28.427
44,28.425
45,28.423
46,28.421
47,28.419
48,28.418
49,28.416
50,28.414
51,28.412
52,28.41
53,28.408
54,28.406
55,28.404
56,28.402
57,28.4
58,28.398
59,28.396
60,28.394
61,28.392
62,28.39
63,28.388
64,28.386
65,28.384
66,28.382
67,28.38
68,28.378
69,28.375
70,28.373
71,28.371
72,28.368
73,28.366
74,28.363
75,28.361
76,28.358
77,28.355
78,28.352
79,28.349
80,28.346
81,28.343
82,28.34
83,28.336
84,28.333
85,28.329
86,28.325
87,28.32
88,28.316
89,28.311
90,28.306
91,28.3
92,28.294
93,28.288
94,28.281
95,28.274
96,28.266
97,28.258
98,28.249
99,28.239
100,28.228
101,28.216
102,28.204
103,28.19
104,28.175
105,28.159
106,28.141
107,28.121
108,28.1
109,28.077
110,28.052
111,28.024
112,27.993
113,27.96
114,27.924
115,27.884
116,27.84
117,27.793
118,27.74
119,27.683
120,27.621
121,27.552
122,27.477
123,27.395
124,27.306
125,27.208
126,27.102
127,26.985
128,26.859
129,26.721
130,26.571
131,26.409
132,26.232
133,26.041
134,25.834
135,25.611
136,25.369
137,25.11
138,24.83
139,24.53
140,24.209
141,23.865
142,23.498
143,23.107
144,22.691
145,22.249
146,21.781
147,21.287
148,20.766
149,20.217
150,19.64
151,19.035
152,18.402
153,17.741
154,17.052
155,16.335
156,15.59
157,14.818
158,14.019
159,13.193
160,12.34
161,11.462
162,10.558
163,9.6297
164,8.6769
165,7.7004
166,6.7009
167,5.6789
168,4.635
169,3.5698
170,2.484
171,1.3781
172,0.25283
173,-0.89133
174,-2.0538
175,-3.2339
176,-4.4311
177,-5.645
178,-6.8749
179,-8.1204
180,-9.3809
181,-10.656
182,-11.945
183,-13.248
184,-14.564
185,-15.893
186,-17.234
187,-18.587
188,-19.951
189,-21.327
190,-22.714
191,-24.111
192,-25.518
193,-26.935
194,-28.362
195,-29.798
196,-31.243
197,-32.696
198,-34.159
199,-35.629
200,-37.107
