0,20.501
1,20.499
2,20.497
3,20.496
4,20.494
5,20.492
6,20.49
7,20.488
8,20.486
9,20.485
10,20.483
11,20.481
12,20.479
13,20.477
14,20.475
15,20.474
16,20.472
17,20.47
18,20.468
19,20.466
20,20.464
21,20.463
22,20.461
23,20.459
24,20.457
25,20.455
26,20.453
27,20.452
28,20.45
29,20.448
30,20.446
31,20.444
32,20.442
33,20.441
34,20.439
35,20.437
36,20.435
37,20.433
38,20.431
39,20.43
40,20.428
41,20.426
42,20.424
43,20.422
44,20.42
45,20.419
46,20.417
47,20.415
48,20.413
49,20.411
50,20.409
51,20.408
52,20.406
53,20.404
54,20.402
55,20.4
56,20.398
57,20.397
58,20.395
59,20.393
60,20.391
61,20.389
62,20.387
63,20.385
64,20.384
65,20.382
66,20.38
67,20.378
68,20.376
69,20.374
70,20.372
71,20.37
72,20.368
73,20.367
74,20.365
75,20.363
76,20.361
77,20.359
78,20.357
79,20.355
80,20.353
81,20.351
82,20.349
83,20.347
84,20.345
85,20.342
86,20.34
87,20.338
88,20.336
89,20.334
90,20.331
91,20.329
92,20.327
93,20.324
94,20.322
95,20.319
96,20.316
97,20.313
98,20.311
99,20.307
100,20.304
101,20.301
102,20.298
103,20.294
104,20.29
105,20.286
106,20.282
107,20.277
108,20.272
109,20.267
110,20.262
111,20.256
112,20.249
113,20.243
114,20.235
115,20.227
116,20.219
117,20.209
118,20.199
119,20.188
120,20.176
121,20.163
122,20.149
123,20.133
124,20.116
125,20.097
126,20.077
127,20.054
128,20.03
129,20.003
130,19.973
131,19.94
132,19.904
133,19.865
134,19.822
135,19.774
136,19.722
137,19.665
138,19.602
139,19.533
140,19.457
141,19.374
142,19.284
143,19.184
144,19.075
145,18.956
146,18.826
147,18.683
148,18.528
149,18.36
150,18.176
151,17.977
152,17.761
153,17.527
154,17.275
155,17.002
156,16.708
157,16.392
158,16.054
159,15.691
160,15.304
161,14.891
162,14.451
163,13.985
164,13.491
165,12.968
166,12.418
167,11.838
168,11.23
169,10.592
170,9.925
171,9.229
172,8.5042
173,7.7506
174,6.9687
175,6.1588
176,5.3214
177,4.4568
178,3.5657
179,2.6487
180,1.7062
181,0.73886
182,-0.25258
183,-1.2675
184,-2.3054
185,-3.3654
186,-4.447
187,-5.5494
188,-6.6721
189,-7.8145
190,-8.9758
191,-10.155
192,-11.353
193,-12.567
194,-13.799
195,-15.046
196,-16.309
197,-17.587
198,-18.879
199,-20.185
200,-21.505
