0,14.681
1,14.679
2,14.677
3,14.675
4,14.673
5,14.671
6,14.67
7,14.668
8,14.666
9,14.664
10,14.662
11,14.66
12,14.659
13,14.657
14,14.655
15,14.653
16,14.651
17,14.649
18,14.648
19,14.646
20,14.644
21,14.642
22,14.64
23,14.638
24,14.637
25,14.635
26,14.633
27,14.631
28,14.629
29,14.627
30,14.626
31,14.624
32,14.622
33,14.62
34,14.618
35,14.616
36,14.615
37,14.613
38,14.611
39,14.609
40,14.607
41,14.605
42,14.604
43,14.602
44,14.6
45,14.598
46,14.596
47,14.594
48,14.592
49,14.591
50,14.589
51,14.587
52,14.585
53,14.583
54,14.581
55,14.579
56,14.578
57,14.576
58,14.574
59,14.572
60,14.57
61,14.568
62,14.566
63,14.564
64,14.562
65,14.561
66,14.559
67,14.557
68,14.555
69,14.553
70,14.551
71,14.549
72,14.547
73,14.545
74,14.543
75,14.541
76,14.539
77,14.536
78,14.534
79,14.532
80,14.53
81,14.528
82,14.525
83,14.523
84,14.52
85,14.518
86,14.515
87,14.513
88,14.51
89,14.507
90,14.504
91,14.501
92,14.498
93,14.495
94,14.491
95,14.488
96,14.484
97,14.48
98,14.476
99,14.471
100,14.466
101,14.461
102,14.456
103,14.45
104,14.444
105,14.437
106,14.43
107,14.422
108,14.414
109,14.405
110,14.395
111,14.385
112,14.373
113,14.361
114,14.347
115,14.332
116,14.316
117,14.298
118,14.279
119,14.258
120,14.235
121,14.21
122,14.182
123,14.152
124,14.118
125,14.082
126,14.042
127,13.999
128,13.951
129,13.899
130,13.841
131,13.778
132,13.71
133,13.634
134,13.552
135,13.462
136,13.363
137,13.256
138,13.139
139,13.011
140,12.872
141,12.72
142,12.556
143,12.377
144,12.183
145,11.973
146,11.747
147,11.502
148,11.238
149,10.954
150,10.65
151,10.323
152,9.9735
153,9.6004
154,9.2027
155,8.7798
156,8.331
157,7.8555
158,7.353
159,6.823
160,6.2651
161,5.6791
162,5.0648
163,4.4221
164,3.751
165,3.0516
166,2.324
167,1.5686
168,0.78548
169,-0.024862
170,-0.86206
171,-1.7256
172,-2.6151
173,-3.53
174,-4.4697
175,-5.4335
176,-6.4211
177,-7.4316
178,-8.4645
179,-9.5192
180,-10.595
181,-11.692
182,-12.808
183,-13.943
184,-15.098
185,-16.27
186,-17.46
187,-18.667
188,-19.891
189,-21.13
190,-22.385
191,-23.654
192,-24.938
193,-26.236
194,-27.548
195,-28.872
196,-30.209
197,-31.558
198,-32.919
199,-34.292
200,-35.675
