0,17.379
1,17.377
2,17.375
3,17.373
4,17.371
5,17.369
6,17.368
7,17.366
8,17.364
9,17.362
10,17.36
11,17.358
12,17.357
13,17.355
14,17.353
15,17.351
16,17.349
17,17.347
18,17.346
19,17.344
20,17.342
21,17.34
22,17.338
23,17.336
24,17.335
25,17.333
26,17.331
27,17.329
28,17.327
29,17.325
30,17.324
31,17.322
32,17.32
33,17.318
34,17.316
35,17.314
36,17.313
37,17.311
38,17.309
39,17.307
40,17.305
41,17.304
42,17.302
43,17.3
44,17.298
45,17.296
46,17.294
47,17.293
48,17.291
49,17.289
50,17.287
51,17.285
52,17.283
53,17.282
54,17.28
55,17.278
56,17.276
57,17.274
58,17.272
59,17.27
60,17.269
61,17.267
62,17.265
63,17.263
64,17.261
65,17.259
66,17.258
67,17.256
68,17.254
69,17.252
70,17.25
71,17.248
72,17.246
73,17.245
74,17.243
75,17.241
76,17.239
77,17.237
78,17.235
79,17.233
80,17.231
81,17.229
82,17.227
83,17.226
84,17.224
85,17.222
86,17.22
87,17.218
88,17.216
89,17.214
90,17.212
91,17.209
92,17.207
93,17.205
94,17.203
95,17.201
96,17.199
97,17.196
98,17.194
99,17.192
100,17.189
101,17.187
102,17.184
103,17.181
104,17.178
105,17.176
106,17.173
107,17.169
108,17.166
109,17.163
110,17.159
111,17.155
112,17.151
113,17.147
114,17.142
115,17.138
116,17.132
117,17.127
118,17.121
119,17.115
120,17.108
121,17.1
122,17.092
123,17.084
124,17.074
125,17.064
126,17.053
127,17.041
128,17.028
129,17.013
130,16.997
131,16.98
132,16.961
133,16.94
134,16.917
135,16.892
136,16.864
137,16.833
138,16.8
139,16.763
140,16.723
141,16.678
142,16.629
143,16.575
144,16.516
145,16.451
146,16.38
147,16.301
148,16.215
149,16.12
150,16.017
151,15.903
152,15.779
153,15.643
154,15.495
155,15.333
156,15.157
157,14.965
158,14.757
159,14.531
160,14.287
161,14.022
162,13.737
163,13.43
164,13.1
165,12.746
166,12.367
167,11.963
168,11.532
169,11.074
170,10.588
171,10.074
172,9.5305
173,8.9582
174,8.3565
175,7.7254
176,7.0647
177,6.3745
178,5.655
179,4.9064
180,4.129
181,3.3231
182,2.4892
183,1.6279
184,0.73954
185,-0.1752
186,-1.1157
187,-2.0815
188,-3.0717
189,-4.0858
190,-5.123
191,-6.1828
192,-7.2644
193,-8.3672
194,-9.4905
195,-10.634
196,-11.796
197,-12.977
198,-14.176
199,-15.392
200,-16.625
