0,20.786
1,20.784
2,20.782
3,20.78
4,20.778
5,20.776
6,20.775
7,20.773
8,20.771
9,20.769
10,20.767
11,20.766
12,20.764
13,20.762
14,20.76
15,20.758
16,20.756
17,20.755
18,20.753
19,20.751
20,20.749
21,20.747
22,20.745
23,20.744
24,20.742
25,20.74
26,20.738
27,20.736
28,20.734
29,20.732
30,20.731
31,20.729
32,20.727
33,20.725
34,20.723
35,20.721
36,20.72
37,20.718
38,20.716
39,20.714
40,20.712
41,20.71
42,20.709
43,20.707
44,20.705
45,20.703
46,20.701
47,20.699
48,20.697
49,20.696
50,20.694
51,20.692
52,20.69
53,20.688
54,20.686
55,20.684
56,20.682
57,20.68
58,20.678
59,20.677
60,20.675
61,20.673
62,20.671
63,20.669
64,20.667
65,20.665
66,20.663
67,20.661
68,20.658
69,20.656
70,20.654
71,20.652
72,20.65
73,20.648
74,20.645
75,20.643
76,20.641
77,20.638
78,20.636
79,20.633
80,20.63
81,20.628
82,20.625
83,20.622
84,20.619
85,20.615
86,20.612
87,20.609
88,20.605
89,20.601
90,20.597
91,20.593
92,20.588
93,20.583
94,20.578
95,20.573
96,20.567
97,20.56
98,20.554
99,20.546
100,20.539
101,20.53
102,20.521
103,20.511
104,20.5
105,20.489
106,20.476
107,20.462
108,20.447
109,20.431
110,20.413
111,20.394
112,20.373
113,20.35
114,20.324
115,20.297
116,20.266
117,20.233
118,20.197
119,20.157
120,20.113
121,20.066
122,20.014
123,19.956
124,19.894
125,19.826
126,19.751
127,19.669
128,19.58
129,19.482
130,19.376
131,19.26
132,19.134
133,18.996
134,18.847
135,18.684
136,18.508
137,18.317
138,18.11
139,17.887
140,17.646
141,17.387
142,17.108
143,16.808
144,16.487
145,16.144
146,15.777
147,15.386
148,14.971
149,14.53
150,14.063
151,13.569
152,13.048
153,12.499
154,11.923
155,11.319
156,10.686
157,10.026
158,9.3373
159,8.6209
160,7.8766
161,7.1049
162,6.306
163,5.4804
164,4.6284
165,3.7505
166,2.8473
167,1.9192
168,0.96691
169,-0.0091123
170,-1.0082
171,-2.0298
172,-3.0734
173,-4.1381
174,-5.2236
175,-6.3291
176,-7.454
177,-8.5978
178,-9.7599
179,-10.94
180,-12.137
181,-13.35
182,-14.58
183,-15.825
184,-17.085
185,-18.36
186,-19.649
187,-20.951
188,-22.267
189,-23.596
190,-24.936
191,-26.289
192,-27.654
193,-29.029
194,-30.416
195,-31.813
196,-33.22
197,-34.637
198,-36.063
199,-37.499
200,-38.944
