0,26.452
1,26.451
2,26.449
3,26.447
4,26.445
5,26.443
6,26.441
7,26.44
8,26.438
9,26.436
10,26.434
11,26.432
12,26.43
13,26.429
14,26.427
15,26.425
16,26.423
17,26.421
18,26.419
19,26.418
20,26.416
21,26.414
22,26.412
23,26.41
24,26.408
25,26.407
26,26.405
27,26.403
28,26.401
29,26.399
30,26.398
31,26.396
32,26.394
33,26.392
34,26.39
35,26.388
36,26.387
37,26.385
38,26.383
39,26.381
40,26.379
41,26.377
42,26.376
43,26.374
44,26.372
45,26.37
46,26.368
47,26.366
48,26.365
49,26.363
50,26.361
51,26.359
52,26.357
53,26.355
54,26.353
55,26.352
56,26.35
57,26.348
58,26.346
59,26.344
60,26.342
61,26.341
62,26.339
63,26.337
64,26.335
65,26.333
66,26.331
67,26.329
68,26.328
69,26.326
70,26.324
71,26.322
72,26.32
73,26.318
74,26.316
75,26.314
76,26.312
77,26.31
78,26.308
79,26.306
80,26.304
81,26.302
82,26.3
83,26.298
84,26.296
85,26.294
86,26.292
87,26.29
88,26.288
89,26.286
90,26.283
91,26.281
92,26.279
93,26.276
94,26.274
95,26.271
96,26.269
97,26.266
98,26.263
99,26.26
100,26.257
101,26.254
102,26.251
103,26.247
104,26.244
105,26.24
106,26.236
107,26.232
108,26.227
109,26.222
110,26.217
111,26.211
112,26.205
113,26.199
114,26.192
115,26.185
116,26.177
117,26.168
118,26.159
119,26.148
120,26.137
121,26.125
122,26.112
123,26.097
124,26.081
125,26.064
126,26.045
127,26.024
128,26.001
129,25.976
130,25.948
131,25.917
132,25.884
133,25.847
134,25.807
135,25.762
136,25.713
137,25.66
138,25.601
139,25.536
140,25.464
141,25.386
142,25.3
143,25.206
144,25.103
145,24.99
146,24.866
147,24.731
148,24.583
149,24.422
150,24.247
151,24.056
152,23.849
153,23.625
154,23.382
155,23.119
156,22.836
157,22.531
158,22.203
159,21.851
160,21.475
161,21.073
162,20.645
163,20.19
164,19.707
165,19.196
166,18.656
167,18.087
168,17.489
169,16.862
170,16.205
171,15.519
172,14.803
173,14.059
174,13.285
175,12.484
176,11.654
177,10.797
178,9.9126
179,9.002
180,8.0657
181,7.1041
182,6.118
183,5.108
184,4.0748
185,3.0191
186,1.9414
187,0.84252
188,-0.27693
189,-1.4163
190,-2.5749
191,-3.7522
192,-4.9474
193,-6.1601
194,-7.3897
195,-8.6355
196,-9.897
197,-11.174
198,-12.465
199,-13.771
200,-15.09
