0,22.736
1,22.734
2,22.732
3,22.73
4,22.729
5,22.727
6,22.725
7,22.723
8,22.721
9,22.719
10,22.718
11,22.716
12,22.714
13,22.712
14,22.71
15,22.708
16,22.707
17,22.705
18,22.703
19,22.701
20,22.699
21,22.697
22,22.696
23,22.694
24,22.692
25,22.69
26,22.688
27,22.686
28,22.685
29,22.683
30,22.681
31,22.679
32,22.677
33,22.675
34,22.673
35,22.672
36,22.67
37,22.668
38,22.666
39,22.664
40,22.662
41,22.661
42,22.659
43,22.657
44,22.655
45,22.653
46,22.651
47,22.649
48,22.647
49,22.646
50,22.644
51,22.642
52,22.64
53,22.638
54,22.636
55,22.634
56,22.632
57,22.63
58,22.628
59,22.626
60,22.624
61,22.622
62,22.62
63,22.618
64,22.616
65,22.614
66,22.612
67,22.61
68,22.607
69,22.605
70,22.603
71,22.601
72,22.598
73,22.596
74,22.593
75,22.591
76,22.588
77,22.585
78,22.582
79,22.579
80,22.576
81,22.573
82,22.57
83,22.566
84,22.563
85,22.559
86,22.555
87,22.551
88,22.546
89,22.542
90,22.536
91,22.531
92,22.525
93,22.519
94,22.513
95,22.505
96,22.498
97,22.49
98,22.481
99,22.471
100,22.461
101,22.449
102,22.437
103,22.424
104,22.409
105,22.393
106,22.376
107,22.357
108,22.337
109,22.315
110,22.29
111,22.264
112,22.234
113,22.202
114,22.167
115,22.129
116,22.087
117,22.042
118,21.992
119,21.937
120,21.877
121,21.811
122,21.74
123,21.662
124,21.576
125,21.483
126,21.381
127,21.27
128,21.149
129,21.018
130,20.875
131,20.719
132,20.551
133,20.368
134,20.171
135,19.957
136,19.726
137,19.478
138,19.21
139,18.923
140,18.615
141,18.285
142,17.933
143,17.557
144,17.157
145,16.732
146,16.282
147,15.805
148,15.302
149,14.771
150,14.213
151,13.628
152,13.014
153,12.373
154,11.704
155,11.007
156,10.282
157,9.5296
158,8.7501
159,7.9436
160,7.1107
161,6.2518
162,5.3672
163,4.4576
164,3.5234
165,2.5653
166,1.5838
167,0.5794
168,-0.44716
169,-1.4953
170,-2.5645
171,-3.6541
172,-4.7635
173,-5.8921
174,-7.0394
175,-8.2047
176,-9.3875
177,-10.587
178,-11.803
179,-13.035
180,-14.283
181,-15.545
182,-16.822
183,-18.113
184,-19.417
185,-20.734
186,-22.064
187,-23.406
188,-24.76
189,-26.125
190,-27.502
191,-28.889
192,-30.287
193,-31.694
194,-33.112
195,-34.539
196,-35.975
197,-37.42
198,-38.874
199,-40.336
200,-41.807
