0,24.663
1,24.661
2,24.66
3,24.658
4,24.656
5,24.654
6,24.652
7,24.65
8,24.649
9,24.647
10,24.645
11,24.643
12,24.641
13,24.639
14,24.638
15,24.636
16,24.634
17,24.632
18,24.63
19,24.628
20,24.627
21,24.625
22,24.623
23,24.621
24,24.619
25,24.617
26,24.616
27,24.614
28,24.612
29,24.61
30,24.608
31,24.606
32,24.605
33,24.603
34,24.601
35,24.599
36,24.597
37,24.595
38,24.594
39,24.592
40,24.59
41,24.588
42,24.586
43,24.584
44,24.583
45,24.581
46,24.579
47,24.577
48,24.575
49,24.573
50,24.571
51,24.569
52,24.568
53,24.566
54,24.564
55,24.562
56,24.56
57,24.558
58,24.556
59,24.554
60,24.552
61,24.551
62,24.549
63,24.547
64,24.545
65,24.543
66,24.541
67,24.539
68,24.537
69,24.535
70,24.532
71,24.53
72,24.528
73,24.526
74,24.524
75,24.522
76,24.519
77,24.517
78,24.515
79,24.512
80,24.51
81,24.507
82,24.504
83,24.502
84,24.499
85,24.496
86,24.493
87,24.49
88,24.486
89,24.483
90,24.479
91,24.475
92,24.471
93,24.467
94,24.463
95,24.458
96,24.453
97,24.447
98,24.441
99,24.435
100,24.428
101,24.421
102,24.413
103,24.405
104,24.395
105,24.385
106,24.375
107,24.363
108,24.35
109,24.336
110,24.321
111,24.305
112,24.287
113,24.267
114,24.246
115,24.222
116,24.197
117,24.168
118,24.138
119,24.104
120,24.067
121,24.026
122,23.982
123,23.933
124,23.88
125,23.822
126,23.758
127,23.688
128,23.611
129,23.527
130,23.435
131,23.335
132,23.226
133,23.107
134,22.977
135,22.835
136,22.681
137,22.514
138,22.332
139,22.135
140,21.922
141,21.692
142,21.444
143,21.176
144,20.889
145,20.58
146,20.249
147,19.895
148,19.517
149,19.114
150,18.686
151,18.232
152,17.751
153,17.244
154,16.708
155,16.145
156,15.553
157,14.933
158,14.285
159,13.608
160,12.903
161,12.17
162,11.41
163,10.621
164,9.8054
165,8.963
166,8.0943
167,7.1998
168,6.2801
169,5.3356
170,4.367
171,3.375
172,2.36
173,1.3227
174,0.26382
175,-0.81612
176,-1.9165
177,-3.0366
178,-4.176
179,-5.3339
180,-6.5098
181,-7.7032
182,-8.9135
183,-10.14
184,-11.382
185,-12.64
186,-13.913
187,-15.199
188,-16.5
189,-17.814
190,-19.141
191,-20.48
192,-21.832
193,-23.195
194,-24.57
195,-25.955
196,-27.352
197,-28.758
198,-30.175
199,-31.601
200,-33.037
