0,27.548
1,27.546
2,27.544
3,27.542
4,27.54
5,27.539
6,27.537
7,27.535
8,27.533
9,27.531
10,27.529
11,27.528
12,27.526
13,27.524
14,27.522
15,27.52
16,27.518
17,27.517
18,27.515
19,27.513
20,27.511
21,27.509
22,27.507
23,27.506
24,27.504
25,27.502
26,27.5
27,27.498
28,27.496
29,27.495
30,27.493
31,27.491
32,27.489
33,27.487
34,27.485
35,27.484
36,27.482
37,27.48
38,27.478
39,27.476
40,27.474
41,27.473
42,27.471
43,27.469
44,27.467
45,27.465
46,27.463
47,27.462
48,27.46
49,27.458
50,27.456
51,27.454
52,27.452
53,27.45
54,27.449
55,27.447
56,27.445
57,27.443
58,27.441
59,27.439
60,27.437
61,27.435
62,27.434
63,27.432
64,27.43
65,27.428
66,27.426
67,27.424
68,27.422
69,27.42
70,27.418
71,27.416
72,27.414
73,27.412
74,27.41
75,27.408
76,27.406
77,27.404
78,27.402
79,27.4
80,27.398
81,27.396
82,27.393
83,27.391
84,27.389
85,27.386
86,27.384
87,27.381
88,27.379
89,27.376
90,27.373
91,27.371
92,27.368
93,27.364
94,27.361
95,27.358
96,27.354
97,27.351
98,27.347
99,27.343
100,27.338
101,27.334
102,27.329
103,27.323
104,27.318
105,27.312
106,27.305
107,27.298
108,27.291
109,27.282
110,27.274
111,27.264
112,27.254
113,27.242
114,27.23
115,27.216
116,27.202
117,27.186
118,27.168
119,27.149
120,27.128
121,27.105
122,27.08
123,27.052
124,27.022
125,26.989
126,26.952
127,26.912
128,26.868
129,26.82
130,26.767
131,26.708
132,26.645
133,26.574
134,26.498
135,26.414
136,26.321
137,26.221
138,26.11
139,25.99
140,25.858
141,25.715
142,25.558
143,25.388
144,25.203
145,25.003
146,24.785
147,24.55
148,24.296
149,24.022
150,23.727
151,23.411
152,23.071
153,22.707
154,22.319
155,21.906
156,21.466
157,20.999
158,20.505
159,19.983
160,19.433
161,18.854
162,18.246
163,17.609
164,16.943
165,16.249
166,15.525
167,14.773
168,13.993
169,13.185
170,12.35
171,11.488
172,10.599
173,9.6846
174,8.7447
175,7.7801
176,6.7915
177,5.7794
178,4.7445
179,3.6875
180,2.609
181,1.5096
182,0.39007
183,-0.74908
184,-1.9072
185,-3.0837
186,-4.2779
187,-5.4893
188,-6.7173
189,-7.9614
190,-9.221
191,-10.496
192,-11.785
193,-13.088
194,-14.405
195,-15.734
196,-17.077
197,-18.432
198,-19.798
199,-21.176
200,-22.565
