0,19.932
1,19.93
2,19.928
3,19.926
4,19.924
5,19.922
6,19.921
7,19.919
8,19.917
9,19.915
10,19.913
11,19.911
12,19.91
13,19.908
14,19.906
15,19.904
16,19.902
17,19.9
18,19.899
19,19.897
20,19.895
21,19.893
22,19.891
23,19.889
24,19.888
25,19.886
26,19.884
27,19.882
28,19.88
29,19.878
30,19.877
31,19.875
32,19.873
33,19.871
34,19.869
35,19.867
36,19.866
37,19.864
38,19.862
39,19.86
40,19.858
41,19.856
42,19.855
43,19.853
44,19.851
45,19.849
46,19.847
47,19.845
48,19.844
49,19.842
50,19.84
51,19.838
52,19.836
53,19.834
54,19.833
55,19.831
56,19.829
57,19.827
58,19.825
59,19.823
60,19.821
61,19.82
62,19.818
63,19.816
64,19.814
65,19.812
66,19.81
67,19.808
68,19.807
69,19.805
70,19.803
71,19.801
72,19.799
73,19.797
74,19.795
75,19.793
76,19.791
77,19.789
78,19.787
79,19.785
80,19.783
81,19.781
82,19.779
83,19.777
84,19.775
85,19.773
86,19.771
87,19.769
88,19.767
89,19.764
90,19.762
91,19.76
92,19.757
93,19.755
94,19.752
95,19.75
96,19.747
97,19.744
98,19.741
99,19.738
100,19.735
101,19.732
102,19.729
103,19.725
104,19.721
105,19.717
106,19.713
107,19.709
108,19.704
109,19.699
110,19.693
111,19.688
112,19.681
113,19.675
114,19.667
115,19.66
116,19.651
117,19.642
118,19.632
119,19.621
120,19.61
121,19.597
122,19.583
123,19.568
124,19.551
125,19.533
126,19.513
127,19.491
128,19.467
129,19.441
130,19.412
131,19.38
132,19.345
133,19.307
134,19.265
135,19.219
136,19.168
137,19.113
138,19.051
139,18.984
140,18.911
141,18.83
142,18.741
143,18.644
144,18.538
145,18.422
146,18.295
147,18.157
148,18.006
149,17.841
150,17.662
151,17.468
152,17.257
153,17.029
154,16.781
155,16.515
156,16.227
157,15.918
158,15.587
159,15.231
160,14.851
161,14.446
162,14.014
163,13.556
164,13.07
165,12.556
166,12.014
167,11.443
168,10.843
169,10.214
170,9.5557
171,8.8683
172,8.152
173,7.4069
174,6.6334
175,5.8318
176,5.0024
177,4.1459
178,3.2626
179,2.3531
180,1.4181
181,0.45811
182,-0.52625
183,-1.5343
184,-2.5654
185,-3.6189
186,-4.6942
187,-5.7905
188,-6.9073
189,-8.0439
190,-9.1996
191,-10.374
192,-11.566
193,-12.776
194,-14.002
195,-15.245
196,-16.503
197,-17.776
198,-19.064
199,-20.367
200,-21.683
