0,12.138
1,12.136
2,12.134
3,12.132
4,12.131
5,12.129
6,12.127
7,12.125
8,12.123
9,12.121
10,12.12
11,12.118
12,12.116
13,12.114
14,12.112
15,12.111
16,12.109
17,12.107
18,12.105
19,12.103
20,12.101
21,12.1
22,12.098
23,12.096
24,12.094
25,12.092
26,12.09
27,12.089
28,12.087
29,12.085
30,12.083
31,12.081
32,12.079
33,12.078
34,12.076
35,12.074
36,12.072
37,12.07
38,12.068
39,12.067
40,12.065
41,12.063
42,12.061
43,12.059
44,12.057
45,12.056
46,12.054
47,12.052
48,12.05
49,12.048
50,12.046
51,12.045
52,12.043
53,12.041
54,12.039
55,12.037
56,12.035
57,12.034
58,12.032
59,12.03
60,12.028
61,12.026
62,12.024
63,12.023
64,12.021
65,12.019
66,12.017
67,12.015
68,12.013
69,12.012
70,12.01
71,12.008
72,12.006
73,12.004
74,12.002
75,12
76,11.999
77,11.997
78,11.995
79,11.993
80,11.991
81,11.989
82,11.987
83,11.986
84,11.984
85,11.982
86,11.98
87,11.978
88,11.976
89,11.974
90,11.972
91,11.97
92,11.968
93,11.966
94,11.964
95,11.962
96,11.96
97,11.958
98,11.956
99,11.954
100,11.952
101,11.95
102,11.948
103,11.946
104,11.944
105,11.941
106,11.939
107,11.937
108,11.934
109,11.932
110,11.929
111,11.926
112,11.924
113,11.921
114,11.918
115,11.915
116,11.911
117,11.908
118,11.904
119,11.901
120,11.897
121,11.892
122,11.888
123,11.883
124,11.878
125,11.873
126,11.867
127,11.86
128,11.854
129,11.846
130,11.838
131,11.83
132,11.82
133,11.81
134,11.799
135,11.787
136,11.773
137,11.759
138,11.743
139,11.725
140,11.706
141,11.685
142,11.662
143,11.636
144,11.608
145,11.577
146,11.543
147,11.505
148,11.464
149,11.419
150,11.369
151,11.313
152,11.253
153,11.186
154,11.112
155,11.032
156,10.943
157,10.845
158,10.739
159,10.621
160,10.493
161,10.352
162,10.199
163,10.031
164,9.8484
165,9.6496
166,9.4335
167,9.199
168,8.9451
169,8.6706
170,8.3745
171,8.0556
172,7.713
173,7.3456
174,6.9525
175,6.5329
176,6.086
177,5.6112
178,5.1078
179,4.5753
180,4.0135
181,3.4219
182,2.8005
183,2.1491
184,1.4678
185,0.75676
186,0.016103
187,-0.75384
188,-1.5527
189,-2.38
190,-3.2354
191,-4.1182
192,-5.0279
193,-5.9639
194,-6.9254
195,-7.912
196,-8.9228
197,-9.9572
198,-11.015
199,-12.094
200,-13.195
