0,23.257
1,23.256
2,23.254
3,23.252
4,23.25
5,23.248
6,23.246
7,23.245
8,23.243
9,23.241
10,23.239
11,23.237
12,23.235
13,23.234
14,23.232
15,23.23
16,23.228
17,23.226
18,23.224
19,23.223
20,23.221
21,23.219
22,23.217
23,23.215
24,23.213
25,23.212
26,23.21
27,23.208
28,23.206
29,23.204
30,23.203
31,23.201
32,23.199
33,23.197
34,23.195
35,23.193
36,23.192
37,23.19
38,23.188
39,23.186
40,23.184
41,23.182
42,23.181
43,23.179
44,23.177
45,23.175
46,23.173
47,23.171
48,23.169
49,23.168
50,23.166
51,23.164
52,23.162
53,23.16
54,23.158
55,23.157
56,23.155
57,23.153
58,23.151
59,23.149
60,23.147
61,23.146
62,23.144
63,23.142
64,23.14
65,23.138
66,23.136
67,23.134
68,23.132
69,23.131
70,23.129
71,23.127
72,23.125
73,23.123
74,23.121
75,23.119
76,23.117
77,23.115
78,23.113
79,23.111
80,23.109
81,23.107
82,23.105
83,23.103
84,23.101
85,23.099
86,23.097
87,23.095
88,23.092
89,23.09
90,23.088
91,23.085
92,23.083
93,23.081
94,23.078
95,23.075
96,23.073
97,23.07
98,23.067
99,23.064
100,23.061
101,23.057
102,23.054
103,23.05
104,23.046
105,23.042
106,23.038
107,23.034
108,23.029
109,23.023
110,23.018
111,23.012
112,23.006
113,22.999
114,22.991
115,22.983
116,22.975
117,22.965
118,22.955
119,22.944
120,22.932
121,22.918
122,22.904
123,22.888
124,22.871
125,22.852
126,22.831
127,22.808
128,22.783
129,22.756
130,22.726
131,22.692
132,22.656
133,22.616
134,22.572
135,22.524
136,22.471
137,22.413
138,22.349
139,22.279
140,22.202
141,22.117
142,22.025
143,21.923
144,21.812
145,21.691
146,21.558
147,21.413
148,21.255
149,21.084
150,20.897
151,20.694
152,20.474
153,20.236
154,19.978
155,19.701
156,19.402
157,19.081
158,18.736
159,18.367
160,17.973
161,17.553
162,17.107
163,16.633
164,16.132
165,15.602
166,15.043
167,14.455
168,13.838
169,13.192
170,12.517
171,11.813
172,11.079
173,10.317
174,9.5268
175,8.7084
176,7.8625
177,6.9896
178,6.0903
179,5.165
180,4.2144
181,3.2392
182,2.24
183,1.2173
184,0.17197
185,-0.89543
186,-1.9842
187,-3.0938
188,-4.2234
189,-5.3725
190,-6.5404
191,-7.7265
192,-8.9302
193,-10.151
194,-11.388
195,-12.641
196,-13.91
197,-15.193
198,-16.491
199,-17.803
200,-19.128
