0,24.971
1,24.969
2,24.968
3,24.966
4,24.964
5,24.962
6,24.96
7,24.958
8,24.957
9,24.955
10,24.953
11,24.951
12,24.949
13,24.947
14,24.946
15,24.944
16,24.942
17,24.94
18,24.938
19,24.936
20,24.935
21,24.933
22,24.931
23,24.929
24,24.927
25,24.925
26,24.924
27,24.922
28,24.92
29,24.918
30,24.916
31,24.914
32,24.913
33,24.911
34,24.909
35,24.907
36,24.905
37,24.903
38,24.902
39,24.9
40,24.898
41,24.896
42,24.894
43,24.892
44,24.891
45,24.889
46,24.887
47,24.885
48,24.883
49,24.881
50,24.88
51,24.878
52,24.876
53,24.874
54,24.872
55,24.87
56,24.869
57,24.867
58,24.865
59,24.863
60,24.861
61,24.859
62,24.858
63,24.856
64,24.854
65,24.852
66,24.85
67,24.848
68,24.847
69,24.845
70,24.843
71,24.841
72,24.839
73,24.837
74,24.836
75,24.834
76,24.832
77,24.83
78,24.828
79,24.826
80,24.824
81,24.823
82,24.821
83,24.819
84,24.817
85,24.815
86,24.813
87,24.811
88,24.809
89,24.807
90,24.805
91,24.803
92,24.802
93,24.8
94,24.798
95,24.796
96,24.794
97,24.792
98,24.789
99,24.787
100,24.785
101,24.783
102,24.781
103,24.779
104,24.776
105,24.774
106,24.772
107,24.769
108,24.767
109,24.764
110,24.761
111,24.759
112,24.756
113,24.753
114,24.75
115,24.746
116,24.743
117,24.739
118,24.735
119,24.731
120,24.727
121,24.723
122,24.718
123,24.713
124,24.707
125,24.701
126,24.694
127,24.687
128,24.68
129,24.672
130,24.663
131,24.653
132,24.642
133,24.631
134,24.618
135,24.604
136,24.589
137,24.572
138,24.554
139,24.534
140,24.511
141,24.487
142,24.46
143,24.43
144,24.398
145,24.361
146,24.322
147,24.278
148,24.229
149,24.176
150,24.117
151,24.053
152,23.981
153,23.903
154,23.816
155,23.721
156,23.616
157,23.502
158,23.376
159,23.238
160,23.087
161,22.922
162,22.742
163,22.545
164,22.332
165,22.1
166,21.848
167,21.575
168,21.281
169,20.964
170,20.622
171,20.256
172,19.864
173,19.445
174,18.998
175,18.522
176,18.018
177,17.485
178,16.921
179,16.327
180,15.704
181,15.049
182,14.365
183,13.65
184,12.905
185,12.131
186,11.327
187,10.495
188,9.6341
189,8.7457
190,7.8302
191,6.8881
192,5.9203
193,4.9273
194,3.9099
195,2.8688
196,1.8047
197,0.71825
198,-0.38976
199,-1.5187
200,-2.6678
