0,14.897
1,14.895
2,14.893
3,14.891
4,14.889
5,14.887
6,14.886
7,14.884
8,14.882
9,14.88
10,14.878
11,14.876
12,14.875
13,14.873
14,14.871
15,14.869
16,14.867
17,14.865
18,14.864
19,14.862
20,14.86
21,14.858
22,14.856
23,14.854
24,14.853
25,14.851
26,14.849
27,14.847
28,14.845
29,14.844
30,14.842
31,14.84
32,14.838
33,14.836
34,14.834
35,14.833
36,14.831
37,14.829
38,14.827
39,14.825
40,14.823
41,14.822
42,14.82
43,14.818
44,14.816
45,14.814
46,14.812
47,14.811
48,14.809
49,14.807
50,14.805
51,14.803
52,14.801
53,14.8
54,14.798
55,14.796
56,14.794
57,14.792
58,14.79
59,14.789
60,14.787
61,14.785
62,14.783
63,14.781
64,14.779
65,14.778
66,14.776
67,14.774
68,14.772
69,14.77
70,14.768
71,14.766
72,14.765
73,14.763
74,14.761
75,14.759
76,14.757
77,14.755
78,14.753
79,14.752
80,14.75
81,14.748
82,14.746
83,14.744
84,14.742
85,14.74
86,14.738
87,14.737
88,14.735
89,14.733
90,14.731
91,14.729
92,14.727
93,14.725
94,14.723
95,14.721
96,14.719
97,14.717
98,14.715
99,14.713
100,14.71
101,14.708
102,14.706
103,14.704
104,14.702
105,14.699
106,14.697
107,14.694
108,14.692
109,14.689
110,14.686
111,14.684
112,14.681
113,14.678
114,14.675
115,14.671
116,14.668
117,14.664
118,14.66
119,14.656
120,14.652
121,14.647
122,14.642
123,14.637
124,14.631
125,14.625
126,14.619
127,14.612
128,14.604
129,14.596
130,14.587
131,14.577
132,14.566
133,14.555
134,14.542
135,14.528
136,14.513
137,14.496
138,14.478
139,14.458
140,14.436
141,14.412
142,14.385
143,14.356
144,14.324
145,14.288
146,14.249
147,14.206
148,14.159
149,14.106
150,14.049
151,13.986
152,13.916
153,13.839
154,13.755
155,13.663
156,13.561
157,13.45
158,13.328
159,13.194
160,13.048
161,12.889
162,12.715
163,12.525
164,12.319
165,12.095
166,11.852
167,11.589
168,11.306
169,11
170,10.67
171,10.317
172,9.9387
173,9.5342
174,9.1028
175,8.6438
176,8.1566
177,7.6406
178,7.0954
179,6.5206
180,5.916
181,5.2815
182,4.6171
183,3.9228
184,3.1988
185,2.4454
186,1.6628
187,0.85143
188,0.011813
189,-0.85558
190,-1.7502
191,-2.6714
192,-3.6186
193,-4.5911
194,-5.5883
195,-6.6095
196,-7.654
197,-8.7211
198,-9.8101
199,-10.92
200,-12.051
