0,17.447
1,17.446
2,17.444
3,17.442
4,17.44
5,17.438
6,17.436
7,17.435
8,17.433
9,17.431
10,17.429
11,17.427
12,17.425
13,17.424
14,17.422
15,17.42
16,17.418
17,17.416
18,17.414
19,17.413
20,17.411
21,17.409
22,17.407
23,17.405
24,17.403
25,17.402
26,17.4
27,17.398
28,17.396
29,17.394
30,17.392
31,17.391
32,17.389
33,17.387
34,17.385
35,17.383
36,17.381
37,17.38
38,17.378
39,17.376
40,17.374
41,17.372
42,17.37
43,17.369
44,17.367
45,17.365
46,17.363
47,17.361
48,17.359
49,17.358
50,17.356
51,17.354
52,17.352
53,17.35
54,17.348
55,17.347
56,17.345
57,17.343
58,17.341
59,17.339
60,17.337
61,17.336
62,17.334
63,17.332
64,17.33
65,17.328
66,17.326
67,17.324
68,17.323
69,17.321
70,17.319
71,17.317
72,17.315
73,17.313
74,17.311
75,17.309
76,17.308
77,17.306
78,17.304
79,17.302
80,17.3
81,17.298
82,17.296
83,17.294
84,17.292
85,17.29
86,17.288
87,17.286
88,17.284
89,17.282
90,17.28
91,17.278
92,17.276
93,17.273
94,17.271
95,17.269
96,17.267
97,17.264
98,17.262
99,17.259
100,17.257
101,17.254
102,17.251
103,17.249
104,17.246
105,17.243
106,17.239
107,17.236
108,17.233
109,17.229
110,17.225
111,17.221
112,17.216
113,17.212
114,17.207
115,17.202
116,17.196
117,17.19
118,17.183
119,17.176
120,17.169
121,17.16
122,17.151
123,17.142
124,17.131
125,17.12
126,17.107
127,17.094
128,17.079
129,17.062
130,17.044
131,17.025
132,17.003
133,16.979
134,16.953
135,16.925
136,16.894
137,16.859
138,16.821
139,16.78
140,16.734
141,16.683
142,16.628
143,16.567
144,16.5
145,16.427
146,16.346
147,16.258
148,16.161
149,16.055
150,15.939
151,15.811
152,15.672
153,15.521
154,15.355
155,15.175
156,14.98
157,14.767
158,14.537
159,14.288
160,14.019
161,13.729
162,13.417
163,13.082
164,12.722
165,12.338
166,11.928
167,11.492
168,11.028
169,10.536
170,10.016
171,9.4674
172,8.8895
173,8.2823
174,7.6457
175,6.9797
176,6.2843
177,5.5596
178,4.806
179,4.0238
180,3.2133
181,2.375
182,1.5093
183,0.61683
184,-0.30186
185,-1.2462
186,-2.2155
187,-3.2091
188,-4.2264
189,-5.2668
190,-6.3295
191,-7.4139
192,-8.5192
193,-9.645
194,-10.79
195,-11.955
196,-13.138
197,-14.339
198,-15.557
199,-16.791
200,-18.042
