0,20.569
1,20.567
2,20.565
3,20.563
4,20.562
5,20.56
6,20.558
7,20.556
8,20.554
9,20.552
10,20.551
11,20.549
12,20.547
13,20.545
14,20.543
15,20.541
16,20.54
17,20.538
18,20.536
19,20.534
20,20.532
21,20.53
22,20.529
23,20.527
24,20.525
25,20.523
26,20.521
27,20.519
28,20.518
29,20.516
30,20.514
31,20.512
32,20.51
33,20.508
34,20.506
35,20.505
36,20.503
37,20.501
38,20.499
39,20.497
40,20.495
41,20.493
42,20.492
43,20.49
44,20.488
45,20.486
46,20.484
47,20.482
48,20.48
49,20.478
50,20.476
51,20.474
52,20.473
53,20.471
54,20.469
55,20.467
56,20.465
57,20.463
58,20.461
59,20.459
60,20.457
61,20.454
62,20.452
63,20.45
64,20.448
65,20.446
66,20.444
67,20.441
68,20.439
69,20.437
70,20.434
71,20.432
72,20.429
73,20.426
74,20.424
75,20.421
76,20.418
77,20.415
78,20.412
79,20.408
80,20.405
81,20.401
82,20.397
83,20.393
84,20.389
85,20.385
86,20.38
87,20.375
88,20.37
89,20.364
90,20.358
91,20.351
92,20.344
93,20.337
94,20.328
95,20.32
96,20.31
97,20.3
98,20.289
99,20.277
100,20.263
101,20.249
102,20.234
103,20.217
104,20.198
105,20.178
106,20.157
107,20.133
108,20.107
109,20.078
110,20.047
111,20.013
112,19.976
113,19.935
114,19.891
115,19.842
116,19.789
117,19.731
118,19.668
119,19.598
120,19.523
121,19.44
122,19.35
123,19.252
124,19.145
125,19.028
126,18.902
127,18.764
128,18.614
129,18.452
130,18.276
131,18.086
132,17.88
133,17.658
134,17.419
135,17.162
136,16.885
137,16.588
138,16.271
139,15.931
140,15.569
141,15.183
142,14.773
143,14.337
144,13.877
145,13.39
146,12.877
147,12.336
148,11.769
149,11.173
150,10.551
151,9.9003
152,9.2222
153,8.5165
154,7.7835
155,7.0233
156,6.2362
157,5.4226
158,4.5828
159,3.7174
160,2.8267
161,1.9114
162,0.97184
163,0.0086706
164,-0.97756
165,-1.9863
166,-3.0169
167,-4.0688
168,-5.1414
169,-6.2341
170,-7.3464
171,-8.4776
172,-9.6272
173,-10.795
174,-11.979
175,-13.181
176,-14.398
177,-15.632
178,-16.88
179,-18.143
180,-19.421
181,-20.712
182,-22.017
183,-23.334
184,-24.664
185,-26.006
186,-27.36
187,-28.726
188,-30.102
189,-31.489
190,-32.886
191,-34.293
192,-35.71
193,-37.137
194,-38.572
195,-40.016
196,-41.469
197,-42.931
198,-44.4
199,-45.877
200,-47.362
