0,19.862
1,19.86
2,19.858
3,19.857
4,19.855
5,19.853
6,19.851
7,19.849
8,19.847
9,19.846
10,19.844
11,19.842
12,19.84
13,19.838
14,19.836
15,19.835
16,19.833
17,19.831
18,19.829
19,19.827
20,19.826
21,19.824
22,19.822
23,19.82
24,19.818
25,19.816
26,19.815
27,19.813
28,19.811
29,19.809
30,19.807
31,19.805
32,19.804
33,19.802
34,19.8
35,19.798
36,19.796
37,19.794
38,19.793
39,19.791
40,19.789
41,19.787
42,19.785
43,19.783
44,19.782
45,19.78
46,19.778
47,19.776
48,19.774
49,19.772
50,19.771
51,19.769
52,19.767
53,19.765
54,19.763
55,19.761
56,19.76
57,19.758
58,19.756
59,19.754
60,19.752
61,19.75
62,19.749
63,19.747
64,19.745
65,19.743
66,19.741
67,19.739
68,19.737
69,19.736
70,19.734
71,19.732
72,19.73
73,19.728
74,19.726
75,19.725
76,19.723
77,19.721
78,19.719
79,19.717
80,19.715
81,19.713
82,19.711
83,19.709
84,19.708
85,19.706
86,19.704
87,19.702
88,19.7
89,19.698
90,19.696
91,19.694
92,19.692
93,19.69
94,19.688
95,19.686
96,19.684
97,19.682
98,19.679
99,19.677
100,19.675
101,19.673
102,19.67
103,19.668
104,19.666
105,19.663
106,19.66
107,19.658
108,19.655
109,19.652
110,19.649
111,19.646
112,19.643
113,19.639
114,19.636
115,19.632
116,19.628
117,19.624
118,19.619
119,19.615
120,19.609
121,19.604
122,19.598
123,19.592
124,19.585
125,19.578
126,19.57
127,19.561
128,19.551
129,19.541
130,19.53
131,19.518
132,19.504
133,19.49
134,19.474
135,19.456
136,19.437
137,19.416
138,19.393
139,19.367
140,19.339
141,19.308
142,19.274
143,19.236
144,19.195
145,19.149
146,19.099
147,19.044
148,18.983
149,18.916
150,18.842
151,18.761
152,18.673
153,18.575
154,18.468
155,18.35
156,18.222
157,18.081
158,17.927
159,17.759
160,17.576
161,17.377
162,17.16
163,16.926
164,16.671
165,16.396
166,16.1
167,15.78
168,15.437
169,15.069
170,14.676
171,14.256
172,13.808
173,13.333
174,12.829
175,12.296
176,11.733
177,11.141
178,10.519
179,9.867
180,9.1852
181,8.4735
182,7.7322
183,6.9617
184,6.1622
185,5.3343
186,4.4784
187,3.595
188,2.6848
189,1.7483
190,0.78622
191,-0.20082
192,-1.2121
193,-2.247
194,-3.3048
195,-4.3847
196,-5.4862
197,-6.6085
198,-7.7509
199,-8.9129
200,-10.094
