0,14.07
1,14.069
2,14.067
3,14.065
4,14.063
5,14.061
6,14.059
7,14.058
8,14.056
9,14.054
10,14.052
11,14.05
12,14.048
13,14.047
14,14.045
15,14.043
16,14.041
17,14.039
18,14.037
19,14.036
20,14.034
21,14.032
22,14.03
23,14.028
24,14.027
25,14.025
26,14.023
27,14.021
28,14.019
29,14.017
30,14.016
31,14.014
32,14.012
33,14.01
34,14.008
35,14.006
36,14.005
37,14.003
38,14.001
39,13.999
40,13.997
41,13.995
42,13.994
43,13.992
44,13.99
45,13.988
46,13.986
47,13.984
48,13.983
49,13.981
50,13.979
51,13.977
52,13.975
53,13.973
54,13.972
55,13.97
56,13.968
57,13.966
58,13.964
59,13.962
60,13.96
61,13.959
62,13.957
63,13.955
64,13.953
65,13.951
66,13.949
67,13.948
68,13.946
69,13.944
70,13.942
71,13.94
72,13.938
73,13.936
74,13.935
75,13.933
76,13.931
77,13.929
78,13.927
79,13.925
80,13.923
81,13.921
82,13.919
83,13.917
84,13.915
85,13.914
86,13.912
87,13.91
88,13.908
89,13.906
90,13.903
91,13.901
92,13.899
93,13.897
94,13.895
95,13.893
96,13.891
97,13.888
98,13.886
99,13.884
100,13.881
101,13.879
102,13.876
103,13.873
104,13.871
105,13.868
106,13.865
107,13.862
108,13.858
109,13.855
110,13.852
111,13.848
112,13.844
113,13.84
114,13.835
115,13.831
116,13.826
117,13.82
118,13.814
119,13.808
120,13.802
121,13.794
122,13.787
123,13.778
124,13.769
125,13.759
126,13.748
127,13.737
128,13.724
129,13.71
130,13.695
131,13.678
132,13.66
133,13.639
134,13.617
135,13.593
136,13.567
137,13.537
138,13.505
139,13.47
140,13.431
141,13.389
142,13.342
143,13.29
144,13.234
145,13.171
146,13.103
147,13.028
148,12.946
149,12.855
150,12.756
151,12.647
152,12.529
153,12.399
154,12.257
155,12.102
156,11.933
157,11.749
158,11.55
159,11.333
160,11.098
161,10.845
162,10.571
163,10.275
164,9.9576
165,9.6166
166,9.2514
167,8.8611
168,8.4447
169,8.0017
170,7.5312
171,7.0327
172,6.5058
173,5.9499
174,5.365
175,4.7506
176,4.1069
177,3.4337
178,2.7312
179,1.9995
180,1.239
181,0.44984
182,-0.36745
183,-1.2125
184,-2.0847
185,-2.9835
186,-3.9085
187,-4.8589
188,-5.8342
189,-6.8336
190,-7.8566
191,-8.9024
192,-9.9704
193,-11.06
194,-12.17
195,-13.301
196,-14.451
197,-15.62
198,-16.807
199,-18.012
200,-19.235
