0,22.439
1,22.437
2,22.435
3,22.433
4,22.432
5,22.43
6,22.428
7,22.426
8,22.424
9,22.422
10,22.421
11,22.419
12,22.417
13,22.415
14,22.413
15,22.411
16,22.41
17,22.408
18,22.406
19,22.404
20,22.402
21,22.4
22,22.399
23,22.397
24,22.395
25,22.393
26,22.391
27,22.389
28,22.388
29,22.386
30,22.384
31,22.382
32,22.38
33,22.378
34,22.377
35,22.375
36,22.373
37,22.371
38,22.369
39,22.367
40,22.366
41,22.364
42,22.362
43,22.36
44,22.358
45,22.356
46,22.355
47,22.353
48,22.351
49,22.349
50,22.347
51,22.345
52,22.344
53,22.342
54,22.34
55,22.338
56,22.336
57,22.334
58,22.333
59,22.331
60,22.329
61,22.327
62,22.325
63,22.323
64,22.322
65,22.32
66,22.318
67,22.316
68,22.314
69,22.312
70,22.311
71,22.309
72,22.307
73,22.305
74,22.303
75,22.301
76,22.299
77,22.298
78,22.296
79,22.294
80,22.292
81,22.29
82,22.288
83,22.286
84,22.284
85,22.283
86,22.281
87,22.279
88,22.277
89,22.275
90,22.273
91,22.271
92,22.269
93,22.267
94,22.265
95,22.263
96,22.261
97,22.259
98,22.257
99,22.255
100,22.252
101,22.25
102,22.248
103,22.246
104,22.243
105,22.241
106,22.238
107,22.236
108,22.233
109,22.23
110,22.228
111,22.225
112,22.222
113,22.218
114,22.215
115,22.212
116,22.208
117,22.204
118,22.2
119,22.195
120,22.191
121,22.186
122,22.18
123,22.175
124,22.168
125,22.162
126,22.155
127,22.147
128,22.138
129,22.129
130,22.119
131,22.108
132,22.096
133,22.083
134,22.069
135,22.053
136,22.036
137,22.017
138,21.997
139,21.974
140,21.949
141,21.921
142,21.891
143,21.858
144,21.821
145,21.78
146,21.735
147,21.686
148,21.632
149,21.572
150,21.506
151,21.433
152,21.353
153,21.266
154,21.169
155,21.063
156,20.947
157,20.819
158,20.68
159,20.527
160,20.361
161,20.179
162,19.981
163,19.766
164,19.532
165,19.279
166,19.005
167,18.709
168,18.391
169,18.048
170,17.681
171,17.287
172,16.867
173,16.42
174,15.944
175,15.44
176,14.906
177,14.343
178,13.75
179,13.126
180,12.473
181,11.789
182,11.076
183,10.333
184,9.5598
185,8.758
186,7.9275
187,7.0689
188,6.1827
189,5.2695
190,4.33
191,3.3648
192,2.3745
193,1.3599
194,0.32166
195,-0.73952
196,-1.8229
197,-2.9279
198,-4.0537
199,-5.1997
200,-6.3652
