0,19.525
1,19.523
2,19.521
3,19.519
4,19.517
5,19.516
6,19.514
7,19.512
8,19.51
9,19.508
10,19.506
11,19.505
12,19.503
13,19.501
14,19.499
15,19.497
16,19.495
17,19.494
18,19.492
19,19.49
20,19.488
21,19.486
22,19.484
23,19.483
24,19.481
25,19.479
26,19.477
27,19.475
28,19.473
29,19.472
30,19.47
31,19.468
32,19.466
33,19.464
34,19.462
35,19.461
36,19.459
37,19.457
38,19.455
39,19.453
40,19.451
41,19.449
42,19.448
43,19.446
44,19.444
45,19.442
46,19.44
47,19.438
48,19.437
49,19.435
50,19.433
51,19.431
52,19.429
53,19.427
54,19.425
55,19.423
56,19.421
57,19.42
58,19.418
59,19.416
60,19.414
61,19.412
62,19.41
63,19.408
64,19.406
65,19.404
66,19.402
67,19.4
68,19.398
69,19.396
70,19.394
71,19.392
72,19.39
73,19.387
74,19.385
75,19.383
76,19.381
77,19.378
78,19.376
79,19.374
80,19.371
81,19.368
82,19.366
83,19.363
84,19.36
85,19.357
86,19.354
87,19.351
88,19.348
89,19.344
90,19.34
91,19.337
92,19.333
93,19.328
94,19.324
95,19.319
96,19.314
97,19.308
98,19.302
99,19.296
100,19.289
101,19.282
102,19.274
103,19.266
104,19.257
105,19.247
106,19.236
107,19.224
108,19.212
109,19.198
110,19.183
111,19.166
112,19.149
113,19.129
114,19.108
115,19.084
116,19.059
117,19.031
118,19.001
119,18.967
120,18.931
121,18.891
122,18.847
123,18.799
124,18.746
125,18.689
126,18.626
127,18.557
128,18.481
129,18.399
130,18.309
131,18.21
132,18.103
133,17.986
134,17.858
135,17.719
136,17.568
137,17.404
138,17.226
139,17.033
140,16.825
141,16.599
142,16.356
143,16.093
144,15.811
145,15.509
146,15.184
147,14.837
148,14.467
149,14.072
150,13.652
151,13.207
152,12.735
153,12.236
154,11.711
155,11.157
156,10.576
157,9.9661
158,9.3284
159,8.6624
160,7.9683
161,7.2462
162,6.4964
163,5.719
164,4.9144
165,4.0831
166,3.2255
167,2.3419
168,1.4331
169,0.4995
170,-0.45834
171,-1.4398
172,-2.4443
173,-3.4712
174,-4.5199
175,-5.5899
176,-6.6804
177,-7.7908
178,-8.9207
179,-10.069
180,-11.236
181,-12.42
182,-13.622
183,-14.84
184,-16.074
185,-17.323
186,-18.588
187,-19.866
188,-21.159
189,-22.466
190,-23.785
191,-25.117
192,-26.462
193,-27.818
194,-29.186
195,-30.565
196,-31.955
197,-33.355
198,-34.765
199,-36.186
200,-37.615
