0,24.167
1,24.165
2,24.163
3,24.161
4,24.16
5,24.158
6,24.156
7,24.154
8,24.152
9,24.151
10,24.149
11,24.147
12,24.145
13,24.143
14,24.141
15,24.14
16,24.138
17,24.136
18,24.134
19,24.132
20,24.13
21,24.129
22,24.127
23,24.125
24,24.123
25,24.121
26,24.119
27,24.118
28,24.116
29,24.114
30,24.112
31,24.11
32,24.108
33,24.107
34,24.105
35,24.103
36,24.101
37,24.099
38,24.097
39,24.095
40,24.094
41,24.092
42,24.09
43,24.088
44,24.086
45,24.084
46,24.083
47,24.081
48,24.079
49,24.077
50,24.075
51,24.073
52,24.071
53,24.069
54,24.068
55,24.066
56,24.064
57,24.062
58,24.06
59,24.058
60,24.056
61,24.054
62,24.052
63,24.05
64,24.048
65,24.046
66,24.044
67,24.042
68,24.04
69,24.038
70,24.036
71,24.034
72,24.032
73,24.029
74,24.027
75,24.025
76,24.023
77,24.02
78,24.018
79,24.015
80,24.013
81,24.01
82,24.007
83,24.004
84,24.001
85,23.998
86,23.995
87,23.992
88,23.988
89,23.985
90,23.981
91,23.977
92,23.972
93,23.968
94,23.963
95,23.958
96,23.952
97,23.946
98,23.94
99,23.933
100,23.926
101,23.918
102,23.909
103,23.9
104,23.89
105,23.879
106,23.868
107,23.855
108,23.841
109,23.826
110,23.809
111,23.791
112,23.772
113,23.75
114,23.726
115,23.701
116,23.672
117,23.642
118,23.608
119,23.571
120,23.53
121,23.486
122,23.437
123,23.384
124,23.325
125,23.261
126,23.191
127,23.115
128,23.031
129,22.94
130,22.84
131,22.731
132,22.612
133,22.482
134,22.341
135,22.187
136,22.021
137,21.84
138,21.643
139,21.431
140,21.202
141,20.955
142,20.688
143,20.402
144,20.094
145,19.765
146,19.413
147,19.036
148,18.636
149,18.21
150,17.758
151,17.28
152,16.775
153,16.242
154,15.681
155,15.092
156,14.476
157,13.83
158,13.157
159,12.455
160,11.725
161,10.968
162,10.183
163,9.3704
164,8.5315
165,7.6663
166,6.7753
167,5.859
168,4.918
169,3.9529
170,2.9643
171,1.9528
172,0.91899
173,-0.13651
174,-1.2131
175,-2.3101
176,-3.427
177,-4.563
178,-5.7178
179,-6.8905
180,-8.0808
181,-9.288
182,-10.512
183,-11.751
184,-13.006
185,-14.275
186,-15.559
187,-16.857
188,-18.168
189,-19.492
190,-20.829
191,-22.178
192,-23.539
193,-24.911
194,-26.294
195,-27.688
196,-29.092
197,-30.507
198,-31.93
199,-33.364
200,-34.806
