0,16.154
1,16.153
2,16.151
3,16.149
4,16.147
5,16.145
6,16.143
7,16.142
8,16.14
9,16.138
10,16.136
11,16.134
12,16.132
13,16.131
14,16.129
15,16.127
16,16.125
17,16.123
18,16.121
19,16.12
20,16.118
21,16.116
22,16.114
23,16.112
24,16.11
25,16.109
26,16.107
27,16.105
28,16.103
29,16.101
30,16.099
31,16.098
32,16.096
33,16.094
34,16.092
35,16.09
36,16.088
37,16.087
38,16.085
39,16.083
40,16.081
41,16.079
42,16.077
43,16.075
44,16.074
45,16.072
46,16.07
47,16.068
48,16.066
49,16.064
50,16.062
51,16.061
52,16.059
53,16.057
54,16.055
55,16.053
56,16.051
57,16.049
58,16.047
59,16.045
60,16.043
61,16.041
62,16.039
63,16.037
64,16.035
65,16.033
66,16.031
67,16.029
68,16.027
69,16.025
70,16.023
71,16.021
72,16.018
73,16.016
74,16.014
75,16.011
76,16.009
77,16.007
78,16.004
79,16.001
80,15.999
81,15.996
82,15.993
83,15.99
84,15.987
85,15.984
86,15.98
87,15.977
88,15.973
89,15.969
90,15.965
91,15.961
92,15.956
93,15.951
94,15.946
95,15.94
96,15.934
97,15.928
98,15.921
99,15.913
100,15.905
101,15.897
102,15.888
103,15.877
104,15.867
105,15.855
106,15.842
107,15.828
108,15.813
109,15.796
110,15.778
111,15.758
112,15.737
113,15.713
114,15.687
115,15.659
116,15.629
117,15.595
118,15.558
119,15.518
120,15.474
121,15.426
122,15.373
123,15.315
124,15.252
125,15.183
126,15.108
127,15.026
128,14.936
129,14.838
130,14.731
131,14.614
132,14.487
133,14.349
134,14.199
135,14.037
136,13.86
137,13.669
138,13.462
139,13.239
140,12.998
141,12.739
142,12.46
143,12.161
144,11.84
145,11.498
146,11.132
147,10.743
148,10.328
149,9.8888
150,9.4233
151,8.9314
152,8.4126
153,7.8665
154,7.2927
155,6.6912
156,6.0618
157,5.4045
158,4.7192
159,4.0061
160,3.2655
161,2.4975
162,1.7024
163,0.88073
164,0.03279
165,-0.84094
166,-1.74
167,-2.6637
168,-3.6117
169,-4.5834
170,-5.5781
171,-6.5953
172,-7.6343
173,-8.6946
174,-9.7756
175,-10.877
176,-11.997
177,-13.137
178,-14.294
179,-15.47
180,-16.662
181,-17.872
182,-19.097
183,-20.338
184,-21.594
185,-22.865
186,-24.149
187,-25.448
188,-26.759
189,-28.084
190,-29.421
191,-30.77
192,-32.13
193,-33.502
194,-34.885
195,-36.278
196,-37.682
197,-39.095
198,-40.518
199,-41.951
200,-43.392
