0,28.252
1,28.25
2,28.248
3,28.246
4,28.244
5,28.243
6,28.241
7,28.239
8,28.237
9,28.235
10,28.234
11,28.232
12,28.23
13,28.228
14,28.226
15,28.224
16,28.223
17,28.221
18,28.219
19,28.217
20,28.215
21,28.213
22,28.212
23,28.21
24,28.208
25,28.206
26,28.204
27,28.202
28,28.201
29,28.199
30,28.197
31,28.195
32,28.193
33,28.191
34,28.19
35,28.188
36,28.186
37,28.184
38,28.182
39,28.18
40,28.179
41,28.177
42,28.175
43,28.173
44,28.171
45,28.169
46,28.168
47,28.166
48,28.164
49,28.162
50,28.16
51,28.158
52,28.157
53,28.155
54,28.153
55,28.151
56,28.149
57,28.147
58,28.145
59,28.144
60,28.142
61,28.14
62,28.138
63,28.136
64,28.134
65,28.132
66,28.131
67,28.129
68,28.127
69,28.125
70,28.123
71,28.121
72,28.119
73,28.117
74,28.115
75,28.113
76,28.111
77,28.109
78,28.107
79,28.105
80,28.103
81,28.101
82,28.099
83,28.097
84,28.095
85,28.093
86,28.091
87,28.088
88,28.086
89,28.084
90,28.082
91,28.079
92,28.077
93,28.074
94,28.071
95,28.069
96,28.066
97,28.063
98,28.06
99,28.057
100,28.053
101,28.05
102,28.046
103,28.042
104,28.038
105,28.034
106,28.029
107,28.024
108,28.019
109,28.013
110,28.007
111,28.001
112,27.994
113,27.986
114,27.978
115,27.969
116,27.959
117,27.949
118,27.937
119,27.925
120,27.911
121,27.896
122,27.88
123,27.862
124,27.843
125,27.821
126,27.798
127,27.772
128,27.744
129,27.713
130,27.679
131,27.641
132,27.6
133,27.555
134,27.505
135,27.45
136,27.39
137,27.324
138,27.252
139,27.172
140,27.085
141,26.989
142,26.884
143,26.769
144,26.644
145,26.507
146,26.357
147,26.194
148,26.017
149,25.824
150,25.614
151,25.387
152,25.141
153,24.876
154,24.59
155,24.282
156,23.951
157,23.597
158,23.217
159,22.813
160,22.381
161,21.923
162,21.438
163,20.924
164,20.381
165,19.81
166,19.209
167,18.579
168,17.92
169,17.231
170,16.513
171,15.767
172,14.991
173,14.188
174,13.356
175,12.498
176,11.612
177,10.7
178,9.7623
179,8.7996
180,7.8125
181,6.8015
182,5.7675
183,4.711
184,3.6327
185,2.5332
186,1.4133
187,0.27357
188,-0.88537
189,-2.0629
190,-3.2583
191,-4.4711
192,-5.7007
193,-6.9466
194,-8.208
195,-9.4847
196,-10.776
197,-12.081
198,-13.4
199,-14.733
200,-16.078
