0,28.774
1,28.772
2,28.77
3,28.768
4,28.766
5,28.765
6,28.763
7,28.761
8,28.759
9,28.757
10,28.755
11,28.754
12,28.752
13,28.75
14,28.748
15,28.746
16,28.744
17,28.743
18,28.741
19,28.739
20,28.737
21,28.735
22,28.733
23,28.732
24,28.73
25,28.728
26,28.726
27,28.724
28,28.722
29,28.721
30,28.719
31,28.717
32,28.715
33,28.713
34,28.711
35,28.71
36,28.708
37,28.706
38,28.704
39,28.702
40,28.7
41,28.699
42,28.697
43,28.695
44,28.693
45,28.691
46,28.689
47,28.687
48,28.686
49,28.684
50,28.682
51,28.68
52,28.678
53,28.676
54,28.674
55,28.672
56,28.67
57,28.669
58,28.667
59,28.665
60,28.663
61,28.661
62,28.659
63,28.657
64,28.655
65,28.653
66,28.651
67,28.649
68,28.647
69,28.645
70,28.642
71,28.64
72,28.638
73,28.636
74,28.633
75,28.631
76,28.629
77,28.626
78,28.624
79,28.621
80,28.619
81,28.616
82,28.613
83,28.61
84,28.607
85,28.604
86,28.6
87,28.597
88,28.593
89,28.589
90,28.585
91,28.581
92,28.576
93,28.571
94,28.566
95,28.561
96,28.555
97,28.548
98,28.542
99,28.534
100,28.526
101,28.518
102,28.508
103,28.498
104,28.488
105,28.476
106,28.463
107,28.449
108,28.434
109,28.417
110,28.399
111,28.379
112,28.357
113,28.333
114,28.307
115,28.279
116,28.248
117,28.213
118,28.176
119,28.135
120,28.09
121,28.041
122,27.987
123,27.927
124,27.863
125,27.792
126,27.714
127,27.629
128,27.537
129,27.435
130,27.324
131,27.204
132,27.072
133,26.929
134,26.773
135,26.604
136,26.42
137,26.221
138,26.006
139,25.773
140,25.522
141,25.252
142,24.961
143,24.649
144,24.315
145,23.958
146,23.576
147,23.17
148,22.739
149,22.281
150,21.797
151,21.285
152,20.746
153,20.178
154,19.583
155,18.959
156,18.307
157,17.626
158,16.917
159,16.18
160,15.416
161,14.623
162,13.804
163,12.958
164,12.086
165,11.187
166,10.264
167,9.3164
168,8.3445
169,7.3492
170,6.331
171,5.2907
172,4.2289
173,3.146
174,2.0429
175,0.92002
176,-0.22195
177,-1.3824
178,-2.5608
179,-3.7566
180,-4.9692
181,-6.198
182,-7.4425
183,-8.7023
184,-9.9768
185,-11.266
186,-12.568
187,-13.884
188,-15.213
189,-16.554
190,-17.907
191,-19.272
192,-20.648
193,-22.035
194,-23.433
195,-24.841
196,-26.259
197,-27.686
198,-29.123
199,-30.569
200,-32.024
