0,25.618
1,25.616
2,25.615
3,25.613
4,25.611
5,25.609
6,25.607
7,25.605
8,25.604
9,25.602
10,25.6
11,25.598
12,25.596
13,25.595
14,25.593
15,25.591
16,25.589
17,25.587
18,25.585
19,25.584
20,25.582
21,25.58
22,25.578
23,25.576
24,25.574
25,25.573
26,25.571
27,25.569
28,25.567
29,25.565
30,25.563
31,25.562
32,25.56
33,25.558
34,25.556
35,25.554
36,25.552
37,25.551
38,25.549
39,25.547
40,25.545
41,25.543
42,25.541
43,25.54
44,25.538
45,25.536
46,25.534
47,25.532
48,25.53
49,25.529
50,25.527
51,25.525
52,25.523
53,25.521
54,25.519
55,25.518
56,25.516
57,25.514
58,25.512
59,25.51
60,25.508
61,25.507
62,25.505
63,25.503
64,25.501
65,25.499
66,25.497
67,25.496
68,25.494
69,25.492
70,25.49
71,25.488
72,25.486
73,25.484
74,25.483
75,25.481
76,25.479
77,25.477
78,25.475
79,25.473
80,25.471
81,25.47
82,25.468
83,25.466
84,25.464
85,25.462
86,25.46
87,25.458
88,25.456
89,25.454
90,25.452
91,25.45
92,25.448
93,25.446
94,25.444
95,25.442
96,25.44
97,25.438
98,25.436
99,25.434
100,25.432
101,25.43
102,25.427
103,25.425
104,25.423
105,25.42
106,25.418
107,25.415
108,25.412
109,25.41
110,25.407
111,25.404
112,25.401
113,25.398
114,25.394
115,25.391
116,25.387
117,25.383
118,25.379
119,25.374
120,25.369
121,25.364
122,25.359
123,25.353
124,25.347
125,25.34
126,25.332
127,25.324
128,25.316
129,25.306
130,25.296
131,25.285
132,25.272
133,25.259
134,25.244
135,25.228
136,25.21
137,25.191
138,25.169
139,25.146
140,25.12
141,25.091
142,25.06
143,25.025
144,24.987
145,24.945
146,24.898
147,24.847
148,24.79
149,24.728
150,24.659
151,24.584
152,24.501
153,24.41
154,24.309
155,24.199
156,24.078
157,23.946
158,23.801
159,23.642
160,23.469
161,23.28
162,23.074
163,22.851
164,22.608
165,22.346
166,22.062
167,21.756
168,21.426
169,21.072
170,20.692
171,20.286
172,19.853
173,19.392
174,18.902
175,18.383
176,17.835
177,17.257
178,16.648
179,16.01
180,15.341
181,14.642
182,13.913
183,13.154
184,12.366
185,11.549
186,10.704
187,9.8302
188,8.9294
189,8.0019
190,7.0482
191,6.0692
192,5.0654
193,4.0376
194,2.9864
195,1.9126
196,0.81694
197,-0.29998
198,-1.4374
199,-2.5947
200,-3.7712
