0,15.076
1,15.074
2,15.073
3,15.071
4,15.069
5,15.067
6,15.065
7,15.063
8,15.062
9,15.06
10,15.058
11,15.056
12,15.054
13,15.052
14,15.051
15,15.049
16,15.047
17,15.045
18,15.043
19,15.042
20,15.04
21,15.038
22,15.036
23,15.034
24,15.032
25,15.031
26,15.029
27,15.027
28,15.025
29,15.023
30,15.021
31,15.02
32,15.018
33,15.016
34,15.014
35,15.012
36,15.01
37,15.009
38,15.007
39,15.005
40,15.003
41,15.001
42,14.999
43,14.998
44,14.996
45,14.994
46,14.992
47,14.99
48,14.988
49,14.987
50,14.985
51,14.983
52,14.981
53,14.979
54,14.977
55,14.976
56,14.974
57,14.972
58,14.97
59,14.968
60,14.966
61,14.965
62,14.963
63,14.961
64,14.959
65,14.957
66,14.955
67,14.953
68,14.952
69,14.95
70,14.948
71,14.946
72,14.944
73,14.942
74,14.94
75,14.939
76,14.937
77,14.935
78,14.933
79,14.931
80,14.929
81,14.927
82,14.925
83,14.924
84,14.922
85,14.92
86,14.918
87,14.916
88,14.914
89,14.912
90,14.91
91,14.908
92,14.906
93,14.904
94,14.902
95,14.899
96,14.897
97,14.895
98,14.893
99,14.891
100,14.888
101,14.886
102,14.884
103,14.881
104,14.878
105,14.876
106,14.873
107,14.87
108,14.867
109,14.864
110,14.861
111,14.858
112,14.854
113,14.851
114,14.847
115,14.842
116,14.838
117,14.833
118,14.828
119,14.823
120,14.817
121,14.811
122,14.805
123,14.798
124,14.79
125,14.782
126,14.773
127,14.763
128,14.752
129,14.741
130,14.728
131,14.714
132,14.699
133,14.682
134,14.664
135,14.644
136,14.622
137,14.598
138,14.572
139,14.542
140,14.51
141,14.475
142,14.436
143,14.394
144,14.347
145,14.295
146,14.239
147,14.176
148,14.108
149,14.033
150,13.95
151,13.859
152,13.759
153,13.65
154,13.531
155,13.4
156,13.257
157,13.101
158,12.931
159,12.745
160,12.544
161,12.325
162,12.088
163,11.832
164,11.555
165,11.257
166,10.936
167,10.591
168,10.222
169,9.8274
170,9.4064
171,8.9584
172,8.4827
173,7.9787
174,7.446
175,6.8841
176,6.2928
177,5.672
178,5.0215
179,4.3414
180,3.6318
181,2.8929
182,2.125
183,1.3285
184,0.50367
185,-0.34888
186,-1.2287
187,-2.1352
188,-3.0677
189,-4.0257
190,-5.0085
191,-6.0155
192,-7.0459
193,-8.0991
194,-9.1744
195,-10.271
196,-11.389
197,-12.526
198,-13.683
199,-14.859
200,-16.053
