0,16.618
1,16.616
2,16.615
3,16.613
4,16.611
5,16.609
6,16.607
7,16.606
8,16.604
9,16.602
10,16.6
11,16.598
12,16.596
13,16.595
14,16.593
15,16.591
16,16.589
17,16.587
18,16.585
19,16.584
20,16.582
21,16.58
22,16.578
23,16.576
24,16.574
25,16.573
26,16.571
27,16.569
28,16.567
29,16.565
30,16.563
31,16.562
32,16.56
33,16.558
34,16.556
35,16.554
36,16.552
37,16.551
38,16.549
39,16.547
40,16.545
41,16.543
42,16.541
43,16.54
44,16.538
45,16.536
46,16.534
47,16.532
48,16.53
49,16.529
50,16.527
51,16.525
52,16.523
53,16.521
54,16.519
55,16.518
56,16.516
57,16.514
58,16.512
59,16.51
60,16.508
61,16.507
62,16.505
63,16.503
64,16.501
65,16.499
66,16.497
67,16.496
68,16.494
69,16.492
70,16.49
71,16.488
72,16.486
73,16.484
74,16.483
75,16.481
76,16.479
77,16.477
78,16.475
79,16.473
80,16.471
81,16.469
82,16.468
83,16.466
84,16.464
85,16.462
86,16.46
87,16.458
88,16.456
89,16.454
90,16.452
91,16.45
92,16.448
93,16.446
94,16.444
95,16.442
96,16.44
97,16.438
98,16.436
99,16.434
100,16.431
101,16.429
102,16.427
103,16.424
104,16.422
105,16.419
106,16.417
107,16.414
108,16.412
109,16.409
110,16.406
111,16.403
112,16.399
113,16.396
114,16.393
115,16.389
116,16.385
117,16.381
118,16.376
119,16.372
120,16.367
121,16.361
122,16.356
123,16.349
124,16.343
125,16.336
126,16.328
127,16.319
128,16.31
129,16.3
130,16.29
131,16.278
132,16.265
133,16.251
134,16.235
135,16.218
136,16.2
137,16.179
138,16.157
139,16.132
140,16.105
141,16.075
142,16.043
143,16.007
144,15.967
145,15.923
146,15.875
147,15.822
148,15.764
149,15.699
150,15.629
151,15.551
152,15.466
153,15.372
154,15.27
155,15.157
156,15.034
157,14.899
158,14.751
159,14.59
160,14.414
161,14.223
162,14.015
163,13.789
164,13.545
165,13.28
166,12.994
167,12.686
168,12.355
169,12
170,11.62
171,11.213
172,10.78
173,10.319
174,9.8301
175,9.3124
176,8.7656
177,8.1893
178,7.5833
179,6.9475
180,6.2818
181,5.5864
182,4.8614
183,4.107
184,3.3236
185,2.5116
186,1.6714
187,0.80355
188,-0.091431
189,-1.0129
190,-1.9603
191,-2.933
192,-3.9302
193,-4.9513
194,-5.9956
195,-7.0625
196,-8.1512
197,-9.261
198,-10.391
199,-11.542
200,-12.711
