0,23.075
1,23.073
2,23.071
3,23.069
4,23.067
5,23.065
6,23.064
7,23.062
8,23.06
9,23.058
10,23.056
11,23.054
12,23.053
13,23.051
14,23.049
15,23.047
16,23.045
17,23.043
18,23.042
19,23.04
20,23.038
21,23.036
22,23.034
23,23.032
24,23.031
25,23.029
26,23.027
27,23.025
28,23.023
29,23.021
30,23.02
31,23.018
32,23.016
33,23.014
34,23.012
35,23.01
36,23.009
37,23.007
38,23.005
39,23.003
40,23.001
41,22.999
42,22.998
43,22.996
44,22.994
45,22.992
46,22.99
47,22.988
48,22.986
49,22.985
50,22.983
51,22.981
52,22.979
53,22.977
54,22.975
55,22.973
56,22.971
57,22.969
58,22.967
59,22.966
60,22.964
61,22.962
62,22.96
63,22.958
64,22.956
65,22.954
66,22.952
67,22.95
68,22.947
69,22.945
70,22.943
71,22.941
72,22.939
73,22.937
74,22.934
75,22.932
76,22.93
77,22.927
78,22.925
79,22.922
80,22.919
81,22.917
82,22.914
83,22.911
84,22.908
85,22.905
86,22.901
87,22.898
88,22.894
89,22.891
90,22.886
91,22.882
92,22.878
93,22.873
94,22.868
95,22.862
96,22.857
97,22.85
98,22.844
99,22.836
100,22.829
101,22.82
102,22.811
103,22.802
104,22.791
105,22.779
106,22.767
107,22.753
108,22.738
109,22.722
110,22.705
111,22.685
112,22.664
113,22.641
114,22.616
115,22.589
116,22.559
117,22.526
118,22.49
119,22.45
120,22.407
121,22.36
122,22.308
123,22.251
124,22.189
125,22.121
126,22.047
127,21.965
128,21.876
129,21.779
130,21.673
131,21.558
132,21.432
133,21.295
134,21.146
135,20.983
136,20.808
137,20.617
138,20.411
139,20.188
140,19.947
141,19.688
142,19.409
143,19.109
144,18.788
145,18.445
146,18.078
147,17.687
148,17.271
149,16.83
150,16.362
151,15.867
152,15.346
153,14.796
154,14.219
155,13.614
156,12.981
157,12.319
158,11.629
159,10.911
160,10.166
161,9.3924
162,8.592
163,7.7647
164,6.9111
165,6.0315
166,5.1264
167,4.1966
168,3.2424
169,2.2645
170,1.2634
171,0.2399
172,-0.80555
173,-1.8723
174,-2.9597
175,-4.0671
176,-5.1941
177,-6.3398
178,-7.5039
179,-8.6857
180,-9.8846
181,-11.1
182,-12.332
183,-13.579
184,-14.841
185,-16.118
186,-17.408
187,-18.713
188,-20.03
189,-21.36
190,-22.703
191,-24.058
192,-25.424
193,-26.801
194,-28.189
195,-29.588
196,-30.997
197,-32.415
198,-33.844
199,-35.281
200,-36.727
