0,23.452
1,23.45
2,23.448
3,23.447
4,23.445
5,23.443
6,23.441
7,23.439
8,23.437
9,23.436
10,23.434
11,23.432
12,23.43
13,23.428
14,23.426
15,23.425
16,23.423
17,23.421
18,23.419
19,23.417
20,23.415
21,23.414
22,23.412
23,23.41
24,23.408
25,23.406
26,23.404
27,23.403
28,23.401
29,23.399
30,23.397
31,23.395
32,23.393
33,23.392
34,23.39
35,23.388
36,23.386
37,23.384
38,23.382
39,23.381
40,23.379
41,23.377
42,23.375
43,23.373
44,23.371
45,23.37
46,23.368
47,23.366
48,23.364
49,23.362
50,23.36
51,23.359
52,23.357
53,23.355
54,23.353
55,23.351
56,23.349
57,23.348
58,23.346
59,23.344
60,23.342
61,23.34
62,23.338
63,23.336
64,23.335
65,23.333
66,23.331
67,23.329
68,23.327
69,23.325
70,23.324
71,23.322
72,23.32
73,23.318
74,23.316
75,23.314
76,23.312
77,23.31
78,23.308
79,23.307
80,23.305
81,23.303
82,23.301
83,23.299
84,23.297
85,23.295
86,23.293
87,23.291
88,23.289
89,23.287
90,23.285
91,23.282
92,23.28
93,23.278
94,23.276
95,23.274
96,23.271
97,23.269
98,23.266
99,23.264
100,23.261
101,23.259
102,23.256
103,23.253
104,23.25
105,23.247
106,23.244
107,23.24
108,23.237
109,23.233
110,23.229
111,23.225
112,23.22
113,23.215
114,23.21
115,23.205
116,23.199
117,23.193
118,23.186
119,23.179
120,23.171
121,23.162
122,23.153
123,23.143
124,23.132
125,23.12
126,23.107
127,23.092
128,23.077
129,23.06
130,23.041
131,23.02
132,22.997
133,22.972
134,22.945
135,22.915
136,22.882
137,22.845
138,22.805
139,22.761
140,22.713
141,22.659
142,22.601
143,22.536
144,22.465
145,22.387
146,22.302
147,22.208
148,22.105
149,21.992
150,21.869
151,21.734
152,21.586
153,21.425
154,21.25
155,21.059
156,20.851
157,20.626
158,20.382
159,20.119
160,19.834
161,19.528
162,19.198
163,18.845
164,18.467
165,18.063
166,17.632
167,17.174
168,16.688
169,16.174
170,15.631
171,15.059
172,14.457
173,13.825
174,13.164
175,12.473
176,11.753
177,11.004
178,10.226
179,9.4189
180,8.584
181,7.7216
182,6.8322
183,5.9162
184,4.9744
185,4.0074
186,3.0159
187,2.0004
188,0.96172
189,-0.099512
190,-1.1826
191,-2.2869
192,-3.4117
193,-4.5564
194,-5.7203
195,-6.9028
196,-8.1033
197,-9.3211
198,-10.556
199,-11.807
200,-13.073
