0,17.222
1,17.221
2,17.219
3,17.217
4,17.215
5,17.213
6,17.211
7,17.21
8,17.208
9,17.206
10,17.204
11,17.202
12,17.2
13,17.199
14,17.197
15,17.195
16,17.193
17,17.191
18,17.189
19,17.188
20,17.186
21,17.184
22,17.182
23,17.18
24,17.178
25,17.177
26,17.175
27,17.173
28,17.171
29,17.169
30,17.167
31,17.166
32,17.164
33,17.162
34,17.16
35,17.158
36,17.156
37,17.155
38,17.153
39,17.151
40,17.149
41,17.147
42,17.145
43,17.143
44,17.142
45,17.14
46,17.138
47,17.136
48,17.134
49,17.132
50,17.13
51,17.129
52,17.127
53,17.125
54,17.123
55,17.121
56,17.119
57,17.117
58,17.115
59,17.113
60,17.112
61,17.11
62,17.108
63,17.106
64,17.104
65,17.102
66,17.1
67,17.098
68,17.096
69,17.094
70,17.091
71,17.089
72,17.087
73,17.085
74,17.083
75,17.081
76,17.078
77,17.076
78,17.074
79,17.071
80,17.069
81,17.066
82,17.063
83,17.06
84,17.058
85,17.055
86,17.052
87,17.048
88,17.045
89,17.041
90,17.038
91,17.034
92,17.03
93,17.025
94,17.021
95,17.016
96,17.011
97,17.005
98,16.999
99,16.993
100,16.986
101,16.979
102,16.971
103,16.962
104,16.953
105,16.943
106,16.932
107,16.92
108,16.908
109,16.894
110,16.879
111,16.862
112,16.844
113,16.824
114,16.803
115,16.779
116,16.754
117,16.726
118,16.695
119,16.661
120,16.625
121,16.584
122,16.54
123,16.492
124,16.439
125,16.381
126,16.318
127,16.249
128,16.173
129,16.09
130,16
131,15.901
132,15.793
133,15.676
134,15.548
135,15.408
136,15.257
137,15.093
138,14.914
139,14.721
140,14.512
141,14.287
142,14.043
143,13.781
144,13.499
145,13.196
146,12.872
147,12.525
148,12.155
149,11.761
150,11.342
151,10.897
152,10.426
153,9.928
154,9.403
155,8.8505
156,8.2702
157,7.6619
158,7.0255
159,6.3609
160,5.6683
161,4.9478
162,4.1995
163,3.4238
164,2.621
165,1.7915
166,0.93575
167,0.05417
168,-0.8527
169,-1.7843
170,-2.7401
171,-3.7196
172,-4.722
173,-5.7468
174,-6.7934
175,-7.8613
176,-8.9497
177,-10.058
178,-11.186
179,-12.332
180,-13.497
181,-14.679
182,-15.879
183,-17.095
184,-18.327
185,-19.574
186,-20.836
187,-22.113
188,-23.404
189,-24.709
190,-26.026
191,-27.356
192,-28.699
193,-30.054
194,-31.42
195,-32.797
196,-34.185
197,-35.583
198,-36.992
199,-38.41
200,-39.838
