0,22.483
1,22.481
2,22.479
3,22.477
4,22.476
5,22.474
6,22.472
7,22.47
8,22.468
9,22.466
10,22.465
11,22.463
12,22.461
13,22.459
14,22.457
15,22.456
16,22.454
17,22.452
18,22.45
19,22.448
20,22.446
21,22.445
22,22.443
23,22.441
24,22.439
25,22.437
26,22.435
27,22.434
28,22.432
29,22.43
30,22.428
31,22.426
32,22.424
33,22.422
34,22.421
35,22.419
36,22.417
37,22.415
38,22.413
39,22.411
40,22.41
41,22.408
42,22.406
43,22.404
44,22.402
45,22.4
46,22.398
47,22.397
48,22.395
49,22.393
50,22.391
51,22.389
52,22.387
53,22.385
54,22.383
55,22.382
56,22.38
57,22.378
58,22.376
59,22.374
60,22.372
61,22.37
62,22.368
63,22.366
64,22.364
65,22.362
66,22.36
67,22.358
68,22.356
69,22.354
70,22.352
71,22.35
72,22.347
73,22.345
74,22.343
75,22.341
76,22.338
77,22.336
78,22.333
79,22.331
80,22.328
81,22.325
82,22.323
83,22.32
84,22.317
85,22.314
86,22.31
87,22.307
88,22.303
89,22.3
90,22.296
91,22.291
92,22.287
93,22.282
94,22.277
95,22.272
96,22.266
97,22.26
98,22.254
99,22.246
100,22.239
101,22.231
102,22.222
103,22.212
104,22.202
105,22.191
106,22.179
107,22.165
108,22.151
109,22.135
110,22.118
111,22.099
112,22.079
113,22.057
114,22.032
115,22.005
116,21.976
117,21.944
118,21.909
119,21.871
120,21.829
121,21.783
122,21.732
123,21.677
124,21.617
125,21.55
126,21.478
127,21.399
128,21.312
129,21.218
130,21.115
131,21.002
132,20.88
133,20.746
134,20.601
135,20.443
136,20.271
137,20.085
138,19.884
139,19.666
140,19.431
141,19.178
142,18.905
143,18.612
144,18.297
145,17.961
146,17.601
147,17.218
148,16.81
149,16.376
150,15.917
151,15.43
152,14.917
153,14.376
154,13.808
155,13.211
156,12.586
157,11.934
158,11.252
159,10.543
160,9.806
161,9.0413
162,8.2492
163,7.4301
164,6.5845
165,5.7128
166,4.8156
167,3.8933
168,2.9466
169,1.9759
170,0.98192
171,-0.034756
172,-1.0735
173,-2.1338
174,-3.2149
175,-4.3162
176,-5.4372
177,-6.5772
178,-7.7357
179,-8.9121
180,-10.106
181,-11.316
182,-12.543
183,-13.785
184,-15.043
185,-16.315
186,-17.602
187,-18.902
188,-20.215
189,-21.542
190,-22.881
191,-24.232
192,-25.594
193,-26.968
194,-28.353
195,-29.748
196,-31.154
197,-32.57
198,-33.995
199,-35.43
200,-36.873
