0,19.543
1,19.542
2,19.54
3,19.538
4,19.536
5,19.534
6,19.532
7,19.531
8,19.529
9,19.527
10,19.525
11,19.523
12,19.521
13,19.52
14,19.518
15,19.516
16,19.514
17,19.512
18,19.51
19,19.509
20,19.507
21,19.505
22,19.503
23,19.501
24,19.499
25,19.498
26,19.496
27,19.494
28,19.492
29,19.49
30,19.488
31,19.487
32,19.485
33,19.483
34,19.481
35,19.479
36,19.477
37,19.476
38,19.474
39,19.472
40,19.47
41,19.468
42,19.466
43,19.465
44,19.463
45,19.461
46,19.459
47,19.457
48,19.455
49,19.454
50,19.452
51,19.45
52,19.448
53,19.446
54,19.444
55,19.443
56,19.441
57,19.439
58,19.437
59,19.435
60,19.433
61,19.432
62,19.43
63,19.428
64,19.426
65,19.424
66,19.422
67,19.42
68,19.419
69,19.417
70,19.415
71,19.413
72,19.411
73,19.409
74,19.407
75,19.406
76,19.404
77,19.402
78,19.4
79,19.398
80,19.396
81,19.394
82,19.392
83,19.39
84,19.388
85,19.386
86,19.384
87,19.382
88,19.38
89,19.378
90,19.376
91,19.374
92,19.372
93,19.37
94,19.368
95,19.366
96,19.363
97,19.361
98,19.359
99,19.356
100,19.354
101,19.352
102,19.349
103,19.346
104,19.344
105,19.341
106,19.338
107,19.335
108,19.331
109,19.328
110,19.324
111,19.321
112,19.317
113,19.312
114,19.308
115,19.303
116,19.298
117,19.293
118,19.287
119,19.281
120,19.274
121,19.267
122,19.259
123,19.25
124,19.241
125,19.231
126,19.22
127,19.208
128,19.195
129,19.181
130,19.165
131,19.148
132,19.129
133,19.108
134,19.086
135,19.061
136,19.034
137,19.004
138,18.971
139,18.934
140,18.894
141,18.85
142,18.802
143,18.749
144,18.69
145,18.626
146,18.555
147,18.478
148,18.392
149,18.299
150,18.196
151,18.084
152,17.961
153,17.826
154,17.679
155,17.518
156,17.344
157,17.153
158,16.946
159,16.722
160,16.479
161,16.216
162,15.932
163,15.626
164,15.298
165,14.945
166,14.568
167,14.165
168,13.735
169,13.278
170,12.793
171,12.28
172,11.738
173,11.166
174,10.566
175,9.9351
176,9.2749
177,8.5852
178,7.8661
179,7.1178
180,6.3405
181,5.5347
182,4.7009
183,3.8394
184,2.9508
185,2.0358
186,1.0949
187,0.12878
188,-0.86196
189,-1.8766
190,-2.9145
191,-3.975
192,-5.0573
193,-6.1609
194,-7.285
195,-8.4291
196,-9.5923
197,-10.774
198,-11.974
199,-13.191
200,-14.425
