0,27.143
1,27.141
2,27.139
3,27.137
4,27.135
5,27.133
6,27.132
7,27.13
8,27.128
9,27.126
10,27.124
11,27.122
12,27.121
13,27.119
14,27.117
15,27.115
16,27.113
17,27.111
18,27.11
19,27.108
20,27.106
21,27.104
22,27.102
23,27.1
24,27.099
25,27.097
26,27.095
27,27.093
28,27.091
29,27.09
30,27.088
31,27.086
32,27.084
33,27.082
34,27.08
35,27.079
36,27.077
37,27.075
38,27.073
39,27.071
40,27.069
41,27.068
42,27.066
43,27.064
44,27.062
45,27.06
46,27.058
47,27.057
48,27.055
49,27.053
50,27.051
51,27.049
52,27.047
53,27.046
54,27.044
55,27.042
56,27.04
57,27.038
58,27.036
59,27.035
60,27.033
61,27.031
62,27.029
63,27.027
64,27.025
65,27.024
66,27.022
67,27.02
68,27.018
69,27.016
70,27.014
71,27.012
72,27.011
73,27.009
74,27.007
75,27.005
76,27.003
77,27.001
78,26.999
79,26.998
80,26.996
81,26.994
82,26.992
83,26.99
84,26.988
85,26.986
86,26.984
87,26.983
88,26.981
89,26.979
90,26.977
91,26.975
92,26.973
93,26.971
94,26.969
95,26.967
96,26.965
97,26.963
98,26.961
99,26.958
100,26.956
101,26.954
102,26.952
103,26.95
104,26.947
105,26.945
106,26.942
107,26.94
108,26.937
109,26.935
110,26.932
111,26.929
112,26.926
113,26.923
114,26.919
115,26.916
116,26.912
117,26.908
118,26.904
119,26.9
120,26.895
121,26.891
122,26.885
123,26.88
124,26.874
125,26.867
126,26.86
127,26.852
128,26.844
129,26.835
130,26.825
131,26.814
132,26.803
133,26.79
134,26.776
135,26.76
136,26.743
137,26.725
138,26.704
139,26.682
140,26.657
141,26.63
142,26.6
143,26.567
144,26.53
145,26.49
146,26.445
147,26.396
148,26.342
149,26.283
150,26.217
151,26.145
152,26.065
153,25.978
154,25.881
155,25.776
156,25.659
157,25.532
158,25.392
159,25.24
160,25.073
161,24.891
162,24.692
163,24.476
164,24.241
165,23.987
166,23.712
167,23.415
168,23.094
169,22.75
170,22.38
171,21.984
172,21.561
173,21.111
174,20.632
175,20.124
176,19.586
177,19.019
178,18.421
179,17.794
180,17.135
181,16.447
182,15.728
183,14.98
184,14.201
185,13.394
186,12.558
187,11.693
188,10.801
189,9.8825
190,8.937
191,7.9659
192,6.9697
193,5.9492
194,4.905
195,3.8379
196,2.7487
197,1.6379
198,0.50632
199,-0.64536
200,-1.8165
