0,23.629
1,23.627
2,23.625
3,23.623
4,23.621
5,23.62
6,23.618
7,23.616
8,23.614
9,23.612
10,23.611
11,23.609
12,23.607
13,23.605
14,23.603
15,23.601
16,23.6
17,23.598
18,23.596
19,23.594
20,23.592
21,23.59
22,23.589
23,23.587
24,23.585
25,23.583
26,23.581
27,23.579
28,23.578
29,23.576
30,23.574
31,23.572
32,23.57
33,23.568
34,23.567
35,23.565
36,23.563
37,23.561
38,23.559
39,23.557
40,23.556
41,23.554
42,23.552
43,23.55
44,23.548
45,23.546
46,23.545
47,23.543
48,23.541
49,23.539
50,23.537
51,23.535
52,23.534
53,23.532
54,23.53
55,23.528
56,23.526
57,23.524
58,23.523
59,23.521
60,23.519
61,23.517
62,23.515
63,23.513
64,23.512
65,23.51
66,23.508
67,23.506
68,23.504
69,23.502
70,23.5
71,23.499
72,23.497
73,23.495
74,23.493
75,23.491
76,23.489
77,23.487
78,23.486
79,23.484
80,23.482
81,23.48
82,23.478
83,23.476
84,23.474
85,23.472
86,23.47
87,23.468
88,23.467
89,23.465
90,23.463
91,23.461
92,23.459
93,23.457
94,23.454
95,23.452
96,23.45
97,23.448
98,23.446
99,23.444
100,23.441
101,23.439
102,23.437
103,23.434
104,23.432
105,23.429
106,23.427
107,23.424
108,23.421
109,23.418
110,23.415
111,23.412
112,23.409
113,23.405
114,23.401
115,23.398
116,23.393
117,23.389
118,23.384
119,23.379
120,23.374
121,23.368
122,23.362
123,23.356
124,23.348
125,23.341
126,23.332
127,23.323
128,23.313
129,23.302
130,23.29
131,23.277
132,23.263
133,23.248
134,23.231
135,23.212
136,23.192
137,23.169
138,23.144
139,23.117
140,23.087
141,23.054
142,23.017
143,22.977
144,22.933
145,22.884
146,22.83
147,22.771
148,22.706
149,22.634
150,22.556
151,22.469
152,22.374
153,22.269
154,22.155
155,22.029
156,21.892
157,21.741
158,21.577
159,21.398
160,21.203
161,20.991
162,20.76
163,20.511
164,20.241
165,19.949
166,19.635
167,19.297
168,18.935
169,18.547
170,18.133
171,17.691
172,17.222
173,16.723
174,16.196
175,15.64
176,15.053
177,14.437
178,13.79
179,13.114
180,12.408
181,11.672
182,10.906
183,10.111
184,9.2882
185,8.4368
186,7.5578
187,6.6517
188,5.7192
189,4.7608
190,3.7774
191,2.7695
192,1.7378
193,0.68312
194,-0.39396
195,-1.4927
196,-2.6124
197,-3.7524
198,-4.9121
199,-6.0907
200,-7.2877
