0,22.986
1,22.984
2,22.982
3,22.981
4,22.979
5,22.977
6,22.975
7,22.973
8,22.971
9,22.97
10,22.968
11,22.966
12,22.964
13,22.962
14,22.961
15,22.959
16,22.957
17,22.955
18,22.953
19,22.951
20,22.95
21,22.948
22,22.946
23,22.944
24,22.942
25,22.94
26,22.939
27,22.937
28,22.935
29,22.933
30,22.931
31,22.929
32,22.928
33,22.926
34,22.924
35,22.922
36,22.92
37,22.918
38,22.917
39,22.915
40,22.913
41,22.911
42,22.909
43,22.907
44,22.906
45,22.904
46,22.902
47,22.9
48,22.898
49,22.896
50,22.895
51,22.893
52,22.891
53,22.889
54,22.887
55,22.885
56,22.884
57,22.882
58,22.88
59,22.878
60,22.876
61,22.874
62,22.873
63,22.871
64,22.869
65,22.867
66,22.865
67,22.863
68,22.862
69,22.86
70,22.858
71,22.856
72,22.854
73,22.852
74,22.85
75,22.849
76,22.847
77,22.845
78,22.843
79,22.841
80,22.839
81,22.837
82,22.835
83,22.834
84,22.832
85,22.83
86,22.828
87,22.826
88,22.824
89,22.822
90,22.82
91,22.818
92,22.816
93,22.814
94,22.812
95,22.81
96,22.808
97,22.806
98,22.804
99,22.802
100,22.8
101,22.797
102,22.795
103,22.793
104,22.79
105,22.788
106,22.785
107,22.783
108,22.78
109,22.777
110,22.775
111,22.772
112,22.769
113,22.765
114,22.762
115,22.758
116,22.755
117,22.751
118,22.746
119,22.742
120,22.737
121,22.732
122,22.727
123,22.721
124,22.714
125,22.708
126,22.7
127,22.692
128,22.684
129,22.674
130,22.664
131,22.653
132,22.641
133,22.627
134,22.613
135,22.596
136,22.579
137,22.56
138,22.538
139,22.515
140,22.489
141,22.461
142,22.43
143,22.395
144,22.357
145,22.316
146,22.27
147,22.219
148,22.163
149,22.101
150,22.034
151,21.959
152,21.877
153,21.787
154,21.688
155,21.579
156,21.46
157,21.329
158,21.186
159,21.029
160,20.858
161,20.672
162,20.469
163,20.249
164,20.01
165,19.751
166,19.471
167,19.169
168,18.843
169,18.494
170,18.119
171,17.718
172,17.291
173,16.835
174,16.351
175,15.839
176,15.297
177,14.725
178,14.123
179,13.491
180,12.829
181,12.137
182,11.415
183,10.663
184,9.8821
185,9.0721
186,8.2336
187,7.367
188,6.4731
189,5.5524
190,4.6054
191,3.633
192,2.6357
193,1.6143
194,0.56948
195,-0.4981
196,-1.5877
197,-2.6987
198,-3.8303
199,-4.9819
200,-6.1528
