0,25.315
1,25.314
2,25.312
3,25.31
4,25.308
5,25.306
6,25.304
7,25.303
8,25.301
9,25.299
10,25.297
11,25.295
12,25.293
13,25.292
14,25.29
15,25.288
16,25.286
17,25.284
18,25.282
19,25.281
20,25.279
21,25.277
22,25.275
23,25.273
24,25.271
25,25.27
26,25.268
27,25.266
28,25.264
29,25.262
30,25.26
31,25.259
32,25.257
33,25.255
34,25.253
35,25.251
36,25.249
37,25.247
38,25.246
39,25.244
40,25.242
41,25.24
42,25.238
43,25.236
44,25.234
45,25.232
46,25.231
47,25.229
48,25.227
49,25.225
50,25.223
51,25.221
52,25.219
53,25.217
54,25.215
55,25.213
56,25.211
57,25.209
58,25.207
59,25.205
60,25.203
61,25.201
62,25.199
63,25.196
64,25.194
65,25.192
66,25.19
67,25.187
68,25.185
69,25.182
70,25.18
71,25.177
72,25.175
73,25.172
74,25.169
75,25.166
76,25.163
77,25.16
78,25.157
79,25.153
80,25.15
81,25.146
82,25.142
83,25.137
84,25.133
85,25.128
86,25.123
87,25.118
88,25.112
89,25.106
90,25.099
91,25.092
92,25.084
93,25.076
94,25.067
95,25.058
96,25.047
97,25.036
98,25.024
99,25.01
100,24.996
101,24.98
102,24.963
103,24.944
104,24.924
105,24.902
106,24.878
107,24.851
108,24.822
109,24.79
110,24.756
111,24.718
112,24.677
113,24.631
114,24.582
115,24.528
116,24.469
117,24.404
118,24.333
119,24.256
120,24.172
121,24.08
122,23.98
123,23.871
124,23.752
125,23.623
126,23.482
127,23.329
128,23.164
129,22.984
130,22.79
131,22.58
132,22.354
133,22.11
134,21.848
135,21.566
136,21.263
137,20.939
138,20.593
139,20.224
140,19.832
141,19.414
142,18.972
143,18.503
144,18.009
145,17.487
146,16.938
147,16.362
148,15.758
149,15.127
150,14.468
151,13.781
152,13.066
153,12.324
154,11.555
155,10.759
156,9.9362
157,9.0876
158,8.2134
159,7.3141
160,6.3902
161,5.4422
162,4.4707
163,3.4763
164,2.4595
165,1.421
166,0.36139
167,-0.7188
168,-1.819
169,-2.9385
170,-4.0768
171,-5.2334
172,-6.4076
173,-7.5989
174,-8.8068
175,-10.031
176,-11.27
177,-12.525
178,-13.794
179,-15.077
180,-16.374
181,-17.684
182,-19.007
183,-20.342
184,-21.689
185,-23.048
186,-24.418
187,-25.799
188,-27.191
189,-28.592
190,-30.004
191,-31.425
192,-32.856
193,-34.295
194,-35.744
195,-37.2
196,-38.665
197,-40.138
198,-41.619
199,-43.108
200,-44.603
