0,14.717
1,14.715
2,14.713
3,14.711
4,14.71
5,14.708
6,14.706
7,14.704
8,14.702
9,14.7
10,14.699
11,14.697
12,14.695
13,14.693
14,14.691
15,14.689
16,14.688
17,14.686
18,14.684
19,14.682
20,14.68
21,14.678
22,14.677
23,14.675
24,14.673
25,14.671
26,14.669
27,14.667
28,14.666
29,14.664
30,14.662
31,14.66
32,14.658
33,14.656
34,14.655
35,14.653
36,14.651
37,14.649
38,14.647
39,14.646
40,14.644
41,14.642
42,14.64
43,14.638
44,14.636
45,14.635
46,14.633
47,14.631
48,14.629
49,14.627
50,14.625
51,14.624
52,14.622
53,14.62
54,14.618
55,14.616
56,14.614
57,14.613
58,14.611
59,14.609
60,14.607
61,14.605
62,14.603
63,14.602
64,14.6
65,14.598
66,14.596
67,14.594
68,14.592
69,14.591
70,14.589
71,14.587
72,14.585
73,14.583
74,14.581
75,14.579
76,14.578
77,14.576
78,14.574
79,14.572
80,14.57
81,14.568
82,14.566
83,14.565
84,14.563
85,14.561
86,14.559
87,14.557
88,14.555
89,14.553
90,14.551
91,14.55
92,14.548
93,14.546
94,14.544
95,14.542
96,14.54
97,14.538
98,14.536
99,14.534
100,14.532
101,14.53
102,14.528
103,14.526
104,14.524
105,14.521
106,14.519
107,14.517
108,14.515
109,14.512
110,14.51
111,14.508
112,14.505
113,14.502
114,14.5
115,14.497
116,14.494
117,14.491
118,14.488
119,14.485
120,14.481
121,14.478
122,14.474
123,14.47
124,14.465
125,14.461
126,14.456
127,14.451
128,14.445
129,14.439
130,14.433
131,14.426
132,14.418
133,14.41
134,14.401
135,14.391
136,14.381
137,14.369
138,14.356
139,14.343
140,14.327
141,14.311
142,14.292
143,14.272
144,14.25
145,14.226
146,14.199
147,14.17
148,14.137
149,14.101
150,14.062
151,14.018
152,13.97
153,13.917
154,13.859
155,13.795
156,13.724
157,13.646
158,13.56
159,13.466
160,13.363
161,13.249
162,13.124
163,12.988
164,12.839
165,12.675
166,12.497
167,12.303
168,12.092
169,11.862
170,11.613
171,11.344
172,11.053
173,10.739
174,10.401
175,10.039
176,9.6509
177,9.2362
178,8.794
179,8.3236
180,7.8245
181,7.2961
182,6.738
183,6.15
184,5.5318
185,4.8833
186,4.2046
187,3.4958
188,2.7571
189,1.9888
190,1.1912
191,0.36489
192,-0.48977
193,-1.3722
194,-2.2818
195,-3.2179
196,-4.1798
197,-5.167
198,-6.1787
199,-7.2142
200,-8.2728
