0,24.57
1,24.568
2,24.566
3,24.565
4,24.563
5,24.561
6,24.559
7,24.557
8,24.555
9,24.554
10,24.552
11,24.55
12,24.548
13,24.546
14,24.544
15,24.543
16,24.541
17,24.539
18,24.537
19,24.535
20,24.533
21,24.532
22,24.53
23,24.528
24,24.526
25,24.524
26,24.522
27,24.521
28,24.519
29,24.517
30,24.515
31,24.513
32,24.511
33,24.51
34,24.508
35,24.506
36,24.504
37,24.502
38,24.5
39,24.499
40,24.497
41,24.495
42,24.493
43,24.491
44,24.489
45,24.488
46,24.486
47,24.484
48,24.482
49,24.48
50,24.478
51,24.476
52,24.475
53,24.473
54,24.471
55,24.469
56,24.467
57,24.465
58,24.463
59,24.461
60,24.459
61,24.457
62,24.456
63,24.454
64,24.452
65,24.45
66,24.448
67,24.446
68,24.444
69,24.442
70,24.44
71,24.438
72,24.436
73,24.433
74,24.431
75,24.429
76,24.427
77,24.425
78,24.422
79,24.42
80,24.418
81,24.415
82,24.412
83,24.41
84,24.407
85,24.404
86,24.401
87,24.398
88,24.395
89,24.392
90,24.389
91,24.385
92,24.381
93,24.377
94,24.373
95,24.369
96,24.364
97,24.359
98,24.354
99,24.348
100,24.342
101,24.335
102,24.328
103,24.321
104,24.312
105,24.303
106,24.294
107,24.283
108,24.272
109,24.26
110,24.246
111,24.232
112,24.216
113,24.198
114,24.179
115,24.158
116,24.136
117,24.111
118,24.083
119,24.053
120,24.021
121,23.985
122,23.945
123,23.902
124,23.855
125,23.803
126,23.746
127,23.684
128,23.616
129,23.541
130,23.46
131,23.37
132,23.273
133,23.166
134,23.05
135,22.923
136,22.784
137,22.634
138,22.47
139,22.292
140,22.1
141,21.891
142,21.665
143,21.421
144,21.159
145,20.876
146,20.572
147,20.247
148,19.898
149,19.526
150,19.129
151,18.707
152,18.259
153,17.784
154,17.282
155,16.752
156,16.195
157,15.609
158,14.995
159,14.352
160,13.681
161,12.982
162,12.254
163,11.498
164,10.715
165,9.904
166,9.0663
167,8.2021
168,7.3119
169,6.3963
170,5.4559
171,4.4912
172,3.5027
173,2.4912
174,1.4573
175,0.40156
176,-0.67539
177,-1.7729
178,-2.8904
179,-4.0271
180,-5.1827
181,-6.3563
182,-7.5476
183,-8.7558
184,-9.9805
185,-11.221
186,-12.477
187,-13.748
188,-15.033
189,-16.332
190,-17.645
191,-18.971
192,-20.309
193,-21.66
194,-23.022
195,-24.396
196,-25.78
197,-27.176
198,-28.582
199,-29.998
200,-31.423
