0,27.687
1,27.685
2,27.683
3,27.681
4,27.679
5,27.678
6,27.676
7,27.674
8,27.672
9,27.67
10,27.668
11,27.667
12,27.665
13,27.663
14,27.661
15,27.659
16,27.657
17,27.656
18,27.654
19,27.652
20,27.65
21,27.648
22,27.646
23,27.645
24,27.643
25,27.641
26,27.639
27,27.637
28,27.636
29,27.634
30,27.632
31,27.63
32,27.628
33,27.626
34,27.625
35,27.623
36,27.621
37,27.619
38,27.617
39,27.615
40,27.614
41,27.612
42,27.61
43,27.608
44,27.606
45,27.604
46,27.603
47,27.601
48,27.599
49,27.597
50,27.595
51,27.593
52,27.591
53,27.59
54,27.588
55,27.586
56,27.584
57,27.582
58,27.58
59,27.579
60,27.577
61,27.575
62,27.573
63,27.571
64,27.569
65,27.567
66,27.565
67,27.564
68,27.562
69,27.56
70,27.558
71,27.556
72,27.554
73,27.552
74,27.55
75,27.548
76,27.546
77,27.544
78,27.542
79,27.54
80,27.538
81,27.536
82,27.534
83,27.532
84,27.53
85,27.528
86,27.526
87,27.524
88,27.521
89,27.519
90,27.517
91,27.514
92,27.512
93,27.509
94,27.507
95,27.504
96,27.501
97,27.498
98,27.495
99,27.492
100,27.489
101,27.485
102,27.482
103,27.478
104,27.474
105,27.469
106,27.465
107,27.46
108,27.455
109,27.449
110,27.443
111,27.437
112,27.43
113,27.423
114,27.415
115,27.406
116,27.397
117,27.386
118,27.375
119,27.363
120,27.35
121,27.335
122,27.32
123,27.302
124,27.283
125,27.262
126,27.24
127,27.215
128,27.187
129,27.157
130,27.124
131,27.087
132,27.047
133,27.003
134,26.955
135,26.901
136,26.843
137,26.779
138,26.708
139,26.631
140,26.546
141,26.452
142,26.35
143,26.239
144,26.116
145,25.983
146,25.837
147,25.678
148,25.505
149,25.316
150,25.112
151,24.89
152,24.65
153,24.39
154,24.111
155,23.809
156,23.485
157,23.138
158,22.766
159,22.369
160,21.945
161,21.495
162,21.018
163,20.512
164,19.978
165,19.415
166,18.823
167,18.202
168,17.551
169,16.871
170,16.162
171,15.424
172,14.657
173,13.861
174,13.038
175,12.187
176,11.31
177,10.405
178,9.4751
179,8.5197
180,7.5397
181,6.5357
182,5.5084
183,4.4584
184,3.3864
185,2.2932
186,1.1792
187,0.045212
188,-1.1081
189,-2.2802
190,-3.4705
191,-4.6783
192,-5.903
193,-7.1441
194,-8.401
195,-9.6732
196,-10.96
197,-12.262
198,-13.577
199,-14.905
200,-16.246
