0,16.45
1,16.449
2,16.447
3,16.445
4,16.443
5,16.441
6,16.439
7,16.438
8,16.436
9,16.434
10,16.432
11,16.43
12,16.428
13,16.427
14,16.425
15,16.423
16,16.421
17,16.419
18,16.417
19,16.416
20,16.414
21,16.412
22,16.41
23,16.408
24,16.406
25,16.405
26,16.403
27,16.401
28,16.399
29,16.397
30,16.395
31,16.394
32,16.392
33,16.39
34,16.388
35,16.386
36,16.384
37,16.383
38,16.381
39,16.379
40,16.377
41,16.375
42,16.373
43,16.372
44,16.37
45,16.368
46,16.366
47,16.364
48,16.362
49,16.361
50,16.359
51,16.357
52,16.355
53,16.353
54,16.351
55,16.35
56,16.348
57,16.346
58,16.344
59,16.342
60,16.34
61,16.339
62,16.337
63,16.335
64,16.333
65,16.331
66,16.329
67,16.327
68,16.326
69,16.324
70,16.322
71,16.32
72,16.318
73,16.316
74,16.314
75,16.312
76,16.31
77,16.309
78,16.307
79,16.305
80,16.303
81,16.301
82,16.299
83,16.297
84,16.295
85,16.293
86,16.291
87,16.289
88,16.287
89,16.284
90,16.282
91,16.28
92,16.278
93,16.275
94,16.273
95,16.271
96,16.268
97,16.266
98,16.263
99,16.261
100,16.258
101,16.255
102,16.252
103,16.249
104,16.246
105,16.242
106,16.239
107,16.235
108,16.231
109,16.227
110,16.222
111,16.218
112,16.213
113,16.207
114,16.202
115,16.196
116,16.189
117,16.182
118,16.174
119,16.166
120,16.157
121,16.147
122,16.136
123,16.125
124,16.112
125,16.098
126,16.083
127,16.067
128,16.049
129,16.029
130,16.007
131,15.983
132,15.957
133,15.929
134,15.897
135,15.863
136,15.825
137,15.783
138,15.737
139,15.687
140,15.632
141,15.571
142,15.504
143,15.431
144,15.35
145,15.262
146,15.166
147,15.06
148,14.944
149,14.818
150,14.68
151,14.529
152,14.365
153,14.187
154,13.993
155,13.782
156,13.554
157,13.307
158,13.041
159,12.753
160,12.444
161,12.112
162,11.757
163,11.377
164,10.971
165,10.539
166,10.08
167,9.5939
168,9.0794
169,8.5363
170,7.9644
171,7.3635
172,6.7333
173,6.0739
174,5.3852
175,4.6676
176,3.921
177,3.146
178,2.3427
179,1.5117
180,0.65344
181,-0.23162
182,-1.1429
183,-2.0798
184,-3.0417
185,-4.028
186,-5.038
187,-6.0711
188,-7.1266
189,-8.2039
190,-9.3023
191,-10.421
192,-11.56
193,-12.717
194,-13.894
195,-15.088
196,-16.3
197,-17.528
198,-18.772
199,-20.033
200,-21.308
