0,17.987
1,17.985
2,17.984
3,17.982
4,17.98
5,17.978
6,17.976
7,17.975
8,17.973
9,17.971
10,17.969
11,17.967
12,17.965
13,17.964
14,17.962
15,17.96
16,17.958
17,17.956
18,17.954
19,17.953
20,17.951
21,17.949
22,17.947
23,17.945
24,17.943
25,17.942
26,17.94
27,17.938
28,17.936
29,17.934
30,17.932
31,17.931
32,17.929
33,17.927
34,17.925
35,17.923
36,17.921
37,17.92
38,17.918
39,17.916
40,17.914
41,17.912
42,17.91
43,17.909
44,17.907
45,17.905
46,17.903
47,17.901
48,17.899
49,17.898
50,17.896
51,17.894
52,17.892
53,17.89
54,17.888
55,17.887
56,17.885
57,17.883
58,17.881
59,17.879
60,17.877
61,17.876
62,17.874
63,17.872
64,17.87
65,17.868
66,17.866
67,17.865
68,17.863
69,17.861
70,17.859
71,17.857
72,17.855
73,17.854
74,17.852
75,17.85
76,17.848
77,17.846
78,17.844
79,17.842
80,17.841
81,17.839
82,17.837
83,17.835
84,17.833
85,17.831
86,17.829
87,17.827
88,17.826
89,17.824
90,17.822
91,17.82
92,17.818
93,17.816
94,17.814
95,17.812
96,17.81
97,17.808
98,17.806
99,17.804
100,17.802
101,17.8
102,17.798
103,17.796
104,17.793
105,17.791
106,17.789
107,17.787
108,17.784
109,17.782
110,17.779
111,17.777
112,17.774
113,17.771
114,17.768
115,17.766
116,17.762
117,17.759
118,17.756
119,17.752
120,17.748
121,17.744
122,17.74
123,17.736
124,17.731
125,17.726
126,17.72
127,17.715
128,17.708
129,17.701
130,17.694
131,17.686
132,17.677
133,17.668
134,17.657
135,17.646
136,17.634
137,17.62
138,17.606
139,17.589
140,17.572
141,17.552
142,17.531
143,17.507
144,17.481
145,17.452
146,17.421
147,17.386
148,17.347
149,17.305
150,17.258
151,17.207
152,17.15
153,17.088
154,17.019
155,16.944
156,16.86
157,16.769
158,16.668
159,16.557
160,16.436
161,16.303
162,16.158
163,15.999
164,15.825
165,15.636
166,15.43
167,15.206
168,14.963
169,14.7
170,14.415
171,14.108
172,13.778
173,13.423
174,13.043
175,12.636
176,12.202
177,11.74
178,11.25
179,10.73
180,10.181
181,9.6018
182,8.9925
183,8.3531
184,7.6834
185,6.9835
186,6.2537
187,5.4942
188,4.7053
189,3.8875
190,3.0412
191,2.167
192,1.2654
193,0.33715
194,-0.6172
195,-1.597
196,-2.6014
197,-3.6299
198,-4.6817
199,-5.7561
200,-6.8524
