0,21.3
1,21.298
2,21.296
3,21.294
4,21.292
5,21.291
6,21.289
7,21.287
8,21.285
9,21.283
10,21.281
11,21.28
12,21.278
13,21.276
14,21.274
15,21.272
16,21.27
17,21.269
18,21.267
19,21.265
20,21.263
21,21.261
22,21.259
23,21.258
24,21.256
25,21.254
26,21.252
27,21.25
28,21.248
29,21.247
30,21.245
31,21.243
32,21.241
33,21.239
34,21.237
35,21.235
36,21.234
37,21.232
38,21.23
39,21.228
40,21.226
41,21.224
42,21.223
43,21.221
44,21.219
45,21.217
46,21.215
47,21.213
48,21.211
49,21.21
50,21.208
51,21.206
52,21.204
53,21.202
54,21.2
55,21.198
56,21.196
57,21.194
58,21.193
59,21.191
60,21.189
61,21.187
62,21.185
63,21.183
64,21.181
65,21.179
66,21.177
67,21.175
68,21.173
69,21.171
70,21.169
71,21.166
72,21.164
73,21.162
74,21.16
75,21.158
76,21.155
77,21.153
78,21.15
79,21.148
80,21.145
81,21.143
82,21.14
83,21.137
84,21.134
85,21.131
86,21.128
87,21.125
88,21.121
89,21.117
90,21.114
91,21.11
92,21.105
93,21.101
94,21.096
95,21.091
96,21.085
97,21.079
98,21.073
99,21.066
100,21.059
101,21.051
102,21.043
103,21.034
104,21.024
105,21.013
106,21.002
107,20.989
108,20.976
109,20.961
110,20.944
111,20.927
112,20.907
113,20.886
114,20.863
115,20.838
116,20.81
117,20.78
118,20.747
119,20.71
120,20.671
121,20.627
122,20.579
123,20.527
124,20.47
125,20.407
126,20.339
127,20.264
128,20.182
129,20.093
130,19.995
131,19.888
132,19.772
133,19.645
134,19.507
135,19.357
136,19.194
137,19.017
138,18.825
139,18.618
140,18.393
141,18.151
142,17.891
143,17.61
144,17.309
145,16.986
146,16.641
147,16.272
148,15.88
149,15.462
150,15.018
151,14.549
152,14.052
153,13.528
154,12.977
155,12.398
156,11.79
157,11.155
158,10.491
159,9.7988
160,9.0789
161,8.3311
162,7.5558
163,6.7533
164,5.924
165,5.0683
166,4.1868
167,3.2799
168,2.3481
169,1.3921
170,0.4124
171,-0.59037
172,-1.6156
173,-2.6627
174,-3.731
175,-4.82
176,-5.9289
177,-7.0573
178,-8.2045
179,-9.3699
180,-10.553
181,-11.753
182,-12.97
183,-14.203
184,-15.451
185,-16.714
186,-17.992
187,-19.284
188,-20.589
189,-21.908
190,-23.239
191,-24.583
192,-25.938
193,-27.305
194,-28.683
195,-30.072
196,-31.471
197,-32.881
198,-34.3
199,-35.729
200,-37.167
