0,24.104
1,24.102
2,24.101
3,24.099
4,24.097
5,24.095
6,24.093
7,24.091
8,24.09
9,24.088
10,24.086
11,24.084
12,24.082
13,24.08
14,24.079
15,24.077
16,24.075
17,24.073
18,24.071
19,24.069
20,24.068
21,24.066
22,24.064
23,24.062
24,24.06
25,24.058
26,24.057
27,24.055
28,24.053
29,24.051
30,24.049
31,24.047
32,24.046
33,24.044
34,24.042
35,24.04
36,24.038
37,24.036
38,24.035
39,24.033
40,24.031
41,24.029
42,24.027
43,24.025
44,24.024
45,24.022
46,24.02
47,24.018
48,24.016
49,24.014
50,24.013
51,24.011
52,24.009
53,24.007
54,24.005
55,24.003
56,24.001
57,24
58,23.998
59,23.996
60,23.994
61,23.992
62,23.99
63,23.988
64,23.986
65,23.985
66,23.983
67,23.981
68,23.979
69,23.977
70,23.975
71,23.973
72,23.971
73,23.969
74,23.967
75,23.965
76,23.963
77,23.961
78,23.959
79,23.957
80,23.955
81,23.953
82,23.951
83,23.948
84,23.946
85,23.944
86,23.941
87,23.939
88,23.937
89,23.934
90,23.932
91,23.929
92,23.926
93,23.923
94,23.92
95,23.917
96,23.914
97,23.91
98,23.907
99,23.903
100,23.899
101,23.895
102,23.891
103,23.886
104,23.881
105,23.875
106,23.87
107,23.864
108,23.857
109,23.85
110,23.842
111,23.834
112,23.825
113,23.815
114,23.805
115,23.793
116,23.78
117,23.767
118,23.752
119,23.736
120,23.718
121,23.698
122,23.677
123,23.653
124,23.628
125,23.599
126,23.569
127,23.535
128,23.497
129,23.456
130,23.412
131,23.362
132,23.308
133,23.249
134,23.184
135,23.112
136,23.034
137,22.948
138,22.854
139,22.752
140,22.639
141,22.517
142,22.383
143,22.236
144,22.077
145,21.904
146,21.716
147,21.512
148,21.291
149,21.052
150,20.794
151,20.516
152,20.217
153,19.895
154,19.551
155,19.182
156,18.789
157,18.37
158,17.925
159,17.452
160,16.952
161,16.424
162,15.868
163,15.283
164,14.669
165,14.026
166,13.355
167,12.654
168,11.925
169,11.167
170,10.381
171,9.5674
172,8.7265
173,7.8587
174,6.9646
175,6.0447
176,5.0996
177,4.13
178,3.1364
179,2.1196
180,1.0801
181,0.018526
182,-1.0644
183,-2.168
184,-3.2917
185,-4.4348
186,-5.5968
187,-6.777
188,-7.9748
189,-9.1897
190,-10.421
191,-11.668
192,-12.931
193,-14.209
194,-15.501
195,-16.807
196,-18.126
197,-19.459
198,-20.804
199,-22.161
200,-23.53
