0,22.613
1,22.612
2,22.61
3,22.608
4,22.606
5,22.604
6,22.602
7,22.601
8,22.599
9,22.597
10,22.595
11,22.593
12,22.591
13,22.59
14,22.588
15,22.586
16,22.584
17,22.582
18,22.58
19,22.579
20,22.577
21,22.575
22,22.573
23,22.571
24,22.57
25,22.568
26,22.566
27,22.564
28,22.562
29,22.56
30,22.559
31,22.557
32,22.555
33,22.553
34,22.551
35,22.549
36,22.548
37,22.546
38,22.544
39,22.542
40,22.54
41,22.538
42,22.537
43,22.535
44,22.533
45,22.531
46,22.529
47,22.527
48,22.526
49,22.524
50,22.522
51,22.52
52,22.518
53,22.516
54,22.515
55,22.513
56,22.511
57,22.509
58,22.507
59,22.505
60,22.504
61,22.502
62,22.5
63,22.498
64,22.496
65,22.494
66,22.493
67,22.491
68,22.489
69,22.487
70,22.485
71,22.483
72,22.482
73,22.48
74,22.478
75,22.476
76,22.474
77,22.472
78,22.47
79,22.469
80,22.467
81,22.465
82,22.463
83,22.461
84,22.459
85,22.457
86,22.456
87,22.454
88,22.452
89,22.45
90,22.448
91,22.446
92,22.444
93,22.442
94,22.44
95,22.438
96,22.436
97,22.435
98,22.433
99,22.431
100,22.429
101,22.426
102,22.424
103,22.422
104,22.42
105,22.418
106,22.416
107,22.414
108,22.411
109,22.409
110,22.407
111,22.404
112,22.402
113,22.399
114,22.396
115,22.394
116,22.391
117,22.388
118,22.385
119,22.381
120,22.378
121,22.374
122,22.37
123,22.366
124,22.362
125,22.357
126,22.353
127,22.347
128,22.342
129,22.336
130,22.329
131,22.322
132,22.314
133,22.306
134,22.297
135,22.287
136,22.276
137,22.265
138,22.252
139,22.238
140,22.222
141,22.205
142,22.186
143,22.166
144,22.143
145,22.118
146,22.091
147,22.06
148,22.027
149,21.99
150,21.949
151,21.904
152,21.855
153,21.8
154,21.74
155,21.673
156,21.6
157,21.519
158,21.43
159,21.332
160,21.224
161,21.106
162,20.976
163,20.834
164,20.679
165,20.509
166,20.323
167,20.12
168,19.9
169,19.661
170,19.401
171,19.12
172,18.817
173,18.49
174,18.139
175,17.762
176,17.358
177,16.927
178,16.468
179,15.98
180,15.462
181,14.915
182,14.338
183,13.73
184,13.091
185,12.422
186,11.723
187,10.993
188,10.233
189,9.4437
190,8.625
191,7.7776
192,6.902
193,5.9988
194,5.0687
195,4.1122
196,3.1302
197,2.1232
198,1.0921
199,0.037438
200,-1.0399
