0,24.666
1,24.665
2,24.663
3,24.661
4,24.659
5,24.657
6,24.655
7,24.654
8,24.652
9,24.65
10,24.648
11,24.646
12,24.644
13,24.643
14,24.641
15,24.639
16,24.637
17,24.635
18,24.633
19,24.632
20,24.63
21,24.628
22,24.626
23,24.624
24,24.622
25,24.621
26,24.619
27,24.617
28,24.615
29,24.613
30,24.611
31,24.61
32,24.608
33,24.606
34,24.604
35,24.602
36,24.6
37,24.599
38,24.597
39,24.595
40,24.593
41,24.591
42,24.589
43,24.588
44,24.586
45,24.584
46,24.582
47,24.58
48,24.578
49,24.577
50,24.575
51,24.573
52,24.571
53,24.569
54,24.567
55,24.566
56,24.564
57,24.562
58,24.56
59,24.558
60,24.556
61,24.555
62,24.553
63,24.551
64,24.549
65,24.547
66,24.545
67,24.543
68,24.542
69,24.54
70,24.538
71,24.536
72,24.534
73,24.532
74,24.53
75,24.528
76,24.526
77,24.525
78,24.523
79,24.521
80,24.519
81,24.517
82,24.515
83,24.513
84,24.511
85,24.509
86,24.507
87,24.505
88,24.503
89,24.5
90,24.498
91,24.496
92,24.494
93,24.492
94,24.489
95,24.487
96,24.484
97,24.482
98,24.479
99,24.477
100,24.474
101,24.471
102,24.468
103,24.465
104,24.462
105,24.458
106,24.455
107,24.451
108,24.447
109,24.443
110,24.438
111,24.433
112,24.428
113,24.423
114,24.417
115,24.411
116,24.404
117,24.397
118,24.389
119,24.38
120,24.371
121,24.361
122,24.35
123,24.338
124,24.325
125,24.311
126,24.295
127,24.278
128,24.259
129,24.239
130,24.216
131,24.192
132,24.165
133,24.135
134,24.102
135,24.066
136,24.026
137,23.982
138,23.934
139,23.882
140,23.824
141,23.76
142,23.69
143,23.613
144,23.528
145,23.435
146,23.334
147,23.222
148,23.1
149,22.967
150,22.821
151,22.662
152,22.489
153,22.301
154,22.096
155,21.874
156,21.633
157,21.373
158,21.092
159,20.79
160,20.465
161,20.116
162,19.742
163,19.343
164,18.918
165,18.466
166,17.985
167,17.477
168,16.94
169,16.374
170,15.778
171,15.153
172,14.498
173,13.814
174,13.101
175,12.358
176,11.587
177,10.787
178,9.9586
179,9.1029
180,8.2201
181,7.3108
182,6.3755
183,5.415
184,4.4298
185,3.4205
186,2.388
187,1.3328
188,0.25566
189,-0.84281
190,-1.9619
191,-3.101
192,-4.2594
193,-5.4366
194,-6.6318
195,-7.8445
196,-9.0741
197,-10.32
198,-11.582
199,-12.859
200,-14.15
