0,24.276
1,24.274
2,24.272
3,24.27
4,24.269
5,24.267
6,24.265
7,24.263
8,24.261
9,24.259
10,24.258
11,24.256
12,24.254
13,24.252
14,24.25
15,24.248
16,24.247
17,24.245
18,24.243
19,24.241
20,24.239
21,24.237
22,24.236
23,24.234
24,24.232
25,24.23
26,24.228
27,24.227
28,24.225
29,24.223
30,24.221
31,24.219
32,24.217
33,24.216
34,24.214
35,24.212
36,24.21
37,24.208
38,24.206
39,24.205
40,24.203
41,24.201
42,24.199
43,24.197
44,24.195
45,24.194
46,24.192
47,24.19
48,24.188
49,24.186
50,24.184
51,24.183
52,24.181
53,24.179
54,24.177
55,24.175
56,24.173
57,24.172
58,24.17
59,24.168
60,24.166
61,24.164
62,24.162
63,24.16
64,24.159
65,24.157
66,24.155
67,24.153
68,24.151
69,24.149
70,24.148
71,24.146
72,24.144
73,24.142
74,24.14
75,24.138
76,24.136
77,24.135
78,24.133
79,24.131
80,24.129
81,24.127
82,24.125
83,24.123
84,24.121
85,24.119
86,24.117
87,24.115
88,24.113
89,24.111
90,24.109
91,24.107
92,24.105
93,24.103
94,24.101
95,24.099
96,24.097
97,24.095
98,24.092
99,24.09
100,24.088
101,24.085
102,24.083
103,24.08
104,24.078
105,24.075
106,24.072
107,24.069
108,24.066
109,24.063
110,24.06
111,24.056
112,24.053
113,24.049
114,24.045
115,24.041
116,24.036
117,24.031
118,24.026
119,24.02
120,24.014
121,24.008
122,24.001
123,23.993
124,23.985
125,23.976
126,23.967
127,23.956
128,23.944
129,23.932
130,23.918
131,23.903
132,23.887
133,23.869
134,23.849
135,23.827
136,23.803
137,23.777
138,23.748
139,23.716
140,23.681
141,23.642
142,23.6
143,23.553
144,23.501
145,23.444
146,23.382
147,23.313
148,23.237
149,23.154
150,23.062
151,22.962
152,22.852
153,22.731
154,22.599
155,22.455
156,22.297
157,22.124
158,21.937
159,21.732
160,21.511
161,21.27
162,21.01
163,20.728
164,20.425
165,20.099
166,19.748
167,19.373
168,18.972
169,18.543
170,18.088
171,17.604
172,17.091
173,16.55
174,15.978
175,15.377
176,14.746
177,14.085
178,13.395
179,12.674
180,11.924
181,11.145
182,10.337
183,9.5007
184,8.6366
185,7.7451
186,6.827
187,5.8829
188,4.9133
189,3.919
190,2.9006
191,1.8588
192,0.79437
193,-0.29205
194,-1.3998
195,-2.5281
196,-3.6764
197,-4.844
198,-6.0303
199,-7.2345
200,-8.4562
