0,11.633
1,11.631
2,11.629
3,11.627
4,11.626
5,11.624
6,11.622
7,11.62
8,11.618
9,11.616
10,11.615
11,11.613
12,11.611
13,11.609
14,11.607
15,11.605
16,11.604
17,11.602
18,11.6
19,11.598
20,11.596
21,11.594
22,11.593
23,11.591
24,11.589
25,11.587
26,11.585
27,11.583
28,11.582
29,11.58
30,11.578
31,11.576
32,11.574
33,11.572
34,11.571
35,11.569
36,11.567
37,11.565
38,11.563
39,11.561
40,11.56
41,11.558
42,11.556
43,11.554
44,11.552
45,11.55
46,11.549
47,11.547
48,11.545
49,11.543
50,11.541
51,11.539
52,11.538
53,11.536
54,11.534
55,11.532
56,11.53
57,11.528
58,11.527
59,11.525
60,11.523
61,11.521
62,11.519
63,11.517
64,11.516
65,11.514
66,11.512
67,11.51
68,11.508
69,11.506
70,11.505
71,11.503
72,11.501
73,11.499
74,11.497
75,11.495
76,11.493
77,11.492
78,11.49
79,11.488
80,11.486
81,11.484
82,11.482
83,11.48
84,11.478
85,11.477
86,11.475
87,11.473
88,11.471
89,11.469
90,11.467
91,11.465
92,11.463
93,11.461
94,11.459
95,11.457
96,11.455
97,11.453
98,11.451
99,11.449
100,11.447
101,11.445
102,11.442
103,11.44
104,11.438
105,11.436
106,11.433
107,11.431
108,11.428
109,11.426
110,11.423
111,11.42
112,11.417
113,11.414
114,11.411
115,11.408
116,11.404
117,11.401
118,11.397
119,11.393
120,11.389
121,11.384
122,11.379
123,11.374
124,11.369
125,11.363
126,11.357
127,11.35
128,11.342
129,11.334
130,11.326
131,11.316
132,11.306
133,11.295
134,11.282
135,11.269
136,11.254
137,11.238
138,11.221
139,11.201
140,11.18
141,11.157
142,11.131
143,11.103
144,11.072
145,11.038
146,11.001
147,10.959
148,10.914
149,10.864
150,10.809
151,10.748
152,10.681
153,10.608
154,10.527
155,10.439
156,10.342
157,10.235
158,10.118
159,9.9902
160,9.8502
161,9.6972
162,9.5303
163,9.3484
164,9.1505
165,8.9354
166,8.7021
167,8.4495
168,8.1765
169,7.8819
170,7.5648
171,7.224
172,6.8587
173,6.4679
174,6.0507
175,5.6063
176,5.1342
177,4.6336
178,4.1042
179,3.5455
180,2.9572
181,2.3391
182,1.6912
183,1.0135
184,0.30604
185,-0.4309
186,-1.1971
187,-1.9921
188,-2.8156
189,-3.6671
190,-4.546
191,-5.4518
192,-6.3839
193,-7.3415
194,-8.3242
195,-9.3312
196,-10.362
197,-11.415
198,-12.491
199,-13.588
200,-14.707
