0,14.287
1,14.285
2,14.284
3,14.282
4,14.28
5,14.278
6,14.276
7,14.274
8,14.273
9,14.271
10,14.269
11,14.267
12,14.265
13,14.263
14,14.262
15,14.26
16,14.258
17,14.256
18,14.254
19,14.252
20,14.251
21,14.249
22,14.247
23,14.245
24,14.243
25,14.241
26,14.24
27,14.238
28,14.236
29,14.234
30,14.232
31,14.23
32,14.229
33,14.227
34,14.225
35,14.223
36,14.221
37,14.219
38,14.218
39,14.216
40,14.214
41,14.212
42,14.21
43,14.208
44,14.207
45,14.205
46,14.203
47,14.201
48,14.199
49,14.197
50,14.196
51,14.194
52,14.192
53,14.19
54,14.188
55,14.186
56,14.185
57,14.183
58,14.181
59,14.179
60,14.177
61,14.175
62,14.174
63,14.172
64,14.17
65,14.168
66,14.166
67,14.164
68,14.163
69,14.161
70,14.159
71,14.157
72,14.155
73,14.153
74,14.152
75,14.15
76,14.148
77,14.146
78,14.144
79,14.142
80,14.14
81,14.139
82,14.137
83,14.135
84,14.133
85,14.131
86,14.129
87,14.127
88,14.125
89,14.123
90,14.122
91,14.12
92,14.118
93,14.116
94,14.114
95,14.112
96,14.11
97,14.108
98,14.106
99,14.104
100,14.102
101,14.099
102,14.097
103,14.095
104,14.093
105,14.091
106,14.088
107,14.086
108,14.084
109,14.081
110,14.078
111,14.076
112,14.073
113,14.07
114,14.067
115,14.064
116,14.061
117,14.058
118,14.054
119,14.05
120,14.046
121,14.042
122,14.038
123,14.033
124,14.028
125,14.023
126,14.017
127,14.011
128,14.004
129,13.997
130,13.989
131,13.98
132,13.971
133,13.961
134,13.95
135,13.938
136,13.925
137,13.911
138,13.895
139,13.878
140,13.859
141,13.838
142,13.815
143,13.79
144,13.762
145,13.732
146,13.698
147,13.661
148,13.621
149,13.576
150,13.526
151,13.472
152,13.412
153,13.346
154,13.274
155,13.194
156,13.106
157,13.01
158,12.904
159,12.788
160,12.66
161,12.521
162,12.369
163,12.203
164,12.021
165,11.824
166,11.61
167,11.377
168,11.124
169,10.851
170,10.557
171,10.24
172,9.8985
173,9.5327
174,9.1411
175,8.723
176,8.2776
177,7.8041
178,7.302
179,6.7708
180,6.21
181,5.6195
182,4.999
183,4.3485
184,3.6679
185,2.9575
186,2.2173
187,1.4478
188,0.64924
189,-0.1779
190,-1.0331
191,-1.9159
192,-2.8257
193,-3.7618
194,-4.7237
195,-5.7105
196,-6.7217
197,-7.7566
198,-8.8144
199,-9.8945
200,-10.996
