0,17.241
1,17.239
2,17.237
3,17.236
4,17.234
5,17.232
6,17.23
7,17.228
8,17.226
9,17.225
10,17.223
11,17.221
12,17.219
13,17.217
14,17.215
15,17.214
16,17.212
17,17.21
18,17.208
19,17.206
20,17.204
21,17.203
22,17.201
23,17.199
24,17.197
25,17.195
26,17.193
27,17.192
28,17.19
29,17.188
30,17.186
31,17.184
32,17.182
33,17.181
34,17.179
35,17.177
36,17.175
37,17.173
38,17.171
39,17.17
40,17.168
41,17.166
42,17.164
43,17.162
44,17.16
45,17.159
46,17.157
47,17.155
48,17.153
49,17.151
50,17.149
51,17.148
52,17.146
53,17.144
54,17.142
55,17.14
56,17.138
57,17.137
58,17.135
59,17.133
60,17.131
61,17.129
62,17.127
63,17.126
64,17.124
65,17.122
66,17.12
67,17.118
68,17.116
69,17.115
70,17.113
71,17.111
72,17.109
73,17.107
74,17.105
75,17.103
76,17.102
77,17.1
78,17.098
79,17.096
80,17.094
81,17.092
82,17.09
83,17.088
84,17.086
85,17.084
86,17.082
87,17.081
88,17.079
89,17.077
90,17.075
91,17.073
92,17.071
93,17.069
94,17.066
95,17.064
96,17.062
97,17.06
98,17.058
99,17.056
100,17.053
101,17.051
102,17.048
103,17.046
104,17.043
105,17.041
106,17.038
107,17.035
108,17.032
109,17.029
110,17.026
111,17.023
112,17.019
113,17.016
114,17.012
115,17.008
116,17.004
117,16.999
118,16.994
119,16.989
120,16.983
121,16.977
122,16.971
123,16.964
124,16.956
125,16.948
126,16.939
127,16.929
128,16.919
129,16.908
130,16.895
131,16.881
132,16.866
133,16.85
134,16.832
135,16.812
136,16.791
137,16.767
138,16.741
139,16.712
140,16.681
141,16.646
142,16.608
143,16.566
144,16.52
145,16.469
146,16.413
147,16.351
148,16.283
149,16.209
150,16.127
151,16.037
152,15.938
153,15.83
154,15.712
155,15.582
156,15.44
157,15.286
158,15.117
159,14.933
160,14.733
161,14.516
162,14.28
163,14.025
164,13.75
165,13.453
166,13.133
167,12.79
168,12.422
169,12.029
170,11.609
171,11.162
172,10.688
173,10.185
174,9.6529
175,9.0919
176,8.5014
177,7.8813
178,7.2314
179,6.5518
180,5.8426
181,5.1041
182,4.3364
183,3.5399
184,2.7151
185,1.8625
186,0.98249
187,0.075755
188,-0.85714
189,-1.8156
190,-2.7989
191,-3.8064
192,-4.8374
193,-5.8913
194,-6.9674
195,-8.0649
196,-9.1832
197,-10.322
198,-11.48
199,-12.657
200,-13.852
