0,28.225
1,28.223
2,28.221
3,28.219
4,28.218
5,28.216
6,28.214
7,28.212
8,28.21
9,28.208
10,28.207
11,28.205
12,28.203
13,28.201
14,28.199
15,28.197
16,28.196
17,28.194
18,28.192
19,28.19
20,28.188
21,28.186
22,28.185
23,28.183
24,28.181
25,28.179
26,28.177
27,28.175
28,28.174
29,28.172
30,28.17
31,28.168
32,28.166
33,28.164
34,28.162
35,28.161
36,28.159
37,28.157
38,28.155
39,28.153
40,28.151
41,28.149
42,28.148
43,28.146
44,28.144
45,28.142
46,28.14
47,28.138
48,28.136
49,28.134
50,28.132
51,28.13
52,28.128
53,28.127
54,28.125
55,28.123
56,28.121
57,28.119
58,28.116
59,28.114
60,28.112
61,28.11
62,28.108
63,28.106
64,28.104
65,28.101
66,28.099
67,28.097
68,28.094
69,28.092
70,28.089
71,28.087
72,28.084
73,28.081
74,28.079
75,28.076
76,28.072
77,28.069
78,28.066
79,28.062
80,28.059
81,28.055
82,28.051
83,28.047
84,28.042
85,28.037
86,28.032
87,28.027
88,28.021
89,28.014
90,28.008
91,28.001
92,27.993
93,27.984
94,27.975
95,27.966
96,27.955
97,27.944
98,27.931
99,27.918
100,27.903
101,27.887
102,27.87
103,27.851
104,27.83
105,27.807
106,27.782
107,27.755
108,27.726
109,27.694
110,27.658
111,27.62
112,27.577
113,27.531
114,27.48
115,27.425
116,27.364
117,27.298
118,27.226
119,27.147
120,27.061
121,26.967
122,26.864
123,26.752
124,26.631
125,26.498
126,26.354
127,26.198
128,26.028
129,25.845
130,25.646
131,25.431
132,25.199
133,24.95
134,24.681
135,24.393
136,24.084
137,23.753
138,23.399
139,23.023
140,22.622
141,22.196
142,21.745
143,21.267
144,20.763
145,20.232
146,19.674
147,19.088
148,18.474
149,17.833
150,17.163
151,16.466
152,15.741
153,14.989
154,14.209
155,13.403
156,12.571
157,11.712
158,10.828
159,9.9191
160,8.9855
161,8.0281
162,7.0473
163,6.0437
164,5.018
165,3.9707
166,2.9024
167,1.8138
168,0.7054
169,-0.42219
170,-1.5684
171,-2.7326
172,-3.9143
173,-5.113
174,-6.328
175,-7.5589
176,-8.8052
177,-10.066
178,-11.342
179,-12.631
180,-13.934
181,-15.25
182,-16.579
183,-17.92
184,-19.273
185,-20.637
186,-22.012
187,-23.398
188,-24.795
189,-26.201
190,-27.618
191,-29.044
192,-30.479
193,-31.923
194,-33.375
195,-34.836
196,-36.306
197,-37.783
198,-39.267
199,-40.76
200,-42.259
