0,20.32
1,20.318
2,20.316
3,20.314
4,20.312
5,20.311
6,20.309
7,20.307
8,20.305
9,20.303
10,20.301
11,20.3
12,20.298
13,20.296
14,20.294
15,20.292
16,20.29
17,20.289
18,20.287
19,20.285
20,20.283
21,20.281
22,20.279
23,20.278
24,20.276
25,20.274
26,20.272
27,20.27
28,20.268
29,20.267
30,20.265
31,20.263
32,20.261
33,20.259
34,20.257
35,20.256
36,20.254
37,20.252
38,20.25
39,20.248
40,20.246
41,20.245
42,20.243
43,20.241
44,20.239
45,20.237
46,20.235
47,20.234
48,20.232
49,20.23
50,20.228
51,20.226
52,20.224
53,20.223
54,20.221
55,20.219
56,20.217
57,20.215
58,20.213
59,20.211
60,20.209
61,20.208
62,20.206
63,20.204
64,20.202
65,20.2
66,20.198
67,20.196
68,20.194
69,20.192
70,20.19
71,20.188
72,20.186
73,20.184
74,20.182
75,20.18
76,20.178
77,20.176
78,20.174
79,20.172
80,20.17
81,20.167
82,20.165
83,20.163
84,20.161
85,20.158
86,20.156
87,20.153
88,20.15
89,20.148
90,20.145
91,20.142
92,20.139
93,20.136
94,20.133
95,20.129
96,20.126
97,20.122
98,20.118
99,20.114
100,20.109
101,20.105
102,20.099
103,20.094
104,20.088
105,20.082
106,20.076
107,20.068
108,20.061
109,20.052
110,20.043
111,20.034
112,20.023
113,20.012
114,19.999
115,19.985
116,19.971
117,19.954
118,19.937
119,19.917
120,19.896
121,19.873
122,19.847
123,19.82
124,19.789
125,19.756
126,19.719
127,19.679
128,19.634
129,19.586
130,19.533
131,19.475
132,19.411
133,19.341
134,19.264
135,19.18
136,19.088
137,18.988
138,18.878
139,18.759
140,18.628
141,18.486
142,18.331
143,18.162
144,17.979
145,17.781
146,17.566
147,17.333
148,17.082
149,16.812
150,16.521
151,16.208
152,15.873
153,15.515
154,15.132
155,14.725
156,14.291
157,13.831
158,13.344
159,12.83
160,12.287
161,11.716
162,11.117
163,10.489
164,9.8326
165,9.1474
166,8.4337
167,7.6917
168,6.9216
169,6.1238
170,5.2988
171,4.4468
172,3.5685
173,2.6643
174,1.7349
175,0.78071
176,-0.19756
177,-1.1993
178,-2.2239
179,-3.2707
180,-4.3392
181,-5.4285
182,-6.5382
183,-7.6676
184,-8.8161
185,-9.9831
186,-11.168
187,-12.37
188,-13.589
189,-14.824
190,-16.075
191,-17.341
192,-18.622
193,-19.916
194,-21.225
195,-22.547
196,-23.881
197,-25.228
198,-26.587
199,-27.957
200,-29.339
