0,22.988
1,22.986
2,22.984
3,22.983
4,22.981
5,22.979
6,22.977
7,22.975
8,22.973
9,22.972
10,22.97
11,22.968
12,22.966
13,22.964
14,22.962
15,22.961
16,22.959
17,22.957
18,22.955
19,22.953
20,22.951
21,22.95
22,22.948
23,22.946
24,22.944
25,22.942
26,22.94
27,22.939
28,22.937
29,22.935
30,22.933
31,22.931
32,22.929
33,22.928
34,22.926
35,22.924
36,22.922
37,22.92
38,22.918
39,22.917
40,22.915
41,22.913
42,22.911
43,22.909
44,22.907
45,22.905
46,22.904
47,22.902
48,22.9
49,22.898
50,22.896
51,22.894
52,22.892
53,22.891
54,22.889
55,22.887
56,22.885
57,22.883
58,22.881
59,22.879
60,22.877
61,22.875
62,22.873
63,22.871
64,22.869
65,22.867
66,22.865
67,22.863
68,22.861
69,22.859
70,22.857
71,22.855
72,22.853
73,22.851
74,22.849
75,22.846
76,22.844
77,22.842
78,22.839
79,22.837
80,22.834
81,22.832
82,22.829
83,22.826
84,22.823
85,22.82
86,22.817
87,22.814
88,22.81
89,22.807
90,22.803
91,22.799
92,22.795
93,22.791
94,22.786
95,22.781
96,22.776
97,22.77
98,22.764
99,22.757
100,22.75
101,22.743
102,22.735
103,22.726
104,22.716
105,22.706
106,22.695
107,22.683
108,22.67
109,22.655
110,22.64
111,22.622
112,22.604
113,22.583
114,22.561
115,22.537
116,22.51
117,22.481
118,22.449
119,22.414
120,22.376
121,22.334
122,22.287
123,22.237
124,22.182
125,22.121
126,22.055
127,21.983
128,21.903
129,21.817
130,21.722
131,21.619
132,21.506
133,21.383
134,21.249
135,21.103
136,20.944
137,20.772
138,20.586
139,20.383
140,20.165
141,19.929
142,19.674
143,19.4
144,19.106
145,18.79
146,18.451
147,18.09
148,17.705
149,17.294
150,16.859
151,16.397
152,15.908
153,15.392
154,14.848
155,14.277
156,13.677
157,13.05
158,12.393
159,11.709
160,10.996
161,10.256
162,9.4876
163,8.692
164,7.8694
165,7.0203
166,6.145
167,5.2442
168,4.3183
169,3.3679
170,2.3937
171,1.3962
172,0.37596
173,-0.66632
174,-1.73
175,-2.8146
176,-3.9193
177,-5.0437
178,-6.187
179,-7.3488
180,-8.5284
181,-9.7253
182,-10.939
183,-12.169
184,-13.414
185,-14.675
186,-15.95
187,-17.239
188,-18.542
189,-19.858
190,-21.188
191,-22.529
192,-23.883
193,-25.248
194,-26.624
195,-28.012
196,-29.41
197,-30.818
198,-32.236
199,-33.663
200,-35.1
