0,23.359
1,23.357
2,23.355
3,23.353
4,23.352
5,23.35
6,23.348
7,23.346
8,23.344
9,23.342
10,23.341
11,23.339
12,23.337
13,23.335
14,23.333
15,23.331
16,23.33
17,23.328
18,23.326
19,23.324
20,23.322
21,23.32
22,23.319
23,23.317
24,23.315
25,23.313
26,23.311
27,23.309
28,23.308
29,23.306
30,23.304
31,23.302
32,23.3
33,23.298
34,23.297
35,23.295
36,23.293
37,23.291
38,23.289
39,23.287
40,23.286
41,23.284
42,23.282
43,23.28
44,23.278
45,23.276
46,23.275
47,23.273
48,23.271
49,23.269
50,23.267
51,23.265
52,23.264
53,23.262
54,23.26
55,23.258
56,23.256
57,23.254
58,23.253
59,23.251
60,23.249
61,23.247
62,23.245
63,23.243
64,23.242
65,23.24
66,23.238
67,23.236
68,23.234
69,23.232
70,23.23
71,23.229
72,23.227
73,23.225
74,23.223
75,23.221
76,23.219
77,23.217
78,23.215
79,23.213
80,23.212
81,23.21
82,23.208
83,23.206
84,23.204
85,23.202
86,23.2
87,23.198
88,23.196
89,23.194
90,23.192
91,23.19
92,23.188
93,23.185
94,23.183
95,23.181
96,23.179
97,23.176
98,23.174
99,23.172
100,23.169
101,23.167
102,23.164
103,23.161
104,23.158
105,23.155
106,23.152
107,23.149
108,23.146
109,23.142
110,23.139
111,23.135
112,23.131
113,23.126
114,23.122
115,23.117
116,23.111
117,23.106
118,23.1
119,23.093
120,23.086
121,23.078
122,23.07
123,23.061
124,23.051
125,23.041
126,23.029
127,23.016
128,23.002
129,22.987
130,22.971
131,22.952
132,22.932
133,22.91
134,22.886
135,22.86
136,22.83
137,22.798
138,22.763
139,22.724
140,22.681
141,22.634
142,22.582
143,22.525
144,22.463
145,22.394
146,22.318
147,22.235
148,22.143
149,22.043
150,21.933
151,21.812
152,21.681
153,21.537
154,21.379
155,21.208
156,21.021
157,20.818
158,20.597
159,20.358
160,20.1
161,19.82
162,19.519
163,19.195
164,18.848
165,18.475
166,18.077
167,17.652
168,17.2
169,16.721
170,16.212
171,15.675
172,15.109
173,14.513
174,13.887
175,13.232
176,12.547
177,11.832
178,11.088
179,10.315
180,9.5136
181,8.6837
182,7.826
183,6.941
184,6.0294
185,5.0918
186,4.1287
187,3.1409
188,2.129
189,1.0937
190,0.035661
191,-1.0444
192,-2.1458
193,-3.2679
194,-4.41
195,-5.5715
196,-6.7518
197,-7.9501
198,-9.1659
199,-10.399
200,-11.648
