0,14.403
1,14.401
2,14.4
3,14.398
4,14.396
5,14.394
6,14.392
7,14.39
8,14.389
9,14.387
10,14.385
11,14.383
12,14.381
13,14.379
14,14.378
15,14.376
16,14.374
17,14.372
18,14.37
19,14.368
20,14.367
21,14.365
22,14.363
23,14.361
24,14.359
25,14.357
26,14.356
27,14.354
28,14.352
29,14.35
30,14.348
31,14.346
32,14.345
33,14.343
34,14.341
35,14.339
36,14.337
37,14.335
38,14.334
39,14.332
40,14.33
41,14.328
42,14.326
43,14.324
44,14.323
45,14.321
46,14.319
47,14.317
48,14.315
49,14.313
50,14.312
51,14.31
52,14.308
53,14.306
54,14.304
55,14.302
56,14.301
57,14.299
58,14.297
59,14.295
60,14.293
61,14.291
62,14.289
63,14.288
64,14.286
65,14.284
66,14.282
67,14.28
68,14.278
69,14.276
70,14.274
71,14.272
72,14.271
73,14.269
74,14.267
75,14.265
76,14.263
77,14.261
78,14.259
79,14.257
80,14.255
81,14.253
82,14.251
83,14.249
84,14.246
85,14.244
86,14.242
87,14.24
88,14.238
89,14.235
90,14.233
91,14.231
92,14.228
93,14.225
94,14.223
95,14.22
96,14.217
97,14.214
98,14.211
99,14.208
100,14.205
101,14.202
102,14.198
103,14.194
104,14.19
105,14.186
106,14.181
107,14.176
108,14.171
109,14.166
110,14.16
111,14.154
112,14.147
113,14.14
114,14.132
115,14.123
116,14.114
117,14.104
118,14.093
119,14.082
120,14.069
121,14.055
122,14.04
123,14.023
124,14.005
125,13.985
126,13.963
127,13.939
128,13.913
129,13.884
130,13.852
131,13.818
132,13.78
133,13.738
134,13.692
135,13.642
136,13.587
137,13.526
138,13.46
139,13.387
140,13.307
141,13.22
142,13.125
143,13.02
144,12.906
145,12.781
146,12.645
147,12.497
148,12.335
149,12.16
150,11.969
151,11.763
152,11.539
153,11.297
154,11.036
155,10.755
156,10.452
157,10.128
158,9.7802
159,9.4085
160,9.0119
161,8.5896
162,8.141
163,7.6654
164,7.1622
165,6.6311
166,6.0716
167,5.4836
168,4.8667
169,4.221
170,3.5465
171,2.8432
172,2.1113
173,1.3511
174,0.56284
175,-0.25301
176,-1.0961
177,-1.9658
178,-2.8618
179,-3.7834
180,-4.73
181,-5.7011
182,-6.696
183,-7.7141
184,-8.7548
185,-9.8174
186,-10.901
187,-12.006
188,-13.13
189,-14.274
190,-15.436
191,-16.617
192,-17.815
193,-19.031
194,-20.262
195,-21.51
196,-22.773
197,-24.051
198,-25.343
199,-26.649
200,-27.968
