0,16.815
1,16.813
2,16.811
3,16.809
4,16.808
5,16.806
6,16.804
7,16.802
8,16.8
9,16.798
10,16.797
11,16.795
12,16.793
13,16.791
14,16.789
15,16.787
16,16.786
17,16.784
18,16.782
19,16.78
20,16.778
21,16.776
22,16.775
23,16.773
24,16.771
25,16.769
26,16.767
27,16.765
28,16.764
29,16.762
30,16.76
31,16.758
32,16.756
33,16.754
34,16.752
35,16.751
36,16.749
37,16.747
38,16.745
39,16.743
40,16.741
41,16.74
42,16.738
43,16.736
44,16.734
45,16.732
46,16.73
47,16.728
48,16.727
49,16.725
50,16.723
51,16.721
52,16.719
53,16.717
54,16.715
55,16.713
56,16.711
57,16.709
58,16.707
59,16.705
60,16.703
61,16.701
62,16.699
63,16.697
64,16.695
65,16.693
66,16.691
67,16.689
68,16.687
69,16.685
70,16.683
71,16.68
72,16.678
73,16.676
74,16.673
75,16.671
76,16.668
77,16.666
78,16.663
79,16.66
80,16.657
81,16.654
82,16.651
83,16.648
84,16.645
85,16.641
86,16.638
87,16.634
88,16.63
89,16.625
90,16.621
91,16.616
92,16.611
93,16.605
94,16.599
95,16.593
96,16.586
97,16.579
98,16.571
99,16.563
100,16.554
101,16.544
102,16.533
103,16.522
104,16.509
105,16.496
106,16.481
107,16.465
108,16.447
109,16.428
110,16.408
111,16.385
112,16.36
113,16.333
114,16.303
115,16.27
116,16.235
117,16.196
118,16.154
119,16.107
120,16.056
121,16.001
122,15.94
123,15.873
124,15.8
125,15.721
126,15.634
127,15.54
128,15.437
129,15.324
130,15.202
131,15.069
132,14.924
133,14.767
134,14.596
135,14.412
136,14.212
137,13.996
138,13.764
139,13.513
140,13.243
141,12.953
142,12.643
143,12.311
144,11.956
145,11.578
146,11.175
147,10.748
148,10.295
149,9.8162
150,9.3105
151,8.7779
152,8.2178
153,7.6302
154,7.0148
155,6.3715
156,5.7004
157,5.0015
158,4.275
159,3.5211
160,2.74
161,1.9323
162,1.0981
163,0.23794
164,-0.64766
165,-1.5582
166,-2.4933
167,-3.4522
168,-4.4344
169,-5.4393
170,-6.4664
171,-7.5149
172,-8.5845
173,-9.6743
174,-10.784
175,-11.913
176,-13.06
177,-14.225
178,-15.408
179,-16.608
180,-17.824
181,-19.056
182,-20.303
183,-21.565
184,-22.841
185,-24.132
186,-25.435
187,-26.752
188,-28.082
189,-29.423
190,-30.777
191,-32.142
192,-33.518
193,-34.904
194,-36.301
195,-37.709
196,-39.126
197,-40.552
198,-41.988
199,-43.432
200,-44.885
