0,21.218
1,21.217
2,21.215
3,21.213
4,21.211
5,21.209
6,21.207
7,21.206
8,21.204
9,21.202
10,21.2
11,21.198
12,21.197
13,21.195
14,21.193
15,21.191
16,21.189
17,21.187
18,21.186
19,21.184
20,21.182
21,21.18
22,21.178
23,21.176
24,21.175
25,21.173
26,21.171
27,21.169
28,21.167
29,21.165
30,21.164
31,21.162
32,21.16
33,21.158
34,21.156
35,21.154
36,21.153
37,21.151
38,21.149
39,21.147
40,21.145
41,21.143
42,21.142
43,21.14
44,21.138
45,21.136
46,21.134
47,21.132
48,21.131
49,21.129
50,21.127
51,21.125
52,21.123
53,21.121
54,21.12
55,21.118
56,21.116
57,21.114
58,21.112
59,21.11
60,21.109
61,21.107
62,21.105
63,21.103
64,21.101
65,21.099
66,21.097
67,21.096
68,21.094
69,21.092
70,21.09
71,21.088
72,21.086
73,21.084
74,21.083
75,21.081
76,21.079
77,21.077
78,21.075
79,21.073
80,21.071
81,21.069
82,21.067
83,21.065
84,21.063
85,21.061
86,21.059
87,21.057
88,21.055
89,21.053
90,21.051
91,21.049
92,21.047
93,21.045
94,21.043
95,21.041
96,21.038
97,21.036
98,21.034
99,21.031
100,21.029
101,21.026
102,21.023
103,21.021
104,21.018
105,21.015
106,21.012
107,21.008
108,21.005
109,21.002
110,20.998
111,20.994
112,20.99
113,20.985
114,20.981
115,20.976
116,20.97
117,20.964
118,20.958
119,20.951
120,20.944
121,20.936
122,20.928
123,20.919
124,20.909
125,20.898
126,20.886
127,20.873
128,20.859
129,20.844
130,20.827
131,20.808
132,20.788
133,20.766
134,20.741
135,20.714
136,20.684
137,20.652
138,20.616
139,20.576
140,20.533
141,20.485
142,20.433
143,20.375
144,20.311
145,20.242
146,20.165
147,20.081
148,19.988
149,19.887
150,19.776
151,19.654
152,19.521
153,19.375
154,19.217
155,19.044
156,18.855
157,18.65
158,18.428
159,18.188
160,17.927
161,17.646
162,17.344
163,17.018
164,16.669
165,16.294
166,15.895
167,15.468
168,15.015
169,14.534
170,14.024
171,13.486
172,12.918
173,12.321
174,11.694
175,11.038
176,10.352
177,9.6366
178,8.892
179,8.1184
180,7.3163
181,6.486
182,5.628
183,4.7429
184,3.8312
185,2.8936
186,1.9307
187,0.94304
188,-0.068585
189,-1.1035
190,-2.1612
191,-3.2408
192,-4.3417
193,-5.4632
194,-6.6047
195,-7.7655
196,-8.945
197,-10.143
198,-11.358
199,-12.59
200,-13.838
