0,20.553
1,20.551
2,20.549
3,20.547
4,20.545
5,20.544
6,20.542
7,20.54
8,20.538
9,20.536
10,20.534
11,20.533
12,20.531
13,20.529
14,20.527
15,20.525
16,20.523
17,20.522
18,20.52
19,20.518
20,20.516
21,20.514
22,20.512
23,20.511
24,20.509
25,20.507
26,20.505
27,20.503
28,20.501
29,20.5
30,20.498
31,20.496
32,20.494
33,20.492
34,20.49
35,20.489
36,20.487
37,20.485
38,20.483
39,20.481
40,20.479
41,20.478
42,20.476
43,20.474
44,20.472
45,20.47
46,20.468
47,20.466
48,20.465
49,20.463
50,20.461
51,20.459
52,20.457
53,20.455
54,20.453
55,20.452
56,20.45
57,20.448
58,20.446
59,20.444
60,20.442
61,20.44
62,20.438
63,20.436
64,20.434
65,20.432
66,20.43
67,20.428
68,20.426
69,20.424
70,20.422
71,20.42
72,20.418
73,20.416
74,20.414
75,20.412
76,20.41
77,20.407
78,20.405
79,20.403
80,20.401
81,20.398
82,20.396
83,20.393
84,20.39
85,20.388
86,20.385
87,20.382
88,20.379
89,20.376
90,20.372
91,20.369
92,20.365
93,20.362
94,20.357
95,20.353
96,20.349
97,20.344
98,20.339
99,20.333
100,20.328
101,20.321
102,20.315
103,20.307
104,20.3
105,20.291
106,20.282
107,20.272
108,20.262
109,20.25
110,20.238
111,20.224
112,20.209
113,20.193
114,20.175
115,20.156
116,20.134
117,20.111
118,20.086
119,20.058
120,20.028
121,19.994
122,19.958
123,19.918
124,19.874
125,19.826
126,19.773
127,19.716
128,19.652
129,19.583
130,19.508
131,19.425
132,19.334
133,19.235
134,19.127
135,19.01
136,18.881
137,18.741
138,18.589
139,18.424
140,18.244
141,18.049
142,17.839
143,17.611
144,17.365
145,17.1
146,16.815
147,16.51
148,16.182
149,15.831
150,15.456
151,15.057
152,14.633
153,14.183
154,13.706
155,13.202
156,12.67
157,12.111
158,11.523
159,10.907
160,10.263
161,9.5901
162,8.8891
163,8.1599
164,7.4029
165,6.6183
166,5.8064
167,4.9677
168,4.1026
169,3.2117
170,2.2954
171,1.3544
172,0.38913
173,-0.5997
174,-1.6115
175,-2.6457
176,-3.7016
177,-4.7787
178,-5.8762
179,-6.9936
180,-8.1303
181,-9.2857
182,-10.459
183,-11.65
184,-12.858
185,-14.082
186,-15.323
187,-16.578
188,-17.849
189,-19.133
190,-20.432
191,-21.744
192,-23.069
193,-24.407
194,-25.757
195,-27.119
196,-28.492
197,-29.876
198,-31.271
199,-32.676
200,-34.091
