0,25.036
1,25.034
2,25.032
3,25.03
4,25.029
5,25.027
6,25.025
7,25.023
8,25.021
9,25.019
10,25.018
11,25.016
12,25.014
13,25.012
14,25.01
15,25.008
16,25.007
17,25.005
18,25.003
19,25.001
20,24.999
21,24.997
22,24.996
23,24.994
24,24.992
25,24.99
26,24.988
27,24.986
28,24.985
29,24.983
30,24.981
31,24.979
32,24.977
33,24.975
34,24.974
35,24.972
36,24.97
37,24.968
38,24.966
39,24.964
40,24.962
41,24.961
42,24.959
43,24.957
44,24.955
45,24.953
46,24.951
47,24.949
48,24.948
49,24.946
50,24.944
51,24.942
52,24.94
53,24.938
54,24.936
55,24.934
56,24.932
57,24.93
58,24.928
59,24.926
60,24.924
61,24.922
62,24.92
63,24.918
64,24.916
65,24.914
66,24.912
67,24.91
68,24.908
69,24.905
70,24.903
71,24.901
72,24.898
73,24.896
74,24.893
75,24.891
76,24.888
77,24.886
78,24.883
79,24.88
80,24.877
81,24.874
82,24.87
83,24.867
84,24.863
85,24.86
86,24.856
87,24.851
88,24.847
89,24.842
90,24.837
91,24.832
92,24.826
93,24.82
94,24.813
95,24.806
96,24.799
97,24.791
98,24.782
99,24.772
100,24.762
101,24.751
102,24.739
103,24.726
104,24.711
105,24.696
106,24.678
107,24.66
108,24.64
109,24.617
110,24.593
111,24.567
112,24.538
113,24.506
114,24.471
115,24.433
116,24.392
117,24.346
118,24.297
119,24.242
120,24.183
121,24.117
122,24.046
123,23.968
124,23.883
125,23.79
126,23.689
127,23.578
128,23.458
129,23.327
130,23.184
131,23.029
132,22.861
133,22.678
134,22.481
135,22.267
136,22.037
137,21.788
138,21.521
139,21.234
140,20.926
141,20.596
142,20.243
143,19.867
144,19.466
145,19.041
146,18.59
147,18.113
148,17.609
149,17.077
150,16.518
151,15.932
152,15.317
153,14.675
154,14.004
155,13.305
156,12.579
157,11.825
158,11.044
159,10.236
160,9.4012
161,8.5404
162,7.654
163,6.7424
164,5.8063
165,4.8462
166,3.8627
167,2.8563
168,1.8277
169,0.77746
170,-0.29378
171,-1.3854
172,-2.4969
173,-3.6276
174,-4.7769
175,-5.9442
176,-7.1291
177,-8.3308
178,-9.549
179,-10.783
180,-12.032
181,-13.297
182,-14.575
183,-15.868
184,-17.174
185,-18.493
186,-19.825
187,-21.169
188,-22.525
189,-23.892
190,-25.27
191,-26.659
192,-28.059
193,-29.468
194,-30.887
195,-32.316
196,-33.754
197,-35.201
198,-36.656
199,-38.12
200,-39.591
