0,16.566
1,16.565
2,16.563
3,16.561
4,16.559
5,16.557
6,16.555
7,16.554
8,16.552
9,16.55
10,16.548
11,16.546
12,16.544
13,16.543
14,16.541
15,16.539
16,16.537
17,16.535
18,16.533
19,16.532
20,16.53
21,16.528
22,16.526
23,16.524
24,16.522
25,16.521
26,16.519
27,16.517
28,16.515
29,16.513
30,16.511
31,16.51
32,16.508
33,16.506
34,16.504
35,16.502
36,16.5
37,16.499
38,16.497
39,16.495
40,16.493
41,16.491
42,16.489
43,16.488
44,16.486
45,16.484
46,16.482
47,16.48
48,16.478
49,16.476
50,16.475
51,16.473
52,16.471
53,16.469
54,16.467
55,16.465
56,16.463
57,16.461
58,16.46
59,16.458
60,16.456
61,16.454
62,16.452
63,16.45
64,16.448
65,16.446
66,16.444
67,16.442
68,16.44
69,16.438
70,16.436
71,16.434
72,16.432
73,16.43
74,16.428
75,16.425
76,16.423
77,16.421
78,16.419
79,16.416
80,16.414
81,16.411
82,16.409
83,16.406
84,16.403
85,16.401
86,16.398
87,16.395
88,16.392
89,16.388
90,16.385
91,16.381
92,16.378
93,16.374
94,16.369
95,16.365
96,16.36
97,16.355
98,16.35
99,16.344
100,16.338
101,16.332
102,16.325
103,16.317
104,16.309
105,16.3
106,16.291
107,16.281
108,16.27
109,16.257
110,16.244
111,16.23
112,16.214
113,16.197
114,16.179
115,16.158
116,16.136
117,16.112
118,16.085
119,16.056
120,16.025
121,15.99
122,15.952
123,15.91
124,15.864
125,15.814
126,15.759
127,15.699
128,15.634
129,15.562
130,15.483
131,15.397
132,15.303
133,15.201
134,15.089
135,14.967
136,14.835
137,14.69
138,14.533
139,14.363
140,14.178
141,13.978
142,13.762
143,13.528
144,13.276
145,13.005
146,12.714
147,12.401
148,12.066
149,11.709
150,11.327
151,10.921
152,10.489
153,10.032
154,9.5479
155,9.0368
156,8.4982
157,7.9319
158,7.3375
159,6.715
160,6.0643
161,5.3854
162,4.6784
163,3.9435
164,3.1809
165,2.3909
166,1.574
167,0.73053
168,-0.13908
169,-1.0343
170,-1.9546
171,-2.8995
172,-3.8682
173,-4.8604
174,-5.8753
175,-6.9123
176,-7.9709
177,-9.0503
178,-10.15
179,-11.27
180,-12.408
181,-13.565
182,-14.74
183,-15.932
184,-17.142
185,-18.367
186,-19.608
187,-20.864
188,-22.136
189,-23.421
190,-24.72
191,-26.033
192,-27.358
193,-28.696
194,-30.046
195,-31.408
196,-32.781
197,-34.165
198,-35.559
199,-36.964
200,-38.379
