0,20.581
1,20.579
2,20.577
3,20.575
4,20.574
5,20.572
6,20.57
7,20.568
8,20.566
9,20.564
10,20.563
11,20.561
12,20.559
13,20.557
14,20.555
15,20.553
16,20.552
17,20.55
18,20.548
19,20.546
20,20.544
21,20.542
22,20.541
23,20.539
24,20.537
25,20.535
26,20.533
27,20.531
28,20.53
29,20.528
30,20.526
31,20.524
32,20.522
33,20.52
34,20.519
35,20.517
36,20.515
37,20.513
38,20.511
39,20.509
40,20.508
41,20.506
42,20.504
43,20.502
44,20.5
45,20.498
46,20.497
47,20.495
48,20.493
49,20.491
50,20.489
51,20.487
52,20.486
53,20.484
54,20.482
55,20.48
56,20.478
57,20.476
58,20.474
59,20.473
60,20.471
61,20.469
62,20.467
63,20.465
64,20.463
65,20.461
66,20.46
67,20.458
68,20.456
69,20.454
70,20.452
71,20.45
72,20.448
73,20.446
74,20.444
75,20.442
76,20.44
77,20.438
78,20.436
79,20.434
80,20.432
81,20.43
82,20.428
83,20.426
84,20.424
85,20.422
86,20.42
87,20.417
88,20.415
89,20.413
90,20.41
91,20.408
92,20.405
93,20.403
94,20.4
95,20.397
96,20.395
97,20.392
98,20.389
99,20.385
100,20.382
101,20.378
102,20.375
103,20.371
104,20.367
105,20.362
106,20.358
107,20.353
108,20.347
109,20.342
110,20.336
111,20.329
112,20.322
113,20.315
114,20.306
115,20.297
116,20.288
117,20.277
118,20.266
119,20.254
120,20.24
121,20.225
122,20.209
123,20.192
124,20.172
125,20.151
126,20.128
127,20.103
128,20.075
129,20.044
130,20.01
131,19.974
132,19.933
133,19.889
134,19.84
135,19.786
136,19.727
137,19.663
138,19.592
139,19.514
140,19.429
141,19.336
142,19.234
143,19.122
144,19
145,18.866
146,18.721
147,18.563
148,18.39
149,18.203
150,18
151,17.779
152,17.541
153,17.283
154,17.006
155,16.707
156,16.386
157,16.042
158,15.674
159,15.281
160,14.862
161,14.417
162,13.945
163,13.445
164,12.917
165,12.361
166,11.775
167,11.161
168,10.518
169,9.8454
170,9.1441
171,8.4141
172,7.6555
173,6.8687
174,6.054
175,5.212
176,4.3431
177,3.4477
178,2.5266
179,1.5802
180,0.60923
181,-0.38573
182,-1.404
183,-2.445
184,-3.5081
185,-4.5925
186,-5.6977
187,-6.8229
188,-7.9676
189,-9.1312
190,-10.313
191,-11.512
192,-12.729
193,-13.962
194,-15.211
195,-16.475
196,-17.755
197,-19.048
198,-20.356
199,-21.677
200,-23.011
