0,16.035
1,16.033
2,16.031
3,16.029
4,16.027
5,16.025
6,16.024
7,16.022
8,16.02
9,16.018
10,16.016
11,16.014
12,16.013
13,16.011
14,16.009
15,16.007
16,16.005
17,16.004
18,16.002
19,16
20,15.998
21,15.996
22,15.994
23,15.993
24,15.991
25,15.989
26,15.987
27,15.985
28,15.983
29,15.982
30,15.98
31,15.978
32,15.976
33,15.974
34,15.972
35,15.97
36,15.969
37,15.967
38,15.965
39,15.963
40,15.961
41,15.959
42,15.958
43,15.956
44,15.954
45,15.952
46,15.95
47,15.948
48,15.946
49,15.945
50,15.943
51,15.941
52,15.939
53,15.937
54,15.935
55,15.933
56,15.931
57,15.93
58,15.928
59,15.926
60,15.924
61,15.922
62,15.92
63,15.918
64,15.916
65,15.914
66,15.912
67,15.91
68,15.908
69,15.906
70,15.904
71,15.902
72,15.9
73,15.898
74,15.895
75,15.893
76,15.891
77,15.889
78,15.886
79,15.884
80,15.881
81,15.879
82,15.876
83,15.873
84,15.871
85,15.868
86,15.865
87,15.861
88,15.858
89,15.855
90,15.851
91,15.847
92,15.843
93,15.839
94,15.835
95,15.83
96,15.825
97,15.82
98,15.814
99,15.808
100,15.801
101,15.794
102,15.787
103,15.779
104,15.77
105,15.76
106,15.75
107,15.739
108,15.727
109,15.714
110,15.699
111,15.684
112,15.666
113,15.648
114,15.628
115,15.605
116,15.581
117,15.554
118,15.525
119,15.494
120,15.459
121,15.421
122,15.379
123,15.333
124,15.283
125,15.229
126,15.169
127,15.103
128,15.032
129,14.953
130,14.867
131,14.774
132,14.672
133,14.561
134,14.439
135,14.307
136,14.163
137,14.007
138,13.837
139,13.654
140,13.455
141,13.239
142,13.007
143,12.756
144,12.487
145,12.197
146,11.886
147,11.553
148,11.198
149,10.819
150,10.415
151,9.986
152,9.5312
153,9.05
154,8.5419
155,8.0065
156,7.4434
157,6.8524
158,6.2333
159,5.5862
160,4.9109
161,4.2076
162,3.4765
163,2.7177
164,1.9316
165,1.1186
166,0.279
167,-0.58668
168,-1.478
169,-2.3944
170,-3.3353
171,-4.3002
172,-5.2885
173,-6.2995
174,-7.3327
175,-8.3875
176,-9.4633
177,-10.559
178,-11.675
179,-12.81
180,-13.964
181,-15.135
182,-16.324
183,-17.53
184,-18.752
185,-19.99
186,-21.243
187,-22.511
188,-23.793
189,-25.089
190,-26.399
191,-27.721
192,-29.056
193,-30.404
194,-31.763
195,-33.133
196,-34.514
197,-35.906
198,-37.309
199,-38.721
200,-40.143
