0,27.441
1,27.439
2,27.438
3,27.436
4,27.434
5,27.432
6,27.43
7,27.428
8,27.427
9,27.425
10,27.423
11,27.421
12,27.419
13,27.417
14,27.416
15,27.414
16,27.412
17,27.41
18,27.408
19,27.406
20,27.405
21,27.403
22,27.401
23,27.399
24,27.397
25,27.395
26,27.394
27,27.392
28,27.39
29,27.388
30,27.386
31,27.384
32,27.383
33,27.381
34,27.379
35,27.377
36,27.375
37,27.373
38,27.372
39,27.37
40,27.368
41,27.366
42,27.364
43,27.362
44,27.361
45,27.359
46,27.357
47,27.355
48,27.353
49,27.351
50,27.35
51,27.348
52,27.346
53,27.344
54,27.342
55,27.34
56,27.338
57,27.337
58,27.335
59,27.333
60,27.331
61,27.329
62,27.327
63,27.325
64,27.323
65,27.322
66,27.32
67,27.318
68,27.316
69,27.314
70,27.312
71,27.31
72,27.308
73,27.306
74,27.304
75,27.302
76,27.3
77,27.298
78,27.296
79,27.294
80,27.292
81,27.29
82,27.287
83,27.285
84,27.283
85,27.281
86,27.278
87,27.276
88,27.273
89,27.271
90,27.268
91,27.266
92,27.263
93,27.26
94,27.257
95,27.254
96,27.25
97,27.247
98,27.243
99,27.239
100,27.235
101,27.231
102,27.227
103,27.222
104,27.217
105,27.211
106,27.205
107,27.199
108,27.192
109,27.185
110,27.177
111,27.168
112,27.159
113,27.149
114,27.138
115,27.126
116,27.113
117,27.099
118,27.083
119,27.066
120,27.048
121,27.027
122,27.005
123,26.981
124,26.954
125,26.924
126,26.892
127,26.857
128,26.818
129,26.775
130,26.728
131,26.677
132,26.62
133,26.558
134,26.49
135,26.415
136,26.333
137,26.244
138,26.145
139,26.038
140,25.92
141,25.792
142,25.652
143,25.499
144,25.333
145,25.152
146,24.956
147,24.743
148,24.512
149,24.263
150,23.994
151,23.705
152,23.394
153,23.06
154,22.702
155,22.32
156,21.912
157,21.478
158,21.018
159,20.53
160,20.014
161,19.47
162,18.897
163,18.295
164,17.664
165,17.004
166,16.316
167,15.598
168,14.851
169,14.077
170,13.274
171,12.444
172,11.586
173,10.702
174,9.7919
175,8.8563
176,7.8958
177,6.9111
178,5.9027
179,4.8714
180,3.8177
181,2.7424
182,1.6461
183,0.52935
184,-0.6071
185,-1.7627
186,-2.9367
187,-4.1286
188,-5.3379
189,-6.5639
190,-7.8061
191,-9.0639
192,-10.337
193,-11.624
194,-12.926
195,-14.241
196,-15.57
197,-16.911
198,-18.265
199,-19.63
200,-21.007
