0,12.435
1,12.433
2,12.431
3,12.429
4,12.427
5,12.425
6,12.424
7,12.422
8,12.42
9,12.418
10,12.416
11,12.414
12,12.413
13,12.411
14,12.409
15,12.407
16,12.405
17,12.403
18,12.402
19,12.4
20,12.398
21,12.396
22,12.394
23,12.392
24,12.391
25,12.389
26,12.387
27,12.385
28,12.383
29,12.381
30,12.38
31,12.378
32,12.376
33,12.374
34,12.372
35,12.37
36,12.369
37,12.367
38,12.365
39,12.363
40,12.361
41,12.36
42,12.358
43,12.356
44,12.354
45,12.352
46,12.35
47,12.349
48,12.347
49,12.345
50,12.343
51,12.341
52,12.339
53,12.338
54,12.336
55,12.334
56,12.332
57,12.33
58,12.328
59,12.327
60,12.325
61,12.323
62,12.321
63,12.319
64,12.317
65,12.316
66,12.314
67,12.312
68,12.31
69,12.308
70,12.306
71,12.305
72,12.303
73,12.301
74,12.299
75,12.297
76,12.295
77,12.293
78,12.292
79,12.29
80,12.288
81,12.286
82,12.284
83,12.282
84,12.281
85,12.279
86,12.277
87,12.275
88,12.273
89,12.271
90,12.269
91,12.268
92,12.266
93,12.264
94,12.262
95,12.26
96,12.258
97,12.256
98,12.254
99,12.252
100,12.25
101,12.248
102,12.246
103,12.244
104,12.242
105,12.24
106,12.238
107,12.236
108,12.234
109,12.232
110,12.23
111,12.227
112,12.225
113,12.223
114,12.22
115,12.218
116,12.215
117,12.213
118,12.21
119,12.207
120,12.204
121,12.201
122,12.198
123,12.195
124,12.192
125,12.188
126,12.184
127,12.18
128,12.176
129,12.171
130,12.166
131,12.161
132,12.155
133,12.149
134,12.143
135,12.136
136,12.128
137,12.12
138,12.11
139,12.101
140,12.09
141,12.078
142,12.065
143,12.051
144,12.036
145,12.019
146,12
147,11.979
148,11.957
149,11.932
150,11.904
151,11.874
152,11.841
153,11.804
154,11.763
155,11.718
156,11.669
157,11.615
158,11.554
159,11.488
160,11.415
161,11.335
162,11.246
163,11.149
164,11.042
165,10.925
166,10.796
167,10.655
168,10.5
169,10.331
170,10.147
171,9.9462
172,9.7276
173,9.4902
174,9.2328
175,8.9543
176,8.6535
177,8.3294
178,7.9808
179,7.6069
180,7.2066
181,6.779
182,6.3235
183,5.8394
184,5.326
185,4.7829
186,4.2098
187,3.6064
188,2.9725
189,2.3082
190,1.6135
191,0.88863
192,0.13376
193,-0.65072
194,-1.4644
195,-2.3068
196,-3.1774
197,-4.0757
198,-5.0009
199,-5.9524
200,-6.9296
