0,20.182
1,20.18
2,20.178
3,20.176
4,20.174
5,20.172
6,20.171
7,20.169
8,20.167
9,20.165
10,20.163
11,20.161
12,20.16
13,20.158
14,20.156
15,20.154
16,20.152
17,20.15
18,20.149
19,20.147
20,20.145
21,20.143
22,20.141
23,20.139
24,20.138
25,20.136
26,20.134
27,20.132
28,20.13
29,20.128
30,20.127
31,20.125
32,20.123
33,20.121
34,20.119
35,20.117
36,20.116
37,20.114
38,20.112
39,20.11
40,20.108
41,20.107
42,20.105
43,20.103
44,20.101
45,20.099
46,20.097
47,20.096
48,20.094
49,20.092
50,20.09
51,20.088
52,20.086
53,20.084
54,20.083
55,20.081
56,20.079
57,20.077
58,20.075
59,20.073
60,20.072
61,20.07
62,20.068
63,20.066
64,20.064
65,20.062
66,20.061
67,20.059
68,20.057
69,20.055
70,20.053
71,20.051
72,20.049
73,20.047
74,20.046
75,20.044
76,20.042
77,20.04
78,20.038
79,20.036
80,20.034
81,20.032
82,20.03
83,20.028
84,20.026
85,20.024
86,20.022
87,20.02
88,20.018
89,20.016
90,20.014
91,20.012
92,20.01
93,20.008
94,20.005
95,20.003
96,20.001
97,19.999
98,19.996
99,19.994
100,19.991
101,19.988
102,19.986
103,19.983
104,19.98
105,19.977
106,19.974
107,19.97
108,19.967
109,19.963
110,19.959
111,19.955
112,19.951
113,19.946
114,19.941
115,19.936
116,19.93
117,19.924
118,19.917
119,19.91
120,19.903
121,19.894
122,19.885
123,19.875
124,19.865
125,19.853
126,19.841
127,19.827
128,19.812
129,19.795
130,19.777
131,19.757
132,19.735
133,19.711
134,19.685
135,19.656
136,19.624
137,19.589
138,19.551
139,19.508
140,19.462
141,19.411
142,19.355
143,19.293
144,19.225
145,19.15
146,19.068
147,18.978
148,18.88
149,18.772
150,18.653
151,18.524
152,18.382
153,18.228
154,18.06
155,17.877
156,17.677
157,17.461
158,17.227
159,16.973
160,16.7
161,16.405
162,16.087
163,15.746
164,15.381
165,14.991
166,14.574
167,14.131
168,13.66
169,13.161
170,12.634
171,12.077
172,11.491
173,10.876
174,10.231
175,9.5573
176,8.8536
177,8.1207
178,7.3588
179,6.5683
180,5.7495
181,4.903
182,4.0292
183,3.1286
184,2.202
185,1.2498
186,0.27276
187,-0.7285
188,-1.7533
189,-2.801
190,-3.8709
191,-4.9623
192,-6.0746
193,-7.2071
194,-8.3591
195,-9.5301
196,-10.719
197,-11.926
198,-13.15
199,-14.391
200,-15.647
