0,18.436
1,18.434
2,18.432
3,18.431
4,18.429
5,18.427
6,18.425
7,18.423
8,18.421
9,18.42
10,18.418
11,18.416
12,18.414
13,18.412
14,18.41
15,18.409
16,18.407
17,18.405
18,18.403
19,18.401
20,18.399
21,18.398
22,18.396
23,18.394
24,18.392
25,18.39
26,18.388
27,18.387
28,18.385
29,18.383
30,18.381
31,18.379
32,18.378
33,18.376
34,18.374
35,18.372
36,18.37
37,18.368
38,18.367
39,18.365
40,18.363
41,18.361
42,18.359
43,18.357
44,18.355
45,18.354
46,18.352
47,18.35
48,18.348
49,18.346
50,18.344
51,18.343
52,18.341
53,18.339
54,18.337
55,18.335
56,18.333
57,18.332
58,18.33
59,18.328
60,18.326
61,18.324
62,18.322
63,18.32
64,18.318
65,18.317
66,18.315
67,18.313
68,18.311
69,18.309
70,18.307
71,18.305
72,18.303
73,18.301
74,18.299
75,18.297
76,18.295
77,18.293
78,18.291
79,18.289
80,18.287
81,18.285
82,18.283
83,18.281
84,18.279
85,18.276
86,18.274
87,18.272
88,18.269
89,18.267
90,18.265
91,18.262
92,18.259
93,18.257
94,18.254
95,18.251
96,18.248
97,18.245
98,18.241
99,18.238
100,18.234
101,18.23
102,18.226
103,18.222
104,18.218
105,18.213
106,18.208
107,18.202
108,18.196
109,18.19
110,18.183
111,18.176
112,18.168
113,18.159
114,18.15
115,18.14
116,18.129
117,18.117
118,18.104
119,18.09
120,18.075
121,18.058
122,18.039
123,18.019
124,17.997
125,17.973
126,17.947
127,17.918
128,17.886
129,17.851
130,17.812
131,17.77
132,17.724
133,17.673
134,17.618
135,17.557
136,17.49
137,17.416
138,17.336
139,17.248
140,17.151
141,17.046
142,16.931
143,16.805
144,16.668
145,16.518
146,16.355
147,16.178
148,15.986
149,15.778
150,15.553
151,15.309
152,15.046
153,14.763
154,14.458
155,14.131
156,13.781
157,13.407
158,13.008
159,12.583
160,12.132
161,11.653
162,11.148
163,10.614
164,10.051
165,9.4605
166,8.8408
167,8.1922
168,7.5148
169,6.8086
170,6.0739
171,5.3109
172,4.52
173,3.7014
174,2.8557
175,1.9833
176,1.0848
177,0.16067
178,-0.78843
179,-1.7619
180,-2.7592
181,-3.7795
182,-4.8224
183,-5.8871
184,-6.973
185,-8.0794
186,-9.2058
187,-10.352
188,-11.516
189,-12.698
190,-13.898
191,-15.115
192,-16.349
193,-17.598
194,-18.862
195,-20.141
196,-21.435
197,-22.742
198,-24.063
199,-25.397
200,-26.743
