0,18.933
1,18.931
2,18.929
3,18.928
4,18.926
5,18.924
6,18.922
7,18.92
8,18.918
9,18.917
10,18.915
11,18.913
12,18.911
13,18.909
14,18.907
15,18.906
16,18.904
17,18.902
18,18.9
19,18.898
20,18.896
21,18.895
22,18.893
23,18.891
24,18.889
25,18.887
26,18.885
27,18.884
28,18.882
29,18.88
30,18.878
31,18.876
32,18.874
33,18.873
34,18.871
35,18.869
36,18.867
37,18.865
38,18.863
39,18.862
40,18.86
41,18.858
42,18.856
43,18.854
44,18.852
45,18.85
46,18.849
47,18.847
48,18.845
49,18.843
50,18.841
51,18.839
52,18.837
53,18.836
54,18.834
55,18.832
56,18.83
57,18.828
58,18.826
59,18.824
60,18.822
61,18.82
62,18.818
63,18.816
64,18.814
65,18.812
66,18.81
67,18.808
68,18.806
69,18.804
70,18.802
71,18.8
72,18.798
73,18.796
74,18.794
75,18.791
76,18.789
77,18.787
78,18.784
79,18.782
80,18.78
81,18.777
82,18.774
83,18.772
84,18.769
85,18.766
86,18.763
87,18.76
88,18.756
89,18.753
90,18.749
91,18.746
92,18.742
93,18.737
94,18.733
95,18.728
96,18.723
97,18.718
98,18.712
99,18.706
100,18.699
101,18.692
102,18.684
103,18.676
104,18.667
105,18.658
106,18.647
107,18.636
108,18.623
109,18.61
110,18.595
111,18.579
112,18.562
113,18.543
114,18.522
115,18.5
116,18.475
117,18.448
118,18.418
119,18.386
120,18.35
121,18.311
122,18.269
123,18.222
124,18.171
125,18.115
126,18.054
127,17.986
128,17.913
129,17.833
130,17.745
131,17.649
132,17.545
133,17.431
134,17.307
135,17.171
136,17.024
137,16.864
138,16.69
139,16.502
140,16.298
141,16.078
142,15.84
143,15.584
144,15.308
145,15.012
146,14.694
147,14.354
148,13.991
149,13.604
150,13.192
151,12.755
152,12.291
153,11.801
154,11.283
155,10.738
156,10.165
157,9.5646
158,8.9356
159,8.2783
160,7.5929
161,6.8794
162,6.138
163,5.3691
164,4.5728
165,3.7497
166,2.9001
167,2.0245
168,1.1234
169,0.1974
170,-0.75304
171,-1.7273
172,-2.7248
173,-3.7448
174,-4.7869
175,-5.8504
176,-6.9346
177,-8.039
178,-9.1629
179,-10.306
180,-11.467
181,-12.646
182,-13.842
183,-15.055
184,-16.284
185,-17.529
186,-18.789
187,-20.063
188,-21.352
189,-22.654
190,-23.97
191,-25.298
192,-26.639
193,-27.992
194,-29.356
195,-30.732
196,-32.118
197,-33.515
198,-34.922
199,-36.339
200,-37.766
