0,14.093
1,14.091
2,14.09
3,14.088
4,14.086
5,14.084
6,14.082
7,14.08
8,14.079
9,14.077
10,14.075
11,14.073
12,14.071
13,14.069
14,14.068
15,14.066
16,14.064
17,14.062
18,14.06
19,14.058
20,14.057
21,14.055
22,14.053
23,14.051
24,14.049
25,14.048
26,14.046
27,14.044
28,14.042
29,14.04
30,14.038
31,14.037
32,14.035
33,14.033
34,14.031
35,14.029
36,14.027
37,14.025
38,14.024
39,14.022
40,14.02
41,14.018
42,14.016
43,14.014
44,14.013
45,14.011
46,14.009
47,14.007
48,14.005
49,14.003
50,14.002
51,14
52,13.998
53,13.996
54,13.994
55,13.992
56,13.99
57,13.989
58,13.987
59,13.985
60,13.983
61,13.981
62,13.979
63,13.977
64,13.975
65,13.973
66,13.971
67,13.97
68,13.968
69,13.966
70,13.964
71,13.962
72,13.96
73,13.958
74,13.956
75,13.953
76,13.951
77,13.949
78,13.947
79,13.945
80,13.943
81,13.94
82,13.938
83,13.936
84,13.933
85,13.931
86,13.928
87,13.926
88,13.923
89,13.92
90,13.917
91,13.914
92,13.911
93,13.908
94,13.905
95,13.901
96,13.897
97,13.893
98,13.889
99,13.885
100,13.88
101,13.875
102,13.87
103,13.864
104,13.858
105,13.852
106,13.845
107,13.837
108,13.829
109,13.82
110,13.81
111,13.8
112,13.789
113,13.777
114,13.763
115,13.749
116,13.733
117,13.716
118,13.697
119,13.677
120,13.654
121,13.63
122,13.603
123,13.573
124,13.541
125,13.506
126,13.467
127,13.425
128,13.378
129,13.327
130,13.272
131,13.21
132,13.143
133,13.07
134,12.99
135,12.902
136,12.807
137,12.702
138,12.588
139,12.463
140,12.328
141,12.18
142,12.019
143,11.845
144,11.656
145,11.451
146,11.23
147,10.991
148,10.733
149,10.455
150,10.157
151,9.8374
152,9.495
153,9.1292
154,8.7391
155,8.324
156,7.8832
157,7.4159
158,6.9218
159,6.4002
160,5.8509
161,5.2735
162,4.6678
163,4.0338
164,3.3713
165,2.6806
166,1.9616
167,1.2146
168,0.43996
169,-0.3621
170,-1.1911
171,-2.0467
172,-2.9283
173,-3.8355
174,-4.7676
175,-5.7242
176,-6.7045
177,-7.7081
178,-8.7343
179,-9.7824
180,-10.852
181,-11.942
182,-13.052
183,-14.182
184,-15.331
185,-16.498
186,-17.682
187,-18.884
188,-20.103
189,-21.337
190,-22.587
191,-23.853
192,-25.132
193,-26.426
194,-27.733
195,-29.054
196,-30.387
197,-31.732
198,-33.09
199,-34.459
200,-35.839
