0,25.129
1,25.127
2,25.125
3,25.124
4,25.122
5,25.12
6,25.118
7,25.116
8,25.114
9,25.113
10,25.111
11,25.109
12,25.107
13,25.105
14,25.103
15,25.102
16,25.1
17,25.098
18,25.096
19,25.094
20,25.092
21,25.091
22,25.089
23,25.087
24,25.085
25,25.083
26,25.081
27,25.08
28,25.078
29,25.076
30,25.074
31,25.072
32,25.07
33,25.069
34,25.067
35,25.065
36,25.063
37,25.061
38,25.059
39,25.057
40,25.056
41,25.054
42,25.052
43,25.05
44,25.048
45,25.046
46,25.044
47,25.043
48,25.041
49,25.039
50,25.037
51,25.035
52,25.033
53,25.031
54,25.029
55,25.027
56,25.025
57,25.023
58,25.021
59,25.019
60,25.017
61,25.015
62,25.013
63,25.011
64,25.009
65,25.007
66,25.005
67,25.002
68,25
69,24.998
70,24.995
71,24.993
72,24.991
73,24.988
74,24.986
75,24.983
76,24.98
77,24.977
78,24.974
79,24.971
80,24.968
81,24.965
82,24.961
83,24.957
84,24.954
85,24.95
86,24.945
87,24.941
88,24.936
89,24.931
90,24.925
91,24.919
92,24.913
93,24.906
94,24.899
95,24.891
96,24.883
97,24.874
98,24.864
99,24.853
100,24.842
101,24.829
102,24.816
103,24.801
104,24.785
105,24.767
106,24.748
107,24.727
108,24.704
109,24.679
110,24.652
111,24.622
112,24.59
113,24.554
114,24.515
115,24.472
116,24.425
117,24.374
118,24.318
119,24.257
120,24.19
121,24.117
122,24.037
123,23.95
124,23.854
125,23.75
126,23.637
127,23.514
128,23.379
129,23.233
130,23.075
131,22.903
132,22.717
133,22.515
134,22.297
135,22.062
136,21.809
137,21.537
138,21.245
139,20.931
140,20.596
141,20.238
142,19.857
143,19.45
144,19.019
145,18.562
146,18.079
147,17.569
148,17.032
149,16.468
150,15.875
151,15.255
152,14.607
153,13.931
154,13.227
155,12.495
156,11.736
157,10.95
158,10.137
159,9.2976
160,8.4323
161,7.5416
162,6.6259
163,5.6858
164,4.7218
165,3.7346
166,2.7248
167,1.6928
168,0.63944
169,-0.43481
170,-1.5293
171,-2.6435
172,-3.7767
173,-4.9285
174,-6.0981
175,-7.2852
176,-8.489
177,-9.7091
178,-10.945
179,-12.196
180,-13.462
181,-14.742
182,-16.036
183,-17.344
184,-18.664
185,-19.997
186,-21.342
187,-22.699
188,-24.067
189,-25.446
190,-26.836
191,-28.236
192,-29.646
193,-31.066
194,-32.496
195,-33.934
196,-35.381
197,-36.837
198,-38.301
199,-39.773
200,-41.254
