0,19.362
1,19.36
2,19.358
3,19.357
4,19.355
5,19.353
6,19.351
7,19.349
8,19.347
9,19.346
10,19.344
11,19.342
12,19.34
13,19.338
14,19.336
15,19.335
16,19.333
17,19.331
18,19.329
19,19.327
20,19.325
21,19.324
22,19.322
23,19.32
24,19.318
25,19.316
26,19.314
27,19.313
28,19.311
29,19.309
30,19.307
31,19.305
32,19.303
33,19.302
34,19.3
35,19.298
36,19.296
37,19.294
38,19.292
39,19.291
40,19.289
41,19.287
42,19.285
43,19.283
44,19.281
45,19.28
46,19.278
47,19.276
48,19.274
49,19.272
50,19.27
51,19.269
52,19.267
53,19.265
54,19.263
55,19.261
56,19.259
57,19.258
58,19.256
59,19.254
60,19.252
61,19.25
62,19.248
63,19.246
64,19.245
65,19.243
66,19.241
67,19.239
68,19.237
69,19.235
70,19.233
71,19.231
72,19.23
73,19.228
74,19.226
75,19.224
76,19.222
77,19.22
78,19.218
79,19.216
80,19.214
81,19.212
82,19.21
83,19.208
84,19.206
85,19.204
86,19.202
87,19.199
88,19.197
89,19.195
90,19.193
91,19.19
92,19.188
93,19.186
94,19.183
95,19.18
96,19.178
97,19.175
98,19.172
99,19.169
100,19.166
101,19.163
102,19.16
103,19.156
104,19.152
105,19.148
106,19.144
107,19.14
108,19.135
109,19.13
110,19.125
111,19.119
112,19.113
113,19.107
114,19.1
115,19.092
116,19.084
117,19.075
118,19.065
119,19.055
120,19.043
121,19.031
122,19.017
123,19.002
124,18.986
125,18.969
126,18.949
127,18.928
128,18.904
129,18.879
130,18.851
131,18.82
132,18.786
133,18.749
134,18.708
135,18.663
136,18.614
137,18.56
138,18.5
139,18.435
140,18.363
141,18.285
142,18.198
143,18.104
144,18.001
145,17.888
146,17.764
147,17.629
148,17.482
149,17.321
150,17.147
151,16.957
152,16.751
153,16.528
154,16.287
155,16.026
156,15.745
157,15.442
158,15.117
159,14.769
160,14.396
161,13.999
162,13.575
163,13.125
164,12.647
165,12.141
166,11.608
167,11.045
168,10.454
169,9.8334
170,9.1838
171,8.5051
172,7.7973
173,7.0608
174,6.2956
175,5.5023
176,4.6811
177,3.8326
178,2.9571
179,2.0554
180,1.1279
181,0.17521
182,-0.80199
183,-1.8031
184,-2.8274
185,-3.8744
186,-4.9433
187,-6.0334
188,-7.1442
189,-8.275
190,-9.4251
191,-10.594
192,-11.781
193,-12.985
194,-14.207
195,-15.445
196,-16.698
197,-17.967
198,-19.251
199,-20.549
200,-21.861
