0,13.849
1,13.847
2,13.845
3,13.843
4,13.841
5,13.839
6,13.838
7,13.836
8,13.834
9,13.832
10,13.83
11,13.828
12,13.827
13,13.825
14,13.823
15,13.821
16,13.819
17,13.817
18,13.816
19,13.814
20,13.812
21,13.81
22,13.808
23,13.806
24,13.805
25,13.803
26,13.801
27,13.799
28,13.797
29,13.796
30,13.794
31,13.792
32,13.79
33,13.788
34,13.786
35,13.785
36,13.783
37,13.781
38,13.779
39,13.777
40,13.775
41,13.774
42,13.772
43,13.77
44,13.768
45,13.766
46,13.764
47,13.763
48,13.761
49,13.759
50,13.757
51,13.755
52,13.753
53,13.752
54,13.75
55,13.748
56,13.746
57,13.744
58,13.742
59,13.741
60,13.739
61,13.737
62,13.735
63,13.733
64,13.731
65,13.73
66,13.728
67,13.726
68,13.724
69,13.722
70,13.72
71,13.718
72,13.717
73,13.715
74,13.713
75,13.711
76,13.709
77,13.707
78,13.705
79,13.704
80,13.702
81,13.7
82,13.698
83,13.696
84,13.694
85,13.692
86,13.69
87,13.688
88,13.687
89,13.685
90,13.683
91,13.681
92,13.679
93,13.677
94,13.675
95,13.673
96,13.671
97,13.669
98,13.666
99,13.664
100,13.662
101,13.66
102,13.658
103,13.655
104,13.653
105,13.651
106,13.648
107,13.646
108,13.643
109,13.64
110,13.638
111,13.635
112,13.632
113,13.629
114,13.625
115,13.622
116,13.618
117,13.614
118,13.61
119,13.606
120,13.601
121,13.597
122,13.591
123,13.586
124,13.58
125,13.573
126,13.567
127,13.559
128,13.551
129,13.542
130,13.532
131,13.522
132,13.511
133,13.498
134,13.485
135,13.47
136,13.454
137,13.436
138,13.416
139,13.395
140,13.371
141,13.345
142,13.317
143,13.285
144,13.251
145,13.212
146,13.171
147,13.124
148,13.074
149,13.018
150,12.956
151,12.889
152,12.814
153,12.732
154,12.642
155,12.544
156,12.436
157,12.317
158,12.187
159,12.045
160,11.89
161,11.721
162,11.537
163,11.337
164,11.119
165,10.883
166,10.627
167,10.351
168,10.053
169,9.732
170,9.3875
171,9.0184
172,8.6235
173,8.2022
174,7.7537
175,7.2772
176,6.7723
177,6.2383
178,5.6751
179,5.0822
180,4.4596
181,3.8071
182,3.1248
183,2.4129
184,1.6714
185,0.9008
186,0.10137
187,-0.72645
188,-1.5822
189,-2.4652
190,-3.3751
191,-4.3111
192,-5.2727
193,-6.2591
194,-7.2698
195,-8.304
196,-9.3609
197,-10.44
198,-11.541
199,-12.662
200,-13.804
