0,23.134
1,23.132
2,23.13
3,23.128
4,23.127
5,23.125
6,23.123
7,23.121
8,23.119
9,23.117
10,23.116
11,23.114
12,23.112
13,23.11
14,23.108
15,23.106
16,23.105
17,23.103
18,23.101
19,23.099
20,23.097
21,23.095
22,23.094
23,23.092
24,23.09
25,23.088
26,23.086
27,23.084
28,23.083
29,23.081
30,23.079
31,23.077
32,23.075
33,23.073
34,23.072
35,23.07
36,23.068
37,23.066
38,23.064
39,23.062
40,23.061
41,23.059
42,23.057
43,23.055
44,23.053
45,23.051
46,23.05
47,23.048
48,23.046
49,23.044
50,23.042
51,23.04
52,23.038
53,23.037
54,23.035
55,23.033
56,23.031
57,23.029
58,23.027
59,23.025
60,23.024
61,23.022
62,23.02
63,23.018
64,23.016
65,23.014
66,23.012
67,23.01
68,23.008
69,23.006
70,23.004
71,23.002
72,23
73,22.998
74,22.996
75,22.994
76,22.992
77,22.99
78,22.988
79,22.986
80,22.984
81,22.982
82,22.979
83,22.977
84,22.975
85,22.972
86,22.97
87,22.967
88,22.965
89,22.962
90,22.959
91,22.956
92,22.953
93,22.95
94,22.947
95,22.943
96,22.94
97,22.936
98,22.932
99,22.928
100,22.923
101,22.918
102,22.913
103,22.908
104,22.902
105,22.896
106,22.889
107,22.882
108,22.874
109,22.866
110,22.857
111,22.847
112,22.836
113,22.824
114,22.812
115,22.798
116,22.783
117,22.766
118,22.748
119,22.729
120,22.707
121,22.684
122,22.658
123,22.629
124,22.598
125,22.564
126,22.527
127,22.486
128,22.441
129,22.392
130,22.337
131,22.278
132,22.213
133,22.142
134,22.063
135,21.978
136,21.884
137,21.782
138,21.67
139,21.548
140,21.414
141,21.269
142,21.111
143,20.939
144,20.752
145,20.549
146,20.33
147,20.093
148,19.837
149,19.561
150,19.264
151,18.945
152,18.604
153,18.239
154,17.849
155,17.434
156,16.993
157,16.525
158,16.03
159,15.507
160,14.956
161,14.377
162,13.768
163,13.132
164,12.466
165,11.772
166,11.049
167,10.297
168,9.5181
169,8.7112
170,7.877
171,7.016
172,6.1288
173,5.2158
174,4.2776
175,3.3149
176,2.3282
177,1.3181
178,0.28537
179,-0.76944
180,-1.8457
181,-2.9427
182,-4.0599
183,-5.1966
184,-6.3522
185,-7.5261
186,-8.7178
187,-9.9266
188,-11.152
189,-12.393
190,-13.65
191,-14.922
192,-16.209
193,-17.509
194,-18.823
195,-20.15
196,-21.49
197,-22.842
198,-24.206
199,-25.582
200,-26.968
