0,17.172
1,17.17
2,17.169
3,17.167
4,17.165
5,17.163
6,17.161
7,17.159
8,17.158
9,17.156
10,17.154
11,17.152
12,17.15
13,17.148
14,17.147
15,17.145
16,17.143
17,17.141
18,17.139
19,17.137
20,17.136
21,17.134
22,17.132
23,17.13
24,17.128
25,17.126
26,17.125
27,17.123
28,17.121
29,17.119
30,17.117
31,17.116
32,17.114
33,17.112
34,17.11
35,17.108
36,17.106
37,17.105
38,17.103
39,17.101
40,17.099
41,17.097
42,17.095
43,17.094
44,17.092
45,17.09
46,17.088
47,17.086
48,17.084
49,17.083
50,17.081
51,17.079
52,17.077
53,17.075
54,17.073
55,17.072
56,17.07
57,17.068
58,17.066
59,17.064
60,17.062
61,17.061
62,17.059
63,17.057
64,17.055
65,17.053
66,17.051
67,17.049
68,17.048
69,17.046
70,17.044
71,17.042
72,17.04
73,17.038
74,17.037
75,17.035
76,17.033
77,17.031
78,17.029
79,17.027
80,17.025
81,17.023
82,17.022
83,17.02
84,17.018
85,17.016
86,17.014
87,17.012
88,17.01
89,17.008
90,17.006
91,17.004
92,17.002
93,17
94,16.998
95,16.996
96,16.994
97,16.992
98,16.99
99,16.987
100,16.985
101,16.983
102,16.981
103,16.978
104,16.976
105,16.973
106,16.971
107,16.968
108,16.965
109,16.962
110,16.959
111,16.956
112,16.953
113,16.95
114,16.946
115,16.942
116,16.938
117,16.934
118,16.93
119,16.925
120,16.92
121,16.914
122,16.908
123,16.902
124,16.895
125,16.888
126,16.88
127,16.871
128,16.862
129,16.852
130,16.841
131,16.829
132,16.815
133,16.801
134,16.785
135,16.768
136,16.749
137,16.728
138,16.705
139,16.679
140,16.651
141,16.621
142,16.587
143,16.55
144,16.509
145,16.464
146,16.415
147,16.36
148,16.3
149,16.234
150,16.162
151,16.082
152,15.994
153,15.898
154,15.793
155,15.677
156,15.55
157,15.412
158,15.261
159,15.095
160,14.915
161,14.719
162,14.506
163,14.275
164,14.025
165,13.754
166,13.462
167,13.148
168,12.81
169,12.447
170,12.06
171,11.645
172,11.204
173,10.735
174,10.238
175,9.7122
176,9.1569
177,8.5721
178,7.9575
179,7.3131
180,6.6388
181,5.9349
182,5.2014
183,4.4386
184,3.6469
185,2.8267
186,1.9785
187,1.1027
188,0.20004
189,-0.72898
190,-1.6837
191,-2.6635
192,-3.6677
193,-4.6956
194,-5.7465
195,-6.8197
196,-7.9146
197,-9.0304
198,-10.167
199,-11.322
200,-12.497
