0,27.726
1,27.725
2,27.723
3,27.721
4,27.719
5,27.717
6,27.715
7,27.714
8,27.712
9,27.71
10,27.708
11,27.706
12,27.704
13,27.703
14,27.701
15,27.699
16,27.697
17,27.695
18,27.693
19,27.692
20,27.69
21,27.688
22,27.686
23,27.684
24,27.682
25,27.681
26,27.679
27,27.677
28,27.675
29,27.673
30,27.671
31,27.67
32,27.668
33,27.666
34,27.664
35,27.662
36,27.66
37,27.658
38,27.657
39,27.655
40,27.653
41,27.651
42,27.649
43,27.647
44,27.645
45,27.643
46,27.641
47,27.64
48,27.638
49,27.636
50,27.634
51,27.632
52,27.63
53,27.628
54,27.626
55,27.624
56,27.622
57,27.62
58,27.618
59,27.616
60,27.613
61,27.611
62,27.609
63,27.607
64,27.605
65,27.602
66,27.6
67,27.598
68,27.595
69,27.593
70,27.59
71,27.587
72,27.585
73,27.582
74,27.579
75,27.576
76,27.572
77,27.569
78,27.566
79,27.562
80,27.558
81,27.554
82,27.55
83,27.545
84,27.54
85,27.535
86,27.529
87,27.524
88,27.517
89,27.511
90,27.503
91,27.496
92,27.487
93,27.478
94,27.468
95,27.458
96,27.446
97,27.434
98,27.42
99,27.405
100,27.389
101,27.372
102,27.353
103,27.332
104,27.309
105,27.284
106,27.257
107,27.228
108,27.195
109,27.16
110,27.121
111,27.079
112,27.033
113,26.982
114,26.927
115,26.866
116,26.8
117,26.728
118,26.649
119,26.563
120,26.469
121,26.366
122,26.255
123,26.133
124,26.001
125,25.858
126,25.702
127,25.533
128,25.35
129,25.152
130,24.938
131,24.707
132,24.458
133,24.191
134,23.904
135,23.596
136,23.267
137,22.915
138,22.54
139,22.141
140,21.717
141,21.268
142,20.793
143,20.291
144,19.763
145,19.207
146,18.624
147,18.013
148,17.375
149,16.708
150,16.014
151,15.293
152,14.544
153,13.768
154,12.965
155,12.136
156,11.28
157,10.4
158,9.4942
159,8.5641
160,7.61
161,6.6327
162,5.6325
163,4.6101
164,3.5662
165,2.5013
166,1.4159
167,0.31077
168,-0.8136
169,-1.9566
170,-3.1177
171,-4.2963
172,-5.4919
173,-6.704
174,-7.9319
175,-9.1753
176,-10.434
177,-11.706
178,-12.993
179,-14.293
180,-15.607
181,-16.933
182,-18.271
183,-19.621
184,-20.983
185,-22.356
186,-23.739
187,-25.134
188,-26.538
189,-27.952
190,-29.376
191,-30.808
192,-32.25
193,-33.701
194,-35.16
195,-36.627
196,-38.102
197,-39.585
198,-41.075
199,-42.572
200,-44.077
