0,25.057
1,25.055
2,25.053
3,25.051
4,25.049
5,25.048
6,25.046
7,25.044
8,25.042
9,25.04
10,25.039
11,25.037
12,25.035
13,25.033
14,25.031
15,25.029
16,25.028
17,25.026
18,25.024
19,25.022
20,25.02
21,25.018
22,25.017
23,25.015
24,25.013
25,25.011
26,25.009
27,25.007
28,25.006
29,25.004
30,25.002
31,25
32,24.998
33,24.996
34,24.995
35,24.993
36,24.991
37,24.989
38,24.987
39,24.985
40,24.984
41,24.982
42,24.98
43,24.978
44,24.976
45,24.974
46,24.973
47,24.971
48,24.969
49,24.967
50,24.965
51,24.963
52,24.961
53,24.96
54,24.958
55,24.956
56,24.954
57,24.952
58,24.95
59,24.949
60,24.947
61,24.945
62,24.943
63,24.941
64,24.939
65,24.937
66,24.935
67,24.934
68,24.932
69,24.93
70,24.928
71,24.926
72,24.924
73,24.922
74,24.92
75,24.918
76,24.916
77,24.914
78,24.912
79,24.91
80,24.908
81,24.906
82,24.904
83,24.902
84,24.9
85,24.897
86,24.895
87,24.893
88,24.891
89,24.888
90,24.886
91,24.883
92,24.881
93,24.878
94,24.875
95,24.872
96,24.87
97,24.866
98,24.863
99,24.86
100,24.856
101,24.853
102,24.849
103,24.845
104,24.84
105,24.836
106,24.831
107,24.825
108,24.82
109,24.814
110,24.807
111,24.8
112,24.793
113,24.784
114,24.775
115,24.766
116,24.755
117,24.744
118,24.732
119,24.718
120,24.703
121,24.687
122,24.669
123,24.65
124,24.629
125,24.605
126,24.58
127,24.552
128,24.521
129,24.487
130,24.45
131,24.41
132,24.365
133,24.316
134,24.262
135,24.202
136,24.137
137,24.066
138,23.988
139,23.902
140,23.808
141,23.705
142,23.592
143,23.469
144,23.334
145,23.188
146,23.028
147,22.854
148,22.664
149,22.459
150,22.237
151,21.996
152,21.736
153,21.455
154,21.154
155,20.83
156,20.482
157,20.11
158,19.714
159,19.291
160,18.841
161,18.365
162,17.86
163,17.327
164,16.766
165,16.176
166,15.556
167,14.908
168,14.23
169,13.523
170,12.788
171,12.024
172,11.231
173,10.411
174,9.5637
175,8.6892
176,7.7884
177,6.8618
178,5.91
179,4.9337
180,3.9334
181,2.9099
182,1.8638
183,0.79567
184,-0.29373
185,-1.4038
186,-2.5339
187,-3.6833
188,-4.8515
189,-6.0378
190,-7.2417
191,-8.4626
192,-9.6998
193,-10.953
194,-12.221
195,-13.505
196,-14.802
197,-16.114
198,-17.438
199,-18.776
200,-20.126
