0,20.544
1,20.542
2,20.54
3,20.539
4,20.537
5,20.535
6,20.533
7,20.531
8,20.529
9,20.528
10,20.526
11,20.524
12,20.522
13,20.52
14,20.518
15,20.517
16,20.515
17,20.513
18,20.511
19,20.509
20,20.507
21,20.506
22,20.504
23,20.502
24,20.5
25,20.498
26,20.496
27,20.495
28,20.493
29,20.491
30,20.489
31,20.487
32,20.485
33,20.484
34,20.482
35,20.48
36,20.478
37,20.476
38,20.475
39,20.473
40,20.471
41,20.469
42,20.467
43,20.465
44,20.464
45,20.462
46,20.46
47,20.458
48,20.456
49,20.454
50,20.453
51,20.451
52,20.449
53,20.447
54,20.445
55,20.443
56,20.442
57,20.44
58,20.438
59,20.436
60,20.434
61,20.432
62,20.431
63,20.429
64,20.427
65,20.425
66,20.423
67,20.421
68,20.42
69,20.418
70,20.416
71,20.414
72,20.412
73,20.41
74,20.408
75,20.407
76,20.405
77,20.403
78,20.401
79,20.399
80,20.397
81,20.396
82,20.394
83,20.392
84,20.39
85,20.388
86,20.386
87,20.384
88,20.382
89,20.381
90,20.379
91,20.377
92,20.375
93,20.373
94,20.371
95,20.369
96,20.367
97,20.365
98,20.363
99,20.361
100,20.359
101,20.357
102,20.355
103,20.353
104,20.351
105,20.349
106,20.346
107,20.344
108,20.342
109,20.339
110,20.337
111,20.335
112,20.332
113,20.329
114,20.327
115,20.324
116,20.321
117,20.318
118,20.315
119,20.311
120,20.308
121,20.304
122,20.3
123,20.296
124,20.292
125,20.287
126,20.282
127,20.277
128,20.271
129,20.265
130,20.258
131,20.251
132,20.243
133,20.235
134,20.226
135,20.216
136,20.205
137,20.193
138,20.179
139,20.165
140,20.149
141,20.132
142,20.113
143,20.092
144,20.069
145,20.043
146,20.015
147,19.984
148,19.95
149,19.912
150,19.871
151,19.825
152,19.775
153,19.719
154,19.658
155,19.59
156,19.515
157,19.433
158,19.343
159,19.244
160,19.134
161,19.014
162,18.883
163,18.739
164,18.581
165,18.409
166,18.221
167,18.017
168,17.794
169,17.552
170,17.29
171,17.007
172,16.701
173,16.372
174,16.018
175,15.638
176,15.232
177,14.798
178,14.336
179,13.846
180,13.326
181,12.776
182,12.196
183,11.586
184,10.946
185,10.275
186,9.5732
187,8.8416
188,8.0802
189,7.2892
190,6.4691
191,5.6204
192,4.7437
193,3.8394
194,2.9084
195,1.9511
196,0.96834
197,-0.03922
198,-1.0709
199,-2.1259
200,-3.2036
