0,15.759
1,15.757
2,15.755
3,15.753
4,15.752
5,15.75
6,15.748
7,15.746
8,15.744
9,15.742
10,15.741
11,15.739
12,15.737
13,15.735
14,15.733
15,15.731
16,15.73
17,15.728
18,15.726
19,15.724
20,15.722
21,15.72
22,15.719
23,15.717
24,15.715
25,15.713
26,15.711
27,15.709
28,15.708
29,15.706
30,15.704
31,15.702
32,15.7
33,15.698
34,15.697
35,15.695
36,15.693
37,15.691
38,15.689
39,15.687
40,15.686
41,15.684
42,15.682
43,15.68
44,15.678
45,15.676
46,15.675
47,15.673
48,15.671
49,15.669
50,15.667
51,15.665
52,15.664
53,15.662
54,15.66
55,15.658
56,15.656
57,15.654
58,15.653
59,15.651
60,15.649
61,15.647
62,15.645
63,15.643
64,15.642
65,15.64
66,15.638
67,15.636
68,15.634
69,15.632
70,15.63
71,15.629
72,15.627
73,15.625
74,15.623
75,15.621
76,15.619
77,15.617
78,15.615
79,15.613
80,15.612
81,15.61
82,15.608
83,15.606
84,15.604
85,15.602
86,15.6
87,15.598
88,15.596
89,15.594
90,15.592
91,15.59
92,15.587
93,15.585
94,15.583
95,15.581
96,15.579
97,15.576
98,15.574
99,15.572
100,15.569
101,15.566
102,15.564
103,15.561
104,15.558
105,15.555
106,15.552
107,15.549
108,15.546
109,15.542
110,15.538
111,15.534
112,15.53
113,15.526
114,15.521
115,15.516
116,15.511
117,15.505
118,15.499
119,15.492
120,15.485
121,15.478
122,15.469
123,15.46
124,15.451
125,15.44
126,15.428
127,15.416
128,15.402
129,15.387
130,15.37
131,15.352
132,15.332
133,15.31
134,15.286
135,15.26
136,15.231
137,15.199
138,15.165
139,15.126
140,15.084
141,15.038
142,14.987
143,14.931
144,14.869
145,14.802
146,14.728
147,14.646
148,14.557
149,14.459
150,14.351
151,14.234
152,14.105
153,13.965
154,13.811
155,13.644
156,13.463
157,13.265
158,13.05
159,12.818
160,12.566
161,12.295
162,12.002
163,11.687
164,11.349
165,10.987
166,10.6
167,10.187
168,9.7469
169,9.2797
170,8.7847
171,8.2612
172,7.7089
173,7.1275
174,6.5167
175,5.8765
176,5.2069
177,4.5079
178,3.7798
179,3.0227
180,2.237
181,1.4231
182,0.58146
183,-0.28749
184,-1.1832
185,-2.105
186,-3.0524
187,-4.0246
188,-5.0212
189,-6.0413
190,-7.0844
191,-8.1498
192,-9.2367
193,-10.345
194,-11.473
195,-12.621
196,-13.787
197,-14.973
198,-16.175
199,-17.396
200,-18.632
