0,13.614
1,13.612
2,13.61
3,13.609
4,13.607
5,13.605
6,13.603
7,13.601
8,13.599
9,13.598
10,13.596
11,13.594
12,13.592
13,13.59
14,13.588
15,13.587
16,13.585
17,13.583
18,13.581
19,13.579
20,13.577
21,13.576
22,13.574
23,13.572
24,13.57
25,13.568
26,13.567
27,13.565
28,13.563
29,13.561
30,13.559
31,13.557
32,13.556
33,13.554
34,13.552
35,13.55
36,13.548
37,13.546
38,13.545
39,13.543
40,13.541
41,13.539
42,13.537
43,13.535
44,13.534
45,13.532
46,13.53
47,13.528
48,13.526
49,13.524
50,13.523
51,13.521
52,13.519
53,13.517
54,13.515
55,13.513
56,13.511
57,13.51
58,13.508
59,13.506
60,13.504
61,13.502
62,13.5
63,13.499
64,13.497
65,13.495
66,13.493
67,13.491
68,13.489
69,13.487
70,13.486
71,13.484
72,13.482
73,13.48
74,13.478
75,13.476
76,13.474
77,13.472
78,13.47
79,13.469
80,13.467
81,13.465
82,13.463
83,13.461
84,13.459
85,13.457
86,13.455
87,13.453
88,13.451
89,13.449
90,13.446
91,13.444
92,13.442
93,13.44
94,13.438
95,13.435
96,13.433
97,13.431
98,13.428
99,13.426
100,13.423
101,13.42
102,13.417
103,13.414
104,13.411
105,13.408
106,13.405
107,13.401
108,13.398
109,13.394
110,13.39
111,13.386
112,13.381
113,13.376
114,13.371
115,13.366
116,13.36
117,13.353
118,13.346
119,13.339
120,13.331
121,13.322
122,13.313
123,13.303
124,13.291
125,13.279
126,13.266
127,13.252
128,13.236
129,13.218
130,13.2
131,13.179
132,13.156
133,13.131
134,13.104
135,13.074
136,13.041
137,13.004
138,12.964
139,12.921
140,12.872
141,12.82
142,12.761
143,12.698
144,12.628
145,12.551
146,12.466
147,12.374
148,12.273
149,12.162
150,12.041
151,11.908
152,11.764
153,11.606
154,11.435
155,11.248
156,11.045
157,10.826
158,10.588
159,10.331
160,10.054
161,9.7552
162,9.4344
163,9.0903
164,8.722
165,8.3286
166,7.9093
167,7.4633
168,6.9901
169,6.489
170,5.9596
171,5.4015
172,4.8144
173,4.1981
174,3.5526
175,2.8779
176,2.174
177,1.4412
178,0.67968
179,-0.11019
180,-0.92802
181,-1.7734
182,-2.6458
183,-3.5446
184,-4.4694
185,-5.4195
186,-6.3942
187,-7.393
188,-8.4152
189,-9.4602
190,-10.527
191,-11.616
192,-12.725
193,-13.854
194,-15.003
195,-16.17
196,-17.356
197,-18.559
198,-19.78
199,-21.017
200,-22.27
