0,11.992
1,11.99
2,11.988
3,11.986
4,11.984
5,11.982
6,11.981
7,11.979
8,11.977
9,11.975
10,11.973
11,11.971
12,11.97
13,11.968
14,11.966
15,11.964
16,11.962
17,11.96
18,11.959
19,11.957
20,11.955
21,11.953
22,11.951
23,11.949
24,11.948
25,11.946
26,11.944
27,11.942
28,11.94
29,11.938
30,11.937
31,11.935
32,11.933
33,11.931
34,11.929
35,11.927
36,11.926
37,11.924
38,11.922
39,11.92
40,11.918
41,11.916
42,11.915
43,11.913
44,11.911
45,11.909
46,11.907
47,11.905
48,11.904
49,11.902
50,11.9
51,11.898
52,11.896
53,11.895
54,11.893
55,11.891
56,11.889
57,11.887
58,11.885
59,11.884
60,11.882
61,11.88
62,11.878
63,11.876
64,11.874
65,11.873
66,11.871
67,11.869
68,11.867
69,11.865
70,11.863
71,11.861
72,11.86
73,11.858
74,11.856
75,11.854
76,11.852
77,11.85
78,11.849
79,11.847
80,11.845
81,11.843
82,11.841
83,11.839
84,11.837
85,11.836
86,11.834
87,11.832
88,11.83
89,11.828
90,11.826
91,11.824
92,11.822
93,11.821
94,11.819
95,11.817
96,11.815
97,11.813
98,11.811
99,11.809
100,11.807
101,11.805
102,11.803
103,11.801
104,11.799
105,11.797
106,11.794
107,11.792
108,11.79
109,11.788
110,11.785
111,11.783
112,11.781
113,11.778
114,11.776
115,11.773
116,11.77
117,11.767
118,11.764
119,11.761
120,11.758
121,11.755
122,11.751
123,11.747
124,11.743
125,11.739
126,11.735
127,11.73
128,11.725
129,11.72
130,11.714
131,11.707
132,11.701
133,11.693
134,11.685
135,11.677
136,11.667
137,11.657
138,11.646
139,11.634
140,11.621
141,11.606
142,11.59
143,11.572
144,11.553
145,11.532
146,11.508
147,11.483
148,11.454
149,11.423
150,11.389
151,11.351
152,11.309
153,11.263
154,11.212
155,11.156
156,11.094
157,11.026
158,10.952
159,10.869
160,10.779
161,10.679
162,10.57
163,10.45
164,10.319
165,10.175
166,10.017
167,9.8457
168,9.6583
169,9.4543
170,9.2326
171,8.9919
172,8.7312
173,8.4493
174,8.1452
175,7.8177
176,7.4659
177,7.0886
178,6.6851
179,6.2545
180,5.796
181,5.309
182,4.7929
183,4.2473
184,3.6718
185,3.0662
186,2.4304
187,1.7644
188,1.0682
189,0.34195
190,-0.41401
191,-1.1994
192,-2.0137
193,-2.8566
194,-3.7275
195,-4.6257
196,-5.5508
197,-6.5021
198,-7.4788
199,-8.4803
200,-9.5059
