0,18.365
1,18.363
2,18.361
3,18.36
4,18.358
5,18.356
6,18.354
7,18.352
8,18.35
9,18.349
10,18.347
11,18.345
12,18.343
13,18.341
14,18.339
15,18.338
16,18.336
17,18.334
18,18.332
19,18.33
20,18.328
21,18.327
22,18.325
23,18.323
24,18.321
25,18.319
26,18.318
27,18.316
28,18.314
29,18.312
30,18.31
31,18.308
32,18.307
33,18.305
34,18.303
35,18.301
36,18.299
37,18.297
38,18.296
39,18.294
40,18.292
41,18.29
42,18.288
43,18.286
44,18.285
45,18.283
46,18.281
47,18.279
48,18.277
49,18.275
50,18.273
51,18.272
52,18.27
53,18.268
54,18.266
55,18.264
56,18.262
57,18.261
58,18.259
59,18.257
60,18.255
61,18.253
62,18.251
63,18.249
64,18.248
65,18.246
66,18.244
67,18.242
68,18.24
69,18.238
70,18.236
71,18.234
72,18.232
73,18.23
74,18.228
75,18.227
76,18.225
77,18.223
78,18.221
79,18.219
80,18.217
81,18.214
82,18.212
83,18.21
84,18.208
85,18.206
86,18.204
87,18.202
88,18.199
89,18.197
90,18.194
91,18.192
92,18.19
93,18.187
94,18.184
95,18.181
96,18.179
97,18.176
98,18.172
99,18.169
100,18.166
101,18.162
102,18.159
103,18.155
104,18.15
105,18.146
106,18.141
107,18.136
108,18.131
109,18.125
110,18.119
111,18.112
112,18.105
113,18.098
114,18.089
115,18.08
116,18.07
117,18.06
118,18.048
119,18.036
120,18.022
121,18.007
122,17.991
123,17.973
124,17.953
125,17.932
126,17.908
127,17.883
128,17.855
129,17.824
130,17.79
131,17.752
132,17.711
133,17.666
134,17.617
135,17.563
136,17.504
137,17.438
138,17.367
139,17.288
140,17.203
141,17.109
142,17.006
143,16.893
144,16.77
145,16.636
146,16.49
147,16.331
148,16.157
149,15.969
150,15.765
151,15.544
152,15.304
153,15.046
154,14.768
155,14.468
156,14.146
157,13.802
158,13.433
159,13.039
160,12.62
161,12.174
162,11.701
163,11.201
164,10.673
165,10.116
166,9.5308
167,8.9166
168,8.2734
169,7.6013
170,6.9003
171,6.1706
172,5.4125
173,4.6262
174,3.8123
175,2.9709
176,2.1028
177,1.2084
178,0.28815
179,-0.65722
180,-1.6272
181,-2.621
182,-3.6382
183,-4.678
184,-5.7398
185,-6.823
186,-7.9268
187,-9.0508
188,-10.194
189,-11.356
190,-12.537
191,-13.735
192,-14.95
193,-16.182
194,-17.429
195,-18.692
196,-19.97
197,-21.262
198,-22.568
199,-23.888
200,-25.221
