0,21.727
1,21.725
2,21.723
3,21.722
4,21.72
5,21.718
6,21.716
7,21.714
8,21.713
9,21.711
10,21.709
11,21.707
12,21.705
13,21.703
14,21.702
15,21.7
16,21.698
17,21.696
18,21.694
19,21.692
20,21.691
21,21.689
22,21.687
23,21.685
24,21.683
25,21.681
26,21.68
27,21.678
28,21.676
29,21.674
30,21.672
31,21.67
32,21.669
33,21.667
34,21.665
35,21.663
36,21.661
37,21.659
38,21.657
39,21.656
40,21.654
41,21.652
42,21.65
43,21.648
44,21.646
45,21.645
46,21.643
47,21.641
48,21.639
49,21.637
50,21.635
51,21.633
52,21.632
53,21.63
54,21.628
55,21.626
56,21.624
57,21.622
58,21.62
59,21.618
60,21.616
61,21.615
62,21.613
63,21.611
64,21.609
65,21.607
66,21.605
67,21.603
68,21.601
69,21.599
70,21.597
71,21.595
72,21.593
73,21.59
74,21.588
75,21.586
76,21.584
77,21.582
78,21.579
79,21.577
80,21.575
81,21.572
82,21.57
83,21.567
84,21.564
85,21.562
86,21.559
87,21.556
88,21.553
89,21.549
90,21.546
91,21.542
92,21.539
93,21.535
94,21.53
95,21.526
96,21.521
97,21.516
98,21.511
99,21.505
100,21.499
101,21.493
102,21.486
103,21.478
104,21.47
105,21.461
106,21.452
107,21.442
108,21.43
109,21.418
110,21.405
111,21.391
112,21.375
113,21.358
114,21.339
115,21.318
116,21.296
117,21.272
118,21.245
119,21.215
120,21.183
121,21.148
122,21.109
123,21.067
124,21.021
125,20.97
126,20.914
127,20.853
128,20.786
129,20.713
130,20.633
131,20.546
132,20.45
133,20.346
134,20.232
135,20.108
136,19.973
137,19.825
138,19.665
139,19.491
140,19.303
141,19.098
142,18.877
143,18.639
144,18.381
145,18.104
146,17.807
147,17.487
148,17.146
149,16.78
150,16.391
151,15.977
152,15.536
153,15.07
154,14.576
155,14.056
156,13.507
157,12.93
158,12.325
159,11.692
160,11.03
161,10.34
162,9.6222
163,8.876
164,8.1021
165,7.3007
166,6.4724
167,5.6175
168,4.7366
169,3.8301
170,2.8986
171,1.9427
172,0.96299
173,-0.039969
174,-1.0655
175,-2.1131
176,-3.182
177,-4.2716
178,-5.3814
179,-6.5107
180,-7.6589
181,-8.8254
182,-10.01
183,-11.211
184,-12.429
185,-13.663
186,-14.913
187,-16.178
188,-17.457
189,-18.75
190,-20.057
191,-21.377
192,-22.71
193,-24.055
194,-25.412
195,-26.781
196,-28.161
197,-29.552
198,-30.953
199,-32.364
200,-33.785
