0,27.391
1,27.389
2,27.387
3,27.385
4,27.384
5,27.382
6,27.38
7,27.378
8,27.376
9,27.374
10,27.373
11,27.371
12,27.369
13,27.367
14,27.365
15,27.363
16,27.362
17,27.36
18,27.358
19,27.356
20,27.354
21,27.352
22,27.351
23,27.349
24,27.347
25,27.345
26,27.343
27,27.341
28,27.34
29,27.338
30,27.336
31,27.334
32,27.332
33,27.33
34,27.329
35,27.327
36,27.325
37,27.323
38,27.321
39,27.319
40,27.317
41,27.316
42,27.314
43,27.312
44,27.31
45,27.308
46,27.306
47,27.305
48,27.303
49,27.301
50,27.299
51,27.297
52,27.295
53,27.293
54,27.292
55,27.29
56,27.288
57,27.286
58,27.284
59,27.282
60,27.28
61,27.278
62,27.276
63,27.274
64,27.272
65,27.27
66,27.268
67,27.267
68,27.264
69,27.262
70,27.26
71,27.258
72,27.256
73,27.254
74,27.252
75,27.25
76,27.248
77,27.245
78,27.243
79,27.241
80,27.238
81,27.236
82,27.233
83,27.231
84,27.228
85,27.225
86,27.222
87,27.219
88,27.216
89,27.213
90,27.209
91,27.206
92,27.202
93,27.198
94,27.194
95,27.189
96,27.185
97,27.179
98,27.174
99,27.168
100,27.162
101,27.155
102,27.148
103,27.141
104,27.132
105,27.123
106,27.114
107,27.103
108,27.092
109,27.079
110,27.065
111,27.051
112,27.034
113,27.017
114,26.997
115,26.976
116,26.953
117,26.928
118,26.9
119,26.869
120,26.836
121,26.8
122,26.759
123,26.716
124,26.667
125,26.615
126,26.557
127,26.493
128,26.424
129,26.348
130,26.264
131,26.173
132,26.073
133,25.965
134,25.846
135,25.716
136,25.575
137,25.421
138,25.254
139,25.073
140,24.876
141,24.663
142,24.432
143,24.184
144,23.916
145,23.627
146,23.318
147,22.986
148,22.63
149,22.251
150,21.847
151,21.417
152,20.961
153,20.479
154,19.968
155,19.43
156,18.864
157,18.269
158,17.646
159,16.995
160,16.314
161,15.606
162,14.869
163,14.104
164,13.311
165,12.491
166,11.644
167,10.771
168,9.8721
169,8.9477
170,7.9986
171,7.0253
172,6.0285
173,5.0088
174,3.9667
175,2.9031
176,1.8184
177,0.71327
178,-0.41162
179,-1.5557
180,-2.7183
181,-3.8989
182,-5.0968
183,-6.3117
184,-7.5428
185,-8.7896
186,-10.052
187,-11.329
188,-12.62
189,-13.924
190,-15.243
191,-16.574
192,-17.917
193,-19.273
194,-20.64
195,-22.019
196,-23.408
197,-24.808
198,-26.219
199,-27.639
200,-29.069
