0,23.248
1,23.246
2,23.244
3,23.242
4,23.24
5,23.239
6,23.237
7,23.235
8,23.233
9,23.231
10,23.229
11,23.228
12,23.226
13,23.224
14,23.222
15,23.22
16,23.218
17,23.217
18,23.215
19,23.213
20,23.211
21,23.209
22,23.207
23,23.206
24,23.204
25,23.202
26,23.2
27,23.198
28,23.196
29,23.195
30,23.193
31,23.191
32,23.189
33,23.187
34,23.185
35,23.183
36,23.182
37,23.18
38,23.178
39,23.176
40,23.174
41,23.172
42,23.171
43,23.169
44,23.167
45,23.165
46,23.163
47,23.161
48,23.159
49,23.157
50,23.156
51,23.154
52,23.152
53,23.15
54,23.148
55,23.146
56,23.144
57,23.142
58,23.14
59,23.138
60,23.136
61,23.134
62,23.132
63,23.13
64,23.128
65,23.126
66,23.124
67,23.122
68,23.12
69,23.117
70,23.115
71,23.113
72,23.111
73,23.108
74,23.106
75,23.103
76,23.101
77,23.098
78,23.095
79,23.093
80,23.09
81,23.087
82,23.083
83,23.08
84,23.077
85,23.073
86,23.069
87,23.065
88,23.061
89,23.057
90,23.052
91,23.047
92,23.041
93,23.036
94,23.03
95,23.023
96,23.016
97,23.008
98,23
99,22.991
100,22.982
101,22.971
102,22.96
103,22.948
104,22.935
105,22.92
106,22.904
107,22.887
108,22.869
109,22.848
110,22.826
111,22.801
112,22.775
113,22.746
114,22.714
115,22.679
116,22.641
117,22.599
118,22.553
119,22.503
120,22.448
121,22.388
122,22.323
123,22.251
124,22.173
125,22.087
126,21.994
127,21.891
128,21.78
129,21.659
130,21.527
131,21.384
132,21.228
133,21.058
134,20.875
135,20.677
136,20.462
137,20.23
138,19.981
139,19.712
140,19.423
141,19.113
142,18.782
143,18.428
144,18.05
145,17.648
146,17.221
147,16.768
148,16.289
149,15.783
150,15.249
151,14.689
152,14.1
153,13.484
154,12.839
155,12.167
156,11.466
157,10.738
158,9.9821
159,9.199
160,8.389
161,7.5525
162,6.6899
163,5.8017
164,4.8884
165,3.9506
166,2.9889
167,2.0038
168,0.99582
169,-0.034292
170,-1.086
171,-2.1587
172,-3.2517
173,-4.3645
174,-5.4965
175,-6.6471
176,-7.8157
177,-9.0017
178,-10.205
179,-11.424
180,-12.659
181,-13.909
182,-15.175
183,-16.454
184,-17.748
185,-19.055
186,-20.375
187,-21.708
188,-23.052
189,-24.409
190,-25.777
191,-27.156
192,-28.546
193,-29.946
194,-31.356
195,-32.776
196,-34.205
197,-35.644
198,-37.091
199,-38.547
200,-40.011
