0,22.985
1,22.983
2,22.981
3,22.979
4,22.977
5,22.975
6,22.974
7,22.972
8,22.97
9,22.968
10,22.966
11,22.964
12,22.963
13,22.961
14,22.959
15,22.957
16,22.955
17,22.953
18,22.952
19,22.95
20,22.948
21,22.946
22,22.944
23,22.942
24,22.941
25,22.939
26,22.937
27,22.935
28,22.933
29,22.931
30,22.93
31,22.928
32,22.926
33,22.924
34,22.922
35,22.92
36,22.919
37,22.917
38,22.915
39,22.913
40,22.911
41,22.909
42,22.908
43,22.906
44,22.904
45,22.902
46,22.9
47,22.898
48,22.897
49,22.895
50,22.893
51,22.891
52,22.889
53,22.887
54,22.886
55,22.884
56,22.882
57,22.88
58,22.878
59,22.876
60,22.875
61,22.873
62,22.871
63,22.869
64,22.867
65,22.865
66,22.863
67,22.862
68,22.86
69,22.858
70,22.856
71,22.854
72,22.852
73,22.85
74,22.849
75,22.847
76,22.845
77,22.843
78,22.841
79,22.839
80,22.837
81,22.835
82,22.833
83,22.831
84,22.829
85,22.827
86,22.825
87,22.823
88,22.821
89,22.819
90,22.817
91,22.815
92,22.812
93,22.81
94,22.808
95,22.805
96,22.803
97,22.801
98,22.798
99,22.795
100,22.793
101,22.79
102,22.787
103,22.784
104,22.781
105,22.778
106,22.774
107,22.771
108,22.767
109,22.763
110,22.759
111,22.754
112,22.749
113,22.744
114,22.739
115,22.733
116,22.727
117,22.72
118,22.712
119,22.704
120,22.696
121,22.686
122,22.676
123,22.665
124,22.653
125,22.64
126,22.626
127,22.61
128,22.593
129,22.574
130,22.553
131,22.53
132,22.505
133,22.478
134,22.447
135,22.414
136,22.378
137,22.338
138,22.293
139,22.245
140,22.191
141,22.133
142,22.068
143,21.997
144,21.919
145,21.834
146,21.74
147,21.637
148,21.524
149,21.401
150,21.266
151,21.119
152,20.958
153,20.783
154,20.593
155,20.386
156,20.162
157,19.919
158,19.656
159,19.373
160,19.067
161,18.739
162,18.387
163,18.011
164,17.608
165,17.18
166,16.724
167,16.24
168,15.728
169,15.187
170,14.618
171,14.018
172,13.39
173,12.731
174,12.044
175,11.327
176,10.58
177,9.8052
178,9.0017
179,8.1701
180,7.311
181,6.4248
182,5.5122
183,4.5738
184,3.6101
185,2.6219
186,1.6097
187,0.57433
188,-0.48364
189,-1.5635
190,-2.6646
191,-3.7862
192,-4.9278
193,-6.0886
194,-7.268
195,-8.4654
196,-9.6803
197,-10.912
198,-12.16
199,-13.423
200,-14.702
