0,13.455
1,13.453
2,13.451
3,13.45
4,13.448
5,13.446
6,13.444
7,13.442
8,13.44
9,13.439
10,13.437
11,13.435
12,13.433
13,13.431
14,13.429
15,13.428
16,13.426
17,13.424
18,13.422
19,13.42
20,13.418
21,13.417
22,13.415
23,13.413
24,13.411
25,13.409
26,13.407
27,13.406
28,13.404
29,13.402
30,13.4
31,13.398
32,13.396
33,13.395
34,13.393
35,13.391
36,13.389
37,13.387
38,13.385
39,13.384
40,13.382
41,13.38
42,13.378
43,13.376
44,13.374
45,13.373
46,13.371
47,13.369
48,13.367
49,13.365
50,13.363
51,13.361
52,13.36
53,13.358
54,13.356
55,13.354
56,13.352
57,13.35
58,13.348
59,13.347
60,13.345
61,13.343
62,13.341
63,13.339
64,13.337
65,13.335
66,13.333
67,13.331
68,13.33
69,13.328
70,13.326
71,13.324
72,13.322
73,13.32
74,13.318
75,13.316
76,13.314
77,13.312
78,13.309
79,13.307
80,13.305
81,13.303
82,13.301
83,13.298
84,13.296
85,13.294
86,13.291
87,13.289
88,13.286
89,13.284
90,13.281
91,13.278
92,13.275
93,13.272
94,13.269
95,13.266
96,13.262
97,13.259
98,13.255
99,13.251
100,13.247
101,13.242
102,13.237
103,13.232
104,13.227
105,13.221
106,13.215
107,13.208
108,13.201
109,13.193
110,13.185
111,13.176
112,13.166
113,13.155
114,13.144
115,13.131
116,13.118
117,13.103
118,13.086
119,13.069
120,13.049
121,13.028
122,13.005
123,12.979
124,12.951
125,12.921
126,12.888
127,12.851
128,12.811
129,12.767
130,12.719
131,12.666
132,12.608
133,12.544
134,12.475
135,12.399
136,12.316
137,12.224
138,12.125
139,12.016
140,11.898
141,11.768
142,11.628
143,11.474
144,11.308
145,11.127
146,10.931
147,10.718
148,10.489
149,10.241
150,9.9741
151,9.687
152,9.3786
153,9.0481
154,8.6945
155,8.3171
156,7.9148
157,7.4871
158,7.0333
159,6.5527
160,6.0448
161,5.5093
162,4.9457
163,4.3539
164,3.7337
165,3.0849
166,2.4077
167,1.7022
168,0.9684
169,0.20669
170,-0.58264
171,-1.3992
172,-2.2427
173,-3.1125
174,-4.0081
175,-4.9291
176,-5.8748
177,-6.8447
178,-7.8381
179,-8.8545
180,-9.8931
181,-10.953
182,-12.035
183,-13.137
184,-14.258
185,-15.399
186,-16.559
187,-17.736
188,-18.931
189,-20.143
190,-21.371
191,-22.615
192,-23.874
193,-25.148
194,-26.437
195,-27.739
196,-29.054
197,-30.383
198,-31.724
199,-33.077
200,-34.441
