0,22.904
1,22.903
2,22.901
3,22.899
4,22.897
5,22.895
6,22.893
7,22.892
8,22.89
9,22.888
10,22.886
11,22.884
12,22.882
13,22.881
14,22.879
15,22.877
16,22.875
17,22.873
18,22.871
19,22.87
20,22.868
21,22.866
22,22.864
23,22.862
24,22.86
25,22.859
26,22.857
27,22.855
28,22.853
29,22.851
30,22.849
31,22.848
32,22.846
33,22.844
34,22.842
35,22.84
36,22.838
37,22.836
38,22.835
39,22.833
40,22.831
41,22.829
42,22.827
43,22.825
44,22.823
45,22.822
46,22.82
47,22.818
48,22.816
49,22.814
50,22.812
51,22.81
52,22.808
53,22.806
54,22.804
55,22.802
56,22.8
57,22.798
58,22.796
59,22.794
60,22.792
61,22.79
62,22.788
63,22.786
64,22.784
65,22.781
66,22.779
67,22.777
68,22.775
69,22.772
70,22.77
71,22.767
72,22.765
73,22.762
74,22.759
75,22.757
76,22.754
77,22.751
78,22.747
79,22.744
80,22.741
81,22.737
82,22.733
83,22.729
84,22.725
85,22.721
86,22.716
87,22.711
88,22.706
89,22.7
90,22.694
91,22.687
92,22.68
93,22.673
94,22.665
95,22.656
96,22.647
97,22.637
98,22.626
99,22.614
100,22.601
101,22.586
102,22.571
103,22.554
104,22.536
105,22.516
106,22.494
107,22.471
108,22.445
109,22.416
110,22.386
111,22.352
112,22.315
113,22.274
114,22.23
115,22.182
116,22.129
117,22.071
118,22.008
119,21.939
120,21.863
121,21.781
122,21.691
123,21.593
124,21.486
125,21.37
126,21.243
127,21.106
128,20.956
129,20.794
130,20.618
131,20.428
132,20.222
133,20
134,19.761
135,19.503
136,19.226
137,18.929
138,18.611
139,18.271
140,17.907
141,17.521
142,17.11
143,16.674
144,16.212
145,15.724
146,15.209
147,14.667
148,14.098
149,13.502
150,12.877
151,12.225
152,11.545
153,10.837
154,10.102
155,9.3401
156,8.5509
157,7.7351
158,6.8931
159,6.0254
160,5.1324
161,4.2147
162,3.2728
163,2.3072
164,1.3186
165,0.30751
166,-0.7255
167,-1.7798
168,-2.8548
169,-3.9499
170,-5.0646
171,-6.1982
172,-7.3501
173,-8.5199
174,-9.7069
175,-10.911
176,-12.13
177,-13.366
178,-14.617
179,-15.882
180,-17.162
181,-18.455
182,-19.762
183,-21.082
184,-22.414
185,-23.758
186,-25.114
187,-26.481
188,-27.859
189,-29.248
190,-30.647
191,-32.056
192,-33.475
193,-34.903
194,-36.341
195,-37.787
196,-39.241
197,-40.704
198,-42.175
199,-43.654
200,-45.141
