0,23.885
1,23.884
2,23.882
3,23.88
4,23.878
5,23.876
6,23.875
7,23.873
8,23.871
9,23.869
10,23.867
11,23.865
12,23.864
13,23.862
14,23.86
15,23.858
16,23.856
17,23.854
18,23.853
19,23.851
20,23.849
21,23.847
22,23.845
23,23.843
24,23.842
25,23.84
26,23.838
27,23.836
28,23.834
29,23.832
30,23.831
31,23.829
32,23.827
33,23.825
34,23.823
35,23.821
36,23.82
37,23.818
38,23.816
39,23.814
40,23.812
41,23.81
42,23.809
43,23.807
44,23.805
45,23.803
46,23.801
47,23.799
48,23.798
49,23.796
50,23.794
51,23.792
52,23.79
53,23.788
54,23.787
55,23.785
56,23.783
57,23.781
58,23.779
59,23.777
60,23.776
61,23.774
62,23.772
63,23.77
64,23.768
65,23.766
66,23.765
67,23.763
68,23.761
69,23.759
70,23.757
71,23.755
72,23.754
73,23.752
74,23.75
75,23.748
76,23.746
77,23.744
78,23.742
79,23.741
80,23.739
81,23.737
82,23.735
83,23.733
84,23.731
85,23.729
86,23.727
87,23.726
88,23.724
89,23.722
90,23.72
91,23.718
92,23.716
93,23.714
94,23.712
95,23.71
96,23.708
97,23.706
98,23.704
99,23.702
100,23.7
101,23.698
102,23.695
103,23.693
104,23.691
105,23.689
106,23.686
107,23.684
108,23.681
109,23.679
110,23.676
111,23.673
112,23.671
113,23.668
114,23.665
115,23.662
116,23.658
117,23.655
118,23.651
119,23.647
120,23.643
121,23.638
122,23.634
123,23.629
124,23.623
125,23.618
126,23.611
127,23.605
128,23.597
129,23.59
130,23.581
131,23.572
132,23.562
133,23.551
134,23.539
135,23.525
136,23.511
137,23.495
138,23.478
139,23.458
140,23.437
141,23.414
142,23.389
143,23.361
144,23.33
145,23.296
146,23.258
147,23.216
148,23.171
149,23.12
150,23.065
151,23.003
152,22.936
153,22.861
154,22.779
155,22.689
156,22.59
157,22.481
158,22.362
159,22.231
160,22.087
161,21.93
162,21.759
163,21.572
164,21.368
165,21.146
166,20.906
167,20.645
168,20.363
169,20.059
170,19.732
171,19.38
172,19.002
173,18.598
174,18.167
175,17.708
176,17.22
177,16.703
178,16.156
179,15.58
180,14.973
181,14.336
182,13.669
183,12.971
184,12.243
185,11.485
186,10.698
187,9.882
188,9.0372
189,8.1644
190,7.2641
191,6.3369
192,5.3836
193,4.4048
194,3.4011
195,2.3733
196,1.3221
197,0.24815
198,-0.84774
199,-1.9649
200,-3.1027
