0,17.229
1,17.227
2,17.226
3,17.224
4,17.222
5,17.22
6,17.218
7,17.216
8,17.215
9,17.213
10,17.211
11,17.209
12,17.207
13,17.205
14,17.204
15,17.202
16,17.2
17,17.198
18,17.196
19,17.195
20,17.193
21,17.191
22,17.189
23,17.187
24,17.185
25,17.184
26,17.182
27,17.18
28,17.178
29,17.176
30,17.174
31,17.173
32,17.171
33,17.169
34,17.167
35,17.165
36,17.163
37,17.162
38,17.16
39,17.158
40,17.156
41,17.154
42,17.152
43,17.151
44,17.149
45,17.147
46,17.145
47,17.143
48,17.141
49,17.14
50,17.138
51,17.136
52,17.134
53,17.132
54,17.13
55,17.129
56,17.127
57,17.125
58,17.123
59,17.121
60,17.119
61,17.118
62,17.116
63,17.114
64,17.112
65,17.11
66,17.108
67,17.107
68,17.105
69,17.103
70,17.101
71,17.099
72,17.097
73,17.096
74,17.094
75,17.092
76,17.09
77,17.088
78,17.086
79,17.085
80,17.083
81,17.081
82,17.079
83,17.077
84,17.075
85,17.073
86,17.072
87,17.07
88,17.068
89,17.066
90,17.064
91,17.062
92,17.06
93,17.058
94,17.056
95,17.055
96,17.053
97,17.051
98,17.049
99,17.047
100,17.045
101,17.043
102,17.041
103,17.039
104,17.037
105,17.035
106,17.033
107,17.03
108,17.028
109,17.026
110,17.024
111,17.022
112,17.019
113,17.017
114,17.014
115,17.012
116,17.009
117,17.007
118,17.004
119,17.001
120,16.998
121,16.995
122,16.991
123,16.988
124,16.984
125,16.98
126,16.976
127,16.972
128,16.967
129,16.962
130,16.957
131,16.951
132,16.945
133,16.938
134,16.931
135,16.924
136,16.915
137,16.906
138,16.896
139,16.885
140,16.873
141,16.86
142,16.845
143,16.83
144,16.812
145,16.793
146,16.772
147,16.749
148,16.724
149,16.696
150,16.665
151,16.631
152,16.593
153,16.552
154,16.506
155,16.455
156,16.399
157,16.338
158,16.27
159,16.195
160,16.113
161,16.022
162,15.922
163,15.813
164,15.692
165,15.56
166,15.415
167,15.257
168,15.084
169,14.895
170,14.689
171,14.465
172,14.222
173,13.958
174,13.673
175,13.365
176,13.033
177,12.677
178,12.295
179,11.886
180,11.449
181,10.984
182,10.491
183,9.9673
184,9.4141
185,8.8306
186,8.2167
187,7.5722
188,6.8971
189,6.1916
190,5.4559
191,4.6902
192,3.895
193,3.0706
194,2.2176
195,1.3365
196,0.4279
197,-0.5075
198,-1.4691
199,-2.4561
200,-3.4679
