0,15.136
1,15.134
2,15.133
3,15.131
4,15.129
5,15.127
6,15.125
7,15.123
8,15.122
9,15.12
10,15.118
11,15.116
12,15.114
13,15.112
14,15.111
15,15.109
16,15.107
17,15.105
18,15.103
19,15.101
20,15.1
21,15.098
22,15.096
23,15.094
24,15.092
25,15.09
26,15.089
27,15.087
28,15.085
29,15.083
30,15.081
31,15.079
32,15.078
33,15.076
34,15.074
35,15.072
36,15.07
37,15.068
38,15.067
39,15.065
40,15.063
41,15.061
42,15.059
43,15.057
44,15.056
45,15.054
46,15.052
47,15.05
48,15.048
49,15.046
50,15.045
51,15.043
52,15.041
53,15.039
54,15.037
55,15.035
56,15.034
57,15.032
58,15.03
59,15.028
60,15.026
61,15.024
62,15.023
63,15.021
64,15.019
65,15.017
66,15.015
67,15.013
68,15.011
69,15.01
70,15.008
71,15.006
72,15.004
73,15.002
74,15
75,14.998
76,14.997
77,14.995
78,14.993
79,14.991
80,14.989
81,14.987
82,14.985
83,14.983
84,14.981
85,14.979
86,14.977
87,14.975
88,14.973
89,14.971
90,14.969
91,14.967
92,14.965
93,14.963
94,14.961
95,14.959
96,14.957
97,14.954
98,14.952
99,14.95
100,14.947
101,14.945
102,14.942
103,14.94
104,14.937
105,14.934
106,14.932
107,14.929
108,14.925
109,14.922
110,14.919
111,14.915
112,14.911
113,14.907
114,14.903
115,14.899
116,14.894
117,14.889
118,14.883
119,14.878
120,14.871
121,14.864
122,14.857
123,14.849
124,14.841
125,14.831
126,14.821
127,14.81
128,14.798
129,14.785
130,14.771
131,14.755
132,14.738
133,14.719
134,14.699
135,14.676
136,14.651
137,14.624
138,14.594
139,14.561
140,14.525
141,14.485
142,14.441
143,14.393
144,14.34
145,14.282
146,14.218
147,14.148
148,14.07
149,13.985
150,13.892
151,13.79
152,13.678
153,13.556
154,13.422
155,13.276
156,13.117
157,12.943
158,12.754
159,12.548
160,12.326
161,12.084
162,11.823
163,11.542
164,11.238
165,10.912
166,10.562
167,10.188
168,9.7878
169,9.3614
170,8.9079
171,8.4266
172,7.917
173,7.3787
174,6.8113
175,6.2146
176,5.5884
177,4.9327
178,4.2474
179,3.5328
180,2.789
181,2.0164
182,1.2152
183,0.38602
184,-0.47078
185,-1.3546
186,-2.265
187,-3.2013
188,-4.1628
189,-5.149
190,-6.1592
191,-7.1926
192,-8.2487
193,-9.3267
194,-10.426
195,-11.546
196,-12.686
197,-13.845
198,-15.023
199,-16.219
200,-17.432
