0,17.949
1,17.948
2,17.946
3,17.944
4,17.942
5,17.94
6,17.938
7,17.937
8,17.935
9,17.933
10,17.931
11,17.929
12,17.927
13,17.926
14,17.924
15,17.922
16,17.92
17,17.918
18,17.916
19,17.915
20,17.913
21,17.911
22,17.909
23,17.907
24,17.905
25,17.904
26,17.902
27,17.9
28,17.898
29,17.896
30,17.894
31,17.893
32,17.891
33,17.889
34,17.887
35,17.885
36,17.883
37,17.881
38,17.88
39,17.878
40,17.876
41,17.874
42,17.872
43,17.87
44,17.869
45,17.867
46,17.865
47,17.863
48,17.861
49,17.859
50,17.857
51,17.855
52,17.854
53,17.852
54,17.85
55,17.848
56,17.846
57,17.844
58,17.842
59,17.84
60,17.838
61,17.836
62,17.834
63,17.832
64,17.83
65,17.828
66,17.826
67,17.824
68,17.822
69,17.82
70,17.817
71,17.815
72,17.813
73,17.811
74,17.808
75,17.806
76,17.803
77,17.801
78,17.798
79,17.796
80,17.793
81,17.79
82,17.787
83,17.784
84,17.781
85,17.777
86,17.774
87,17.77
88,17.766
89,17.762
90,17.757
91,17.753
92,17.748
93,17.743
94,17.737
95,17.731
96,17.725
97,17.718
98,17.711
99,17.703
100,17.694
101,17.685
102,17.675
103,17.664
104,17.652
105,17.639
106,17.625
107,17.61
108,17.594
109,17.576
110,17.556
111,17.535
112,17.511
113,17.486
114,17.458
115,17.427
116,17.394
117,17.357
118,17.317
119,17.274
120,17.226
121,17.173
122,17.116
123,17.053
124,16.985
125,16.91
126,16.828
127,16.739
128,16.641
129,16.535
130,16.419
131,16.293
132,16.156
133,16.006
134,15.844
135,15.669
136,15.479
137,15.273
138,15.051
139,14.811
140,14.553
141,14.276
142,13.978
143,13.659
144,13.318
145,12.954
146,12.566
147,12.153
148,11.715
149,11.251
150,10.761
151,10.244
152,9.6999
153,9.128
154,8.5283
155,7.9007
156,7.2452
157,6.5617
158,5.8505
159,5.1116
160,4.3454
161,3.5522
162,2.7322
163,1.886
164,1.0139
165,0.11657
166,-0.80561
167,-1.752
168,-2.7221
169,-3.7154
170,-4.7311
171,-5.7687
172,-6.8277
173,-7.9073
174,-9.007
175,-10.126
176,-11.264
177,-12.421
178,-13.595
179,-14.787
180,-15.995
181,-17.219
182,-18.459
183,-19.714
184,-20.984
185,-22.268
186,-23.565
187,-24.876
188,-26.2
189,-27.536
190,-28.884
191,-30.244
192,-31.615
193,-32.997
194,-34.39
195,-35.793
196,-37.205
197,-38.628
198,-40.06
199,-41.5
200,-42.95
