0,13.135
1,13.133
2,13.131
3,13.129
4,13.128
5,13.126
6,13.124
7,13.122
8,13.12
9,13.118
10,13.117
11,13.115
12,13.113
13,13.111
14,13.109
15,13.107
16,13.106
17,13.104
18,13.102
19,13.1
20,13.098
21,13.096
22,13.095
23,13.093
24,13.091
25,13.089
26,13.087
27,13.086
28,13.084
29,13.082
30,13.08
31,13.078
32,13.076
33,13.075
34,13.073
35,13.071
36,13.069
37,13.067
38,13.065
39,13.064
40,13.062
41,13.06
42,13.058
43,13.056
44,13.054
45,13.053
46,13.051
47,13.049
48,13.047
49,13.045
50,13.043
51,13.042
52,13.04
53,13.038
54,13.036
55,13.034
56,13.032
57,13.031
58,13.029
59,13.027
60,13.025
61,13.023
62,13.021
63,13.02
64,13.018
65,13.016
66,13.014
67,13.012
68,13.01
69,13.009
70,13.007
71,13.005
72,13.003
73,13.001
74,12.999
75,12.997
76,12.996
77,12.994
78,12.992
79,12.99
80,12.988
81,12.986
82,12.985
83,12.983
84,12.981
85,12.979
86,12.977
87,12.975
88,12.973
89,12.971
90,12.969
91,12.968
92,12.966
93,12.964
94,12.962
95,12.96
96,12.958
97,12.956
98,12.954
99,12.952
100,12.95
101,12.948
102,12.946
103,12.944
104,12.941
105,12.939
106,12.937
107,12.935
108,12.932
109,12.93
110,12.928
111,12.925
112,12.923
113,12.92
114,12.917
115,12.914
116,12.911
117,12.908
118,12.905
119,12.902
120,12.898
121,12.895
122,12.891
123,12.886
124,12.882
125,12.877
126,12.872
127,12.867
128,12.861
129,12.855
130,12.848
131,12.841
132,12.833
133,12.824
134,12.815
135,12.805
136,12.794
137,12.782
138,12.768
139,12.754
140,12.738
141,12.721
142,12.702
143,12.68
144,12.657
145,12.632
146,12.604
147,12.573
148,12.539
149,12.502
150,12.46
151,12.415
152,12.365
153,12.31
154,12.249
155,12.182
156,12.108
157,12.027
158,11.938
159,11.84
160,11.733
161,11.615
162,11.486
163,11.344
164,11.189
165,11.02
166,10.836
167,10.636
168,10.418
169,10.181
170,9.9244
171,9.6471
172,9.3479
173,9.0256
174,8.6792
175,8.3078
176,7.9104
177,7.4861
178,7.0343
179,6.5541
180,6.0451
181,5.5068
182,4.9388
183,4.3409
184,3.7128
185,3.0546
186,2.3663
187,1.6481
188,0.90012
189,0.12276
190,-0.68361
191,-1.5185
192,-2.3815
193,-3.272
194,-4.1894
195,-5.133
196,-6.1022
197,-7.0963
198,-8.1147
199,-9.1566
200,-10.221
