0,13.682
1,13.68
2,13.679
3,13.677
4,13.675
5,13.673
6,13.671
7,13.669
8,13.668
9,13.666
10,13.664
11,13.662
12,13.66
13,13.658
14,13.657
15,13.655
16,13.653
17,13.651
18,13.649
19,13.647
20,13.646
21,13.644
22,13.642
23,13.64
24,13.638
25,13.636
26,13.635
27,13.633
28,13.631
29,13.629
30,13.627
31,13.625
32,13.624
33,13.622
34,13.62
35,13.618
36,13.616
37,13.614
38,13.613
39,13.611
40,13.609
41,13.607
42,13.605
43,13.603
44,13.602
45,13.6
46,13.598
47,13.596
48,13.594
49,13.593
50,13.591
51,13.589
52,13.587
53,13.585
54,13.583
55,13.582
56,13.58
57,13.578
58,13.576
59,13.574
60,13.572
61,13.571
62,13.569
63,13.567
64,13.565
65,13.563
66,13.561
67,13.559
68,13.558
69,13.556
70,13.554
71,13.552
72,13.55
73,13.548
74,13.547
75,13.545
76,13.543
77,13.541
78,13.539
79,13.537
80,13.536
81,13.534
82,13.532
83,13.53
84,13.528
85,13.526
86,13.524
87,13.522
88,13.521
89,13.519
90,13.517
91,13.515
92,13.513
93,13.511
94,13.509
95,13.507
96,13.505
97,13.503
98,13.501
99,13.499
100,13.497
101,13.495
102,13.493
103,13.491
104,13.489
105,13.486
106,13.484
107,13.482
108,13.48
109,13.477
110,13.475
111,13.472
112,13.47
113,13.467
114,13.464
115,13.461
116,13.458
117,13.455
118,13.452
119,13.449
120,13.445
121,13.441
122,13.437
123,13.433
124,13.428
125,13.424
126,13.418
127,13.413
128,13.407
129,13.401
130,13.394
131,13.386
132,13.378
133,13.369
134,13.36
135,13.35
136,13.338
137,13.326
138,13.312
139,13.297
140,13.281
141,13.263
142,13.244
143,13.222
144,13.198
145,13.172
146,13.143
147,13.112
148,13.077
149,13.038
150,12.996
151,12.949
152,12.898
153,12.841
154,12.778
155,12.71
156,12.634
157,12.551
158,12.459
159,12.358
160,12.248
161,12.127
162,11.994
163,11.849
164,11.691
165,11.517
166,11.329
167,11.123
168,10.9
169,10.658
170,10.395
171,10.112
172,9.8063
173,9.4772
174,9.1238
175,8.7451
176,8.3401
177,7.908
178,7.4482
179,6.9599
180,6.4426
181,5.8959
182,5.3194
183,4.7128
184,4.0762
185,3.4094
186,2.7126
187,1.9858
188,1.2295
189,0.4438
190,-0.37075
191,-1.2137
192,-2.0846
193,-2.9828
194,-3.9077
195,-4.8587
196,-5.8351
197,-6.8362
198,-7.8613
199,-8.9098
200,-9.9809
