0,28.016
1,28.015
2,28.013
3,28.011
4,28.009
5,28.007
6,28.005
7,28.004
8,28.002
9,28
10,27.998
11,27.996
12,27.994
13,27.993
14,27.991
15,27.989
16,27.987
17,27.985
18,27.983
19,27.982
20,27.98
21,27.978
22,27.976
23,27.974
24,27.972
25,27.971
26,27.969
27,27.967
28,27.965
29,27.963
30,27.961
31,27.96
32,27.958
33,27.956
34,27.954
35,27.952
36,27.95
37,27.948
38,27.947
39,27.945
40,27.943
41,27.941
42,27.939
43,27.937
44,27.935
45,27.934
46,27.932
47,27.93
48,27.928
49,27.926
50,27.924
51,27.922
52,27.92
53,27.918
54,27.916
55,27.914
56,27.913
57,27.911
58,27.909
59,27.907
60,27.905
61,27.902
62,27.9
63,27.898
64,27.896
65,27.894
66,27.892
67,27.89
68,27.887
69,27.885
70,27.883
71,27.88
72,27.878
73,27.875
74,27.873
75,27.87
76,27.867
77,27.864
78,27.861
79,27.858
80,27.855
81,27.852
82,27.848
83,27.845
84,27.841
85,27.837
86,27.832
87,27.828
88,27.823
89,27.818
90,27.812
91,27.806
92,27.8
93,27.793
94,27.786
95,27.778
96,27.769
97,27.76
98,27.75
99,27.739
100,27.728
101,27.715
102,27.701
103,27.686
104,27.67
105,27.652
106,27.632
107,27.611
108,27.588
109,27.562
110,27.534
111,27.504
112,27.471
113,27.434
114,27.394
115,27.351
116,27.303
117,27.251
118,27.193
119,27.131
120,27.062
121,26.987
122,26.906
123,26.816
124,26.719
125,26.612
126,26.496
127,26.37
128,26.233
129,26.083
130,25.921
131,25.745
132,25.555
133,25.348
134,25.126
135,24.885
136,24.627
137,24.348
138,24.05
139,23.73
140,23.387
141,23.022
142,22.632
143,22.218
144,21.779
145,21.313
146,20.821
147,20.302
148,19.756
149,19.182
150,18.58
151,17.95
152,17.292
153,16.606
154,15.892
155,15.15
156,14.381
157,13.585
158,12.762
159,11.913
160,11.038
161,10.138
162,9.2126
163,8.2632
164,7.2901
165,6.2939
166,5.2752
167,4.2346
168,3.1727
169,2.0902
170,0.98752
171,-0.13461
172,-1.2756
173,-2.4349
174,-3.612
175,-4.8063
176,-6.0171
177,-7.2441
178,-8.4867
179,-9.7444
180,-11.017
181,-12.303
182,-13.603
183,-14.916
184,-16.243
185,-17.581
186,-18.932
187,-20.294
188,-21.667
189,-23.051
190,-24.446
191,-25.851
192,-27.266
193,-28.69
194,-30.124
195,-31.567
196,-33.019
197,-34.479
198,-35.947
199,-37.423
200,-38.907
