0,27.364
1,27.363
2,27.361
3,27.359
4,27.357
5,27.355
6,27.353
7,27.352
8,27.35
9,27.348
10,27.346
11,27.344
12,27.342
13,27.341
14,27.339
15,27.337
16,27.335
17,27.333
18,27.331
19,27.33
20,27.328
21,27.326
22,27.324
23,27.322
24,27.321
25,27.319
26,27.317
27,27.315
28,27.313
29,27.311
30,27.31
31,27.308
32,27.306
33,27.304
34,27.302
35,27.3
36,27.299
37,27.297
38,27.295
39,27.293
40,27.291
41,27.289
42,27.288
43,27.286
44,27.284
45,27.282
46,27.28
47,27.278
48,27.277
49,27.275
50,27.273
51,27.271
52,27.269
53,27.267
54,27.266
55,27.264
56,27.262
57,27.26
58,27.258
59,27.256
60,27.255
61,27.253
62,27.251
63,27.249
64,27.247
65,27.245
66,27.243
67,27.242
68,27.24
69,27.238
70,27.236
71,27.234
72,27.232
73,27.231
74,27.229
75,27.227
76,27.225
77,27.223
78,27.221
79,27.219
80,27.217
81,27.216
82,27.214
83,27.212
84,27.21
85,27.208
86,27.206
87,27.204
88,27.202
89,27.2
90,27.198
91,27.196
92,27.194
93,27.192
94,27.19
95,27.188
96,27.186
97,27.184
98,27.181
99,27.179
100,27.177
101,27.175
102,27.172
103,27.17
104,27.167
105,27.165
106,27.162
107,27.159
108,27.156
109,27.153
110,27.15
111,27.147
112,27.143
113,27.14
114,27.136
115,27.132
116,27.128
117,27.123
118,27.118
119,27.113
120,27.108
121,27.102
122,27.095
123,27.088
124,27.081
125,27.072
126,27.064
127,27.054
128,27.043
129,27.032
130,27.019
131,27.006
132,26.991
133,26.974
134,26.956
135,26.936
136,26.914
137,26.89
138,26.864
139,26.835
140,26.803
141,26.767
142,26.729
143,26.686
144,26.638
145,26.586
146,26.529
147,26.466
148,26.396
149,26.319
150,26.235
151,26.143
152,26.041
153,25.929
154,25.807
155,25.673
156,25.526
157,25.366
158,25.191
159,25
160,24.792
161,24.567
162,24.322
163,24.057
164,23.771
165,23.463
166,23.131
167,22.774
168,22.393
169,21.984
170,21.549
171,21.086
172,20.594
173,20.073
174,19.523
175,18.943
176,18.332
177,17.692
178,17.022
179,16.321
180,15.591
181,14.831
182,14.042
183,13.224
184,12.377
185,11.503
186,10.601
187,9.6734
188,8.7193
189,7.7398
190,6.7358
191,5.7077
192,4.6565
193,3.5827
194,2.487
195,1.3702
196,0.23297
197,-0.92408
198,-2.1003
199,-3.2949
200,-4.5075
