0,22.335
1,22.333
2,22.332
3,22.33
4,22.328
5,22.326
6,22.324
7,22.322
8,22.321
9,22.319
10,22.317
11,22.315
12,22.313
13,22.311
14,22.31
15,22.308
16,22.306
17,22.304
18,22.302
19,22.3
20,22.299
21,22.297
22,22.295
23,22.293
24,22.291
25,22.289
26,22.288
27,22.286
28,22.284
29,22.282
30,22.28
31,22.278
32,22.277
33,22.275
34,22.273
35,22.271
36,22.269
37,22.267
38,22.266
39,22.264
40,22.262
41,22.26
42,22.258
43,22.256
44,22.255
45,22.253
46,22.251
47,22.249
48,22.247
49,22.245
50,22.244
51,22.242
52,22.24
53,22.238
54,22.236
55,22.234
56,22.233
57,22.231
58,22.229
59,22.227
60,22.225
61,22.223
62,22.222
63,22.22
64,22.218
65,22.216
66,22.214
67,22.212
68,22.21
69,22.209
70,22.207
71,22.205
72,22.203
73,22.201
74,22.199
75,22.197
76,22.196
77,22.194
78,22.192
79,22.19
80,22.188
81,22.186
82,22.184
83,22.182
84,22.18
85,22.178
86,22.176
87,22.174
88,22.172
89,22.17
90,22.168
91,22.166
92,22.164
93,22.161
94,22.159
95,22.157
96,22.155
97,22.152
98,22.15
99,22.147
100,22.145
101,22.142
102,22.14
103,22.137
104,22.134
105,22.131
106,22.128
107,22.124
108,22.121
109,22.117
110,22.113
111,22.109
112,22.105
113,22.1
114,22.095
115,22.09
116,22.085
117,22.079
118,22.072
119,22.065
120,22.058
121,22.049
122,22.041
123,22.031
124,22.021
125,22.009
126,21.997
127,21.983
128,21.968
129,21.952
130,21.934
131,21.914
132,21.893
133,21.869
134,21.843
135,21.815
136,21.784
137,21.749
138,21.711
139,21.67
140,21.624
141,21.573
142,21.518
143,21.457
144,21.389
145,21.316
146,21.235
147,21.146
148,21.048
149,20.941
150,20.824
151,20.696
152,20.556
153,20.403
154,20.236
155,20.054
156,19.856
157,19.641
158,19.409
159,19.157
160,18.884
161,18.591
162,18.275
163,17.936
164,17.572
165,17.183
166,16.768
167,16.326
168,15.856
169,15.359
170,14.832
171,14.277
172,13.692
173,13.078
174,12.434
175,11.761
176,11.058
177,10.325
178,9.5637
179,8.7734
180,7.9549
181,7.1084
182,6.2346
183,5.334
184,4.4072
185,3.4547
186,2.4774
187,1.4757
188,0.45045
189,-0.59777
190,-1.6682
191,-2.7603
192,-3.8733
193,-5.0065
194,-6.1593
195,-7.3311
196,-8.5212
197,-9.729
198,-10.954
199,-12.195
200,-13.453
