0,28.556
1,28.555
2,28.553
3,28.551
4,28.549
5,28.547
6,28.545
7,28.544
8,28.542
9,28.54
10,28.538
11,28.536
12,28.534
13,28.533
14,28.531
15,28.529
16,28.527
17,28.525
18,28.523
19,28.522
20,28.52
21,28.518
22,28.516
23,28.514
24,28.512
25,28.511
26,28.509
27,28.507
28,28.505
29,28.503
30,28.501
31,28.5
32,28.498
33,28.496
34,28.494
35,28.492
36,28.49
37,28.489
38,28.487
39,28.485
40,28.483
41,28.481
42,28.479
43,28.478
44,28.476
45,28.474
46,28.472
47,28.47
48,28.468
49,28.466
50,28.465
51,28.463
52,28.461
53,28.459
54,28.457
55,28.455
56,28.453
57,28.451
58,28.449
59,28.448
60,28.446
61,28.444
62,28.442
63,28.44
64,28.438
65,28.436
66,28.434
67,28.432
68,28.43
69,28.428
70,28.426
71,28.424
72,28.422
73,28.42
74,28.417
75,28.415
76,28.413
77,28.411
78,28.408
79,28.406
80,28.403
81,28.401
82,28.398
83,28.396
84,28.393
85,28.39
86,28.387
87,28.384
88,28.381
89,28.377
90,28.374
91,28.37
92,28.366
93,28.362
94,28.358
95,28.353
96,28.348
97,28.343
98,28.337
99,28.331
100,28.325
101,28.318
102,28.31
103,28.302
104,28.294
105,28.284
106,28.274
107,28.263
108,28.251
109,28.238
110,28.223
111,28.208
112,28.19
113,28.172
114,28.151
115,28.129
116,28.105
117,28.078
118,28.048
119,28.016
120,27.981
121,27.942
122,27.9
123,27.854
124,27.803
125,27.747
126,27.685
127,27.618
128,27.545
129,27.465
130,27.377
131,27.28
132,27.175
133,27.06
134,26.935
135,26.799
136,26.65
137,26.488
138,26.312
139,26.122
140,25.915
141,25.692
142,25.45
143,25.19
144,24.91
145,24.609
146,24.286
147,23.94
148,23.57
149,23.176
150,22.756
151,22.311
152,21.838
153,21.339
154,20.812
155,20.257
156,19.673
157,19.061
158,18.421
159,17.752
160,17.054
161,16.329
162,15.575
163,14.793
164,13.984
165,13.147
166,12.284
167,11.395
168,10.481
169,9.5415
170,8.5777
171,7.59
172,6.5792
173,5.5459
174,4.4907
175,3.4142
176,2.317
177,1.1998
178,0.063249
179,-1.0921
180,-2.2657
181,-3.4569
182,-4.6652
183,-5.89
184,-7.1307
185,-8.3868
186,-9.6579
187,-10.943
188,-12.243
189,-13.556
190,-14.882
191,-16.221
192,-17.572
193,-18.934
194,-20.309
195,-21.694
196,-23.09
197,-24.496
198,-25.912
199,-27.339
200,-28.774
