0,11.679
1,11.678
2,11.676
3,11.674
4,11.672
5,11.67
6,11.668
7,11.667
8,11.665
9,11.663
10,11.661
11,11.659
12,11.657
13,11.656
14,11.654
15,11.652
16,11.65
17,11.648
18,11.646
19,11.645
20,11.643
21,11.641
22,11.639
23,11.637
24,11.635
25,11.634
26,11.632
27,11.63
28,11.628
29,11.626
30,11.624
31,11.623
32,11.621
33,11.619
34,11.617
35,11.615
36,11.614
37,11.612
38,11.61
39,11.608
40,11.606
41,11.604
42,11.603
43,11.601
44,11.599
45,11.597
46,11.595
47,11.593
48,11.592
49,11.59
50,11.588
51,11.586
52,11.584
53,11.582
54,11.581
55,11.579
56,11.577
57,11.575
58,11.573
59,11.571
60,11.57
61,11.568
62,11.566
63,11.564
64,11.562
65,11.56
66,11.558
67,11.557
68,11.555
69,11.553
70,11.551
71,11.549
72,11.547
73,11.546
74,11.544
75,11.542
76,11.54
77,11.538
78,11.536
79,11.534
80,11.533
81,11.531
82,11.529
83,11.527
84,11.525
85,11.523
86,11.521
87,11.519
88,11.517
89,11.515
90,11.513
91,11.511
92,11.509
93,11.507
94,11.505
95,11.503
96,11.501
97,11.499
98,11.497
99,11.495
100,11.493
101,11.491
102,11.488
103,11.486
104,11.484
105,11.481
106,11.479
107,11.476
108,11.474
109,11.471
110,11.468
111,11.465
112,11.462
113,11.459
114,11.456
115,11.452
116,11.448
117,11.445
118,11.441
119,11.436
120,11.432
121,11.427
122,11.421
123,11.416
124,11.41
125,11.403
126,11.396
127,11.388
128,11.38
129,11.371
130,11.361
131,11.351
132,11.339
133,11.327
134,11.313
135,11.298
136,11.281
137,11.263
138,11.243
139,11.222
140,11.198
141,11.171
142,11.142
143,11.11
144,11.075
145,11.037
146,10.994
147,10.948
148,10.896
149,10.84
150,10.777
151,10.709
152,10.634
153,10.551
154,10.46
155,10.361
156,10.251
157,10.132
158,10.001
159,9.8579
160,9.7016
161,9.5312
162,9.3457
163,9.1439
164,8.9247
165,8.6872
166,8.4302
167,8.1525
168,7.8532
169,7.5311
170,7.1854
171,6.8149
172,6.4188
173,5.9963
174,5.5466
175,5.0691
176,4.5631
177,4.0283
178,3.4642
179,2.8707
180,2.2474
181,1.5944
182,0.91168
183,0.19939
184,-0.54227
185,-1.313
186,-2.1125
187,-2.9402
188,-3.7957
189,-4.6786
190,-5.5881
191,-6.5237
192,-7.4848
193,-8.4707
194,-9.4807
195,-10.514
196,-11.57
197,-12.649
198,-13.748
199,-14.869
200,-16.01
