0,16.939
1,16.937
2,16.935
3,16.934
4,16.932
5,16.93
6,16.928
7,16.926
8,16.924
9,16.923
10,16.921
11,16.919
12,16.917
13,16.915
14,16.913
15,16.912
16,16.91
17,16.908
18,16.906
19,16.904
20,16.902
21,16.901
22,16.899
23,16.897
24,16.895
25,16.893
26,16.891
27,16.89
28,16.888
29,16.886
30,16.884
31,16.882
32,16.88
33,16.879
34,16.877
35,16.875
36,16.873
37,16.871
38,16.869
39,16.867
40,16.866
41,16.864
42,16.862
43,16.86
44,16.858
45,16.856
46,16.854
47,16.852
48,16.851
49,16.849
50,16.847
51,16.845
52,16.843
53,16.841
54,16.839
55,16.837
56,16.835
57,16.833
58,16.831
59,16.829
60,16.827
61,16.825
62,16.823
63,16.821
64,16.819
65,16.817
66,16.815
67,16.812
68,16.81
69,16.808
70,16.805
71,16.803
72,16.801
73,16.798
74,16.795
75,16.793
76,16.79
77,16.787
78,16.784
79,16.781
80,16.778
81,16.775
82,16.771
83,16.768
84,16.764
85,16.76
86,16.755
87,16.751
88,16.746
89,16.741
90,16.736
91,16.73
92,16.724
93,16.717
94,16.71
95,16.702
96,16.694
97,16.685
98,16.676
99,16.665
100,16.654
101,16.642
102,16.629
103,16.614
104,16.599
105,16.582
106,16.563
107,16.543
108,16.521
109,16.497
110,16.47
111,16.442
112,16.41
113,16.376
114,16.338
115,16.297
116,16.252
117,16.203
118,16.15
119,16.091
120,16.027
121,15.957
122,15.881
123,15.797
124,15.706
125,15.607
126,15.499
127,15.382
128,15.254
129,15.115
130,14.964
131,14.8
132,14.623
133,14.431
134,14.223
135,13.999
136,13.758
137,13.499
138,13.22
139,12.921
140,12.601
141,12.259
142,11.894
143,11.505
144,11.092
145,10.654
146,10.191
147,9.7012
148,9.1848
149,8.6415
150,8.0708
151,7.4726
152,6.8468
153,6.1933
154,5.5122
155,4.8035
156,4.0674
157,3.3042
158,2.5141
159,1.6976
160,0.85501
161,-0.013235
162,-0.90665
163,-1.8247
164,-2.7669
165,-3.7326
166,-4.7214
167,-5.7326
168,-6.7655
169,-7.8198
170,-8.8946
171,-9.9896
172,-11.104
173,-12.237
174,-13.389
175,-14.558
176,-15.745
177,-16.948
178,-18.167
179,-19.402
180,-20.653
181,-21.917
182,-23.196
183,-24.489
184,-25.795
185,-27.114
186,-28.446
187,-29.789
188,-31.144
189,-32.511
190,-33.888
191,-35.276
192,-36.675
193,-38.083
194,-39.501
195,-40.928
196,-42.365
197,-43.81
198,-45.264
199,-46.726
200,-48.196
