0,15.743
1,15.741
2,15.739
3,15.737
4,15.735
5,15.734
6,15.732
7,15.73
8,15.728
9,15.726
10,15.724
11,15.723
12,15.721
13,15.719
14,15.717
15,15.715
16,15.713
17,15.712
18,15.71
19,15.708
20,15.706
21,15.704
22,15.702
23,15.701
24,15.699
25,15.697
26,15.695
27,15.693
28,15.691
29,15.69
30,15.688
31,15.686
32,15.684
33,15.682
34,15.68
35,15.679
36,15.677
37,15.675
38,15.673
39,15.671
40,15.669
41,15.668
42,15.666
43,15.664
44,15.662
45,15.66
46,15.658
47,15.657
48,15.655
49,15.653
50,15.651
51,15.649
52,15.647
53,15.646
54,15.644
55,15.642
56,15.64
57,15.638
58,15.637
59,15.635
60,15.633
61,15.631
62,15.629
63,15.627
64,15.626
65,15.624
66,15.622
67,15.62
68,15.618
69,15.616
70,15.614
71,15.613
72,15.611
73,15.609
74,15.607
75,15.605
76,15.603
77,15.602
78,15.6
79,15.598
80,15.596
81,15.594
82,15.592
83,15.59
84,15.589
85,15.587
86,15.585
87,15.583
88,15.581
89,15.579
90,15.577
91,15.575
92,15.574
93,15.572
94,15.57
95,15.568
96,15.566
97,15.564
98,15.562
99,15.56
100,15.558
101,15.556
102,15.554
103,15.552
104,15.55
105,15.548
106,15.545
107,15.543
108,15.541
109,15.539
110,15.536
111,15.534
112,15.531
113,15.529
114,15.526
115,15.524
116,15.521
117,15.518
118,15.515
119,15.512
120,15.508
121,15.505
122,15.501
123,15.497
124,15.493
125,15.489
126,15.484
127,15.479
128,15.474
129,15.468
130,15.462
131,15.456
132,15.449
133,15.441
134,15.433
135,15.424
136,15.414
137,15.403
138,15.391
139,15.378
140,15.364
141,15.348
142,15.331
143,15.313
144,15.292
145,15.269
146,15.245
147,15.217
148,15.187
149,15.153
150,15.117
151,15.076
152,15.031
153,14.982
154,14.928
155,14.868
156,14.802
157,14.729
158,14.649
159,14.561
160,14.464
161,14.357
162,14.241
163,14.112
164,13.972
165,13.818
166,13.65
167,13.467
168,13.267
169,13.05
170,12.814
171,12.559
172,12.282
173,11.983
174,11.661
175,11.315
176,10.944
177,10.546
178,10.122
179,9.6692
180,9.1883
181,8.6784
182,8.1389
183,7.5695
184,6.9699
185,6.34
186,5.6798
187,4.9893
188,4.2686
189,3.518
190,2.7379
191,1.9285
192,1.0905
193,0.22433
194,-0.66947
195,-1.5903
196,-2.5374
197,-3.5103
198,-4.5081
199,-5.5302
200,-6.5759
