0,23.844
1,23.842
2,23.84
3,23.838
4,23.836
5,23.835
6,23.833
7,23.831
8,23.829
9,23.827
10,23.825
11,23.824
12,23.822
13,23.82
14,23.818
15,23.816
16,23.814
17,23.813
18,23.811
19,23.809
20,23.807
21,23.805
22,23.803
23,23.802
24,23.8
25,23.798
26,23.796
27,23.794
28,23.792
29,23.791
30,23.789
31,23.787
32,23.785
33,23.783
34,23.781
35,23.78
36,23.778
37,23.776
38,23.774
39,23.772
40,23.77
41,23.768
42,23.767
43,23.765
44,23.763
45,23.761
46,23.759
47,23.757
48,23.755
49,23.753
50,23.752
51,23.75
52,23.748
53,23.746
54,23.744
55,23.742
56,23.74
57,23.738
58,23.736
59,23.734
60,23.732
61,23.73
62,23.728
63,23.726
64,23.724
65,23.722
66,23.72
67,23.718
68,23.716
69,23.713
70,23.711
71,23.709
72,23.707
73,23.704
74,23.702
75,23.699
76,23.697
77,23.694
78,23.691
79,23.688
80,23.685
81,23.682
82,23.679
83,23.676
84,23.672
85,23.669
86,23.665
87,23.661
88,23.656
89,23.652
90,23.647
91,23.642
92,23.636
93,23.631
94,23.624
95,23.618
96,23.61
97,23.603
98,23.594
99,23.585
100,23.575
101,23.565
102,23.553
103,23.541
104,23.527
105,23.512
106,23.496
107,23.478
108,23.459
109,23.438
110,23.415
111,23.39
112,23.363
113,23.333
114,23.3
115,23.264
116,23.225
117,23.182
118,23.135
119,23.083
120,23.027
121,22.965
122,22.898
123,22.824
124,22.744
125,22.656
126,22.559
127,22.455
128,22.34
129,22.216
130,22.081
131,21.933
132,21.773
133,21.6
134,21.412
135,21.208
136,20.989
137,20.751
138,20.496
139,20.221
140,19.926
141,19.61
142,19.271
143,18.91
144,18.524
145,18.115
146,17.68
147,17.219
148,16.731
149,16.217
150,15.675
151,15.106
152,14.509
153,13.883
154,13.23
155,12.549
156,11.84
157,11.103
158,10.339
159,9.5472
160,8.7289
161,7.8843
162,7.0137
163,6.1177
164,5.1967
165,4.2514
166,3.2824
167,2.2901
168,1.2752
169,0.23835
170,-0.81993
171,-1.899
172,-2.9982
173,-4.117
174,-5.2549
175,-6.4111
176,-7.5851
177,-8.7765
178,-9.9845
179,-11.209
180,-12.449
181,-13.704
182,-14.974
183,-16.258
184,-17.555
185,-18.866
186,-20.19
187,-21.527
188,-22.875
189,-24.235
190,-25.607
191,-26.989
192,-28.382
193,-29.786
194,-31.199
195,-32.622
196,-34.054
197,-35.495
198,-36.945
199,-38.404
200,-39.871
