0,17.929
1,17.927
2,17.925
3,17.923
4,17.921
5,17.92
6,17.918
7,17.916
8,17.914
9,17.912
10,17.91
11,17.909
12,17.907
13,17.905
14,17.903
15,17.901
16,17.899
17,17.898
18,17.896
19,17.894
20,17.892
21,17.89
22,17.888
23,17.887
24,17.885
25,17.883
26,17.881
27,17.879
28,17.877
29,17.876
30,17.874
31,17.872
32,17.87
33,17.868
34,17.866
35,17.865
36,17.863
37,17.861
38,17.859
39,17.857
40,17.855
41,17.854
42,17.852
43,17.85
44,17.848
45,17.846
46,17.844
47,17.843
48,17.841
49,17.839
50,17.837
51,17.835
52,17.833
53,17.832
54,17.83
55,17.828
56,17.826
57,17.824
58,17.822
59,17.82
60,17.819
61,17.817
62,17.815
63,17.813
64,17.811
65,17.809
66,17.807
67,17.805
68,17.803
69,17.802
70,17.8
71,17.798
72,17.796
73,17.794
74,17.792
75,17.79
76,17.788
77,17.786
78,17.784
79,17.782
80,17.779
81,17.777
82,17.775
83,17.773
84,17.771
85,17.769
86,17.766
87,17.764
88,17.761
89,17.759
90,17.756
91,17.754
92,17.751
93,17.748
94,17.745
95,17.742
96,17.739
97,17.736
98,17.732
99,17.728
100,17.725
101,17.721
102,17.716
103,17.712
104,17.707
105,17.702
106,17.696
107,17.69
108,17.684
109,17.677
110,17.67
111,17.662
112,17.653
113,17.644
114,17.634
115,17.623
116,17.611
117,17.598
118,17.584
119,17.568
120,17.551
121,17.533
122,17.513
123,17.49
124,17.466
125,17.44
126,17.411
127,17.379
128,17.344
129,17.305
130,17.263
131,17.217
132,17.166
133,17.111
134,17.05
135,16.983
136,16.91
137,16.829
138,16.741
139,16.645
140,16.54
141,16.425
142,16.3
143,16.163
144,16.014
145,15.852
146,15.676
147,15.484
148,15.277
149,15.053
150,14.81
151,14.548
152,14.266
153,13.964
154,13.638
155,13.29
156,12.918
157,12.521
158,12.099
159,11.65
160,11.174
161,10.671
162,10.14
163,9.5805
164,8.9926
165,8.3761
166,7.7309
167,7.0568
168,6.3542
169,5.623
170,4.8636
171,4.0762
172,3.2613
173,2.4193
174,1.5507
175,0.65587
176,-0.26451
177,-1.2099
178,-2.1797
179,-3.1732
180,-4.1899
181,-5.2292
182,-6.2903
183,-7.3726
184,-8.4755
185,-9.5985
186,-10.741
187,-11.902
188,-13.081
189,-14.278
190,-15.491
191,-16.721
192,-17.967
193,-19.229
194,-20.505
195,-21.796
196,-23.1
197,-24.418
198,-25.749
199,-27.092
200,-28.448
