0,28.187
1,28.185
2,28.183
3,28.181
4,28.179
5,28.177
6,28.176
7,28.174
8,28.172
9,28.17
10,28.168
11,28.166
12,28.165
13,28.163
14,28.161
15,28.159
16,28.157
17,28.155
18,28.154
19,28.152
20,28.15
21,28.148
22,28.146
23,28.144
24,28.143
25,28.141
26,28.139
27,28.137
28,28.135
29,28.133
30,28.132
31,28.13
32,28.128
33,28.126
34,28.124
35,28.122
36,28.121
37,28.119
38,28.117
39,28.115
40,28.113
41,28.111
42,28.109
43,28.108
44,28.106
45,28.104
46,28.102
47,28.1
48,28.098
49,28.096
50,28.095
51,28.093
52,28.091
53,28.089
54,28.087
55,28.085
56,28.083
57,28.081
58,28.079
59,28.078
60,28.076
61,28.074
62,28.072
63,28.07
64,28.068
65,28.066
66,28.064
67,28.062
68,28.06
69,28.057
70,28.055
71,28.053
72,28.051
73,28.049
74,28.046
75,28.044
76,28.042
77,28.039
78,28.037
79,28.034
80,28.032
81,28.029
82,28.026
83,28.023
84,28.02
85,28.017
86,28.014
87,28.01
88,28.007
89,28.003
90,27.999
91,27.994
92,27.99
93,27.985
94,27.98
95,27.975
96,27.969
97,27.963
98,27.956
99,27.949
100,27.941
101,27.933
102,27.924
103,27.914
104,27.903
105,27.892
106,27.879
107,27.865
108,27.851
109,27.834
110,27.817
111,27.797
112,27.776
113,27.753
114,27.728
115,27.7
116,27.67
117,27.636
118,27.6
119,27.56
120,27.516
121,27.468
122,27.416
123,27.358
124,27.295
125,27.226
126,27.151
127,27.068
128,26.978
129,26.879
130,26.772
131,26.654
132,26.526
133,26.386
134,26.234
135,26.069
136,25.89
137,25.696
138,25.486
139,25.258
140,25.013
141,24.749
142,24.464
143,24.159
144,23.832
145,23.482
146,23.108
147,22.709
148,22.286
149,21.836
150,21.36
151,20.857
152,20.326
153,19.767
154,19.18
155,18.565
156,17.921
157,17.249
158,16.549
159,15.821
160,15.065
161,14.281
162,13.469
163,12.631
164,11.767
165,10.877
166,9.9613
167,9.0209
168,8.0563
169,7.068
170,6.0568
171,5.0232
172,3.9679
173,2.8914
174,1.7944
175,0.67749
176,-0.4587
177,-1.6136
178,-2.7866
179,-3.9771
180,-5.1846
181,-6.4085
182,-7.6483
183,-8.9035
184,-10.174
185,-11.458
186,-12.756
187,-14.068
188,-15.393
189,-16.73
190,-18.08
191,-19.441
192,-20.814
193,-22.198
194,-23.592
195,-24.997
196,-26.412
197,-27.837
198,-29.271
199,-30.714
200,-32.166
