0,20.414
1,20.412
2,20.41
3,20.408
4,20.407
5,20.405
6,20.403
7,20.401
8,20.399
9,20.397
10,20.396
11,20.394
12,20.392
13,20.39
14,20.388
15,20.386
16,20.385
17,20.383
18,20.381
19,20.379
20,20.377
21,20.375
22,20.374
23,20.372
24,20.37
25,20.368
26,20.366
27,20.364
28,20.363
29,20.361
30,20.359
31,20.357
32,20.355
33,20.353
34,20.352
35,20.35
36,20.348
37,20.346
38,20.344
39,20.342
40,20.341
41,20.339
42,20.337
43,20.335
44,20.333
45,20.331
46,20.33
47,20.328
48,20.326
49,20.324
50,20.322
51,20.32
52,20.319
53,20.317
54,20.315
55,20.313
56,20.311
57,20.309
58,20.308
59,20.306
60,20.304
61,20.302
62,20.3
63,20.298
64,20.297
65,20.295
66,20.293
67,20.291
68,20.289
69,20.287
70,20.286
71,20.284
72,20.282
73,20.28
74,20.278
75,20.276
76,20.274
77,20.273
78,20.271
79,20.269
80,20.267
81,20.265
82,20.263
83,20.261
84,20.259
85,20.257
86,20.255
87,20.254
88,20.252
89,20.25
90,20.248
91,20.246
92,20.244
93,20.242
94,20.24
95,20.237
96,20.235
97,20.233
98,20.231
99,20.229
100,20.227
101,20.224
102,20.222
103,20.22
104,20.217
105,20.215
106,20.212
107,20.209
108,20.207
109,20.204
110,20.201
111,20.197
112,20.194
113,20.191
114,20.187
115,20.183
116,20.179
117,20.175
118,20.17
119,20.165
120,20.16
121,20.155
122,20.149
123,20.142
124,20.135
125,20.128
126,20.119
127,20.111
128,20.101
129,20.09
130,20.079
131,20.066
132,20.053
133,20.038
134,20.021
135,20.003
136,19.983
137,19.962
138,19.938
139,19.911
140,19.882
141,19.851
142,19.816
143,19.777
144,19.734
145,19.688
146,19.636
147,19.579
148,19.517
149,19.448
150,19.372
151,19.289
152,19.198
153,19.097
154,18.987
155,18.867
156,18.735
157,18.59
158,18.433
159,18.26
160,18.073
161,17.869
162,17.647
163,17.407
164,17.147
165,16.866
166,16.563
167,16.237
168,15.886
169,15.511
170,15.11
171,14.682
172,14.227
173,13.743
174,13.231
175,12.689
176,12.118
177,11.518
178,10.887
179,10.227
180,9.5361
181,8.8159
182,8.0662
183,7.2873
184,6.4796
185,5.6436
186,4.7798
187,3.8886
188,2.9708
189,2.0269
190,1.0575
191,0.063466
192,-0.95468
193,-1.9962
194,-3.0604
195,-4.1466
196,-5.2541
197,-6.3823
198,-7.5304
199,-8.6978
200,-9.8838
