0,14.015
1,14.013
2,14.011
3,14.009
4,14.008
5,14.006
6,14.004
7,14.002
8,14
9,13.999
10,13.997
11,13.995
12,13.993
13,13.991
14,13.989
15,13.988
16,13.986
17,13.984
18,13.982
19,13.98
20,13.978
21,13.977
22,13.975
23,13.973
24,13.971
25,13.969
26,13.967
27,13.966
28,13.964
29,13.962
30,13.96
31,13.958
32,13.956
33,13.955
34,13.953
35,13.951
36,13.949
37,13.947
38,13.945
39,13.944
40,13.942
41,13.94
42,13.938
43,13.936
44,13.934
45,13.933
46,13.931
47,13.929
48,13.927
49,13.925
50,13.923
51,13.922
52,13.92
53,13.918
54,13.916
55,13.914
56,13.912
57,13.911
58,13.909
59,13.907
60,13.905
61,13.903
62,13.901
63,13.9
64,13.898
65,13.896
66,13.894
67,13.892
68,13.89
69,13.888
70,13.887
71,13.885
72,13.883
73,13.881
74,13.879
75,13.877
76,13.875
77,13.874
78,13.872
79,13.87
80,13.868
81,13.866
82,13.864
83,13.862
84,13.86
85,13.858
86,13.856
87,13.854
88,13.852
89,13.85
90,13.848
91,13.846
92,13.844
93,13.842
94,13.84
95,13.838
96,13.836
97,13.833
98,13.831
99,13.829
100,13.827
101,13.824
102,13.822
103,13.819
104,13.816
105,13.814
106,13.811
107,13.808
108,13.805
109,13.802
110,13.798
111,13.795
112,13.791
113,13.787
114,13.783
115,13.779
116,13.774
117,13.77
118,13.764
119,13.759
120,13.753
121,13.746
122,13.739
123,13.732
124,13.724
125,13.715
126,13.705
127,13.695
128,13.683
129,13.671
130,13.657
131,13.642
132,13.626
133,13.608
134,13.589
135,13.567
136,13.544
137,13.518
138,13.49
139,13.459
140,13.424
141,13.387
142,13.345
143,13.3
144,13.249
145,13.194
146,13.134
147,13.067
148,12.994
149,12.914
150,12.825
151,12.729
152,12.623
153,12.506
154,12.379
155,12.241
156,12.089
157,11.924
158,11.744
159,11.548
160,11.335
161,11.105
162,10.856
163,10.586
164,10.296
165,9.9831
166,9.6472
167,9.2872
168,8.9022
169,8.4912
170,8.0536
171,7.5886
172,7.0956
173,6.5741
174,6.0237
175,5.4442
176,4.8352
177,4.1967
178,3.5286
179,2.8311
180,2.1043
181,1.3485
182,0.56393
183,-0.24895
184,-1.0897
185,-1.9579
186,-2.8528
187,-3.7741
188,-4.7209
189,-5.6928
190,-6.689
191,-7.709
192,-8.7519
193,-9.8172
194,-10.904
195,-12.012
196,-13.14
197,-14.288
198,-15.455
199,-16.641
200,-17.844
