0,27.228
1,27.226
2,27.225
3,27.223
4,27.221
5,27.219
6,27.217
7,27.215
8,27.214
9,27.212
10,27.21
11,27.208
12,27.206
13,27.204
14,27.203
15,27.201
16,27.199
17,27.197
18,27.195
19,27.193
20,27.192
21,27.19
22,27.188
23,27.186
24,27.184
25,27.182
26,27.181
27,27.179
28,27.177
29,27.175
30,27.173
31,27.171
32,27.17
33,27.168
34,27.166
35,27.164
36,27.162
37,27.16
38,27.159
39,27.157
40,27.155
41,27.153
42,27.151
43,27.149
44,27.148
45,27.146
46,27.144
47,27.142
48,27.14
49,27.138
50,27.137
51,27.135
52,27.133
53,27.131
54,27.129
55,27.127
56,27.126
57,27.124
58,27.122
59,27.12
60,27.118
61,27.116
62,27.114
63,27.113
64,27.111
65,27.109
66,27.107
67,27.105
68,27.103
69,27.101
70,27.099
71,27.097
72,27.095
73,27.094
74,27.092
75,27.09
76,27.088
77,27.086
78,27.084
79,27.082
80,27.08
81,27.078
82,27.075
83,27.073
84,27.071
85,27.069
86,27.067
87,27.065
88,27.062
89,27.06
90,27.057
91,27.055
92,27.052
93,27.05
94,27.047
95,27.044
96,27.041
97,27.038
98,27.035
99,27.032
100,27.028
101,27.025
102,27.021
103,27.017
104,27.012
105,27.008
106,27.003
107,26.998
108,26.992
109,26.986
110,26.98
111,26.973
112,26.965
113,26.957
114,26.948
115,26.939
116,26.929
117,26.917
118,26.905
119,26.892
120,26.877
121,26.861
122,26.844
123,26.825
124,26.804
125,26.781
126,26.756
127,26.728
128,26.698
129,26.665
130,26.628
131,26.588
132,26.544
133,26.495
134,26.442
135,26.383
136,26.319
137,26.248
138,26.171
139,26.086
140,25.993
141,25.891
142,25.779
143,25.657
144,25.523
145,25.378
146,25.219
147,25.046
148,24.858
149,24.654
150,24.433
151,24.194
152,23.935
153,23.656
154,23.356
155,23.033
156,22.687
157,22.316
158,21.921
159,21.499
160,21.051
161,20.575
162,20.072
163,19.54
164,18.979
165,18.39
166,17.771
167,17.123
168,16.446
169,15.739
170,15.004
171,14.24
172,13.448
173,12.627
174,11.78
175,10.905
176,10.004
177,9.0769
178,8.1246
179,7.1478
180,6.147
181,5.1228
182,4.0759
183,3.0071
184,1.9169
185,0.80599
186,-0.32496
187,-1.4753
188,-2.6445
189,-3.8318
190,-5.0367
191,-6.2585
192,-7.4968
193,-8.751
194,-10.021
195,-11.305
196,-12.604
197,-13.916
198,-15.242
199,-16.581
200,-17.932
