0,15.573
1,15.571
2,15.569
3,15.567
4,15.565
5,15.563
6,15.562
7,15.56
8,15.558
9,15.556
10,15.554
11,15.552
12,15.551
13,15.549
14,15.547
15,15.545
16,15.543
17,15.541
18,15.54
19,15.538
20,15.536
21,15.534
22,15.532
23,15.53
24,15.529
25,15.527
26,15.525
27,15.523
28,15.521
29,15.519
30,15.518
31,15.516
32,15.514
33,15.512
34,15.51
35,15.508
36,15.507
37,15.505
38,15.503
39,15.501
40,15.499
41,15.497
42,15.496
43,15.494
44,15.492
45,15.49
46,15.488
47,15.486
48,15.485
49,15.483
50,15.481
51,15.479
52,15.477
53,15.475
54,15.474
55,15.472
56,15.47
57,15.468
58,15.466
59,15.464
60,15.463
61,15.461
62,15.459
63,15.457
64,15.455
65,15.453
66,15.452
67,15.45
68,15.448
69,15.446
70,15.444
71,15.442
72,15.441
73,15.439
74,15.437
75,15.435
76,15.433
77,15.431
78,15.429
79,15.427
80,15.426
81,15.424
82,15.422
83,15.42
84,15.418
85,15.416
86,15.414
87,15.412
88,15.41
89,15.408
90,15.406
91,15.404
92,15.402
93,15.4
94,15.398
95,15.396
96,15.394
97,15.392
98,15.39
99,15.387
100,15.385
101,15.383
102,15.38
103,15.378
104,15.376
105,15.373
106,15.37
107,15.368
108,15.365
109,15.362
110,15.359
111,15.356
112,15.352
113,15.349
114,15.345
115,15.341
116,15.337
117,15.333
118,15.328
119,15.323
120,15.318
121,15.312
122,15.306
123,15.3
124,15.293
125,15.285
126,15.277
127,15.268
128,15.258
129,15.247
130,15.236
131,15.223
132,15.209
133,15.194
134,15.178
135,15.16
136,15.14
137,15.118
138,15.094
139,15.067
140,15.038
141,15.006
142,14.971
143,14.933
144,14.89
145,14.843
146,14.792
147,14.735
148,14.672
149,14.604
150,14.528
151,14.446
152,14.355
153,14.255
154,14.145
155,14.025
156,13.894
157,13.751
158,13.594
159,13.423
160,13.237
161,13.035
162,12.816
163,12.578
164,12.32
165,12.042
166,11.742
167,11.419
168,11.073
169,10.702
170,10.305
171,9.8816
172,9.4312
173,8.9529
174,8.4463
175,7.9107
176,7.3458
177,6.7515
178,6.1274
179,5.4736
180,4.7901
181,4.0771
182,3.3346
183,2.5631
184,1.7629
185,0.93445
186,0.078174
187,-0.80536
188,-1.7156
189,-2.6519
190,-3.6136
191,-4.6001
192,-5.6108
193,-6.6449
194,-7.7017
195,-8.7806
196,-9.8809
197,-11.002
198,-12.143
199,-13.304
200,-14.483
