0,12.741
1,12.739
2,12.737
3,12.735
4,12.733
5,12.732
6,12.73
7,12.728
8,12.726
9,12.724
10,12.722
11,12.721
12,12.719
13,12.717
14,12.715
15,12.713
16,12.711
17,12.71
18,12.708
19,12.706
20,12.704
21,12.702
22,12.7
23,12.699
24,12.697
25,12.695
26,12.693
27,12.691
28,12.689
29,12.688
30,12.686
31,12.684
32,12.682
33,12.68
34,12.678
35,12.677
36,12.675
37,12.673
38,12.671
39,12.669
40,12.667
41,12.666
42,12.664
43,12.662
44,12.66
45,12.658
46,12.656
47,12.655
48,12.653
49,12.651
50,12.649
51,12.647
52,12.645
53,12.644
54,12.642
55,12.64
56,12.638
57,12.636
58,12.634
59,12.633
60,12.631
61,12.629
62,12.627
63,12.625
64,12.623
65,12.622
66,12.62
67,12.618
68,12.616
69,12.614
70,12.612
71,12.611
72,12.609
73,12.607
74,12.605
75,12.603
76,12.601
77,12.599
78,12.598
79,12.596
80,12.594
81,12.592
82,12.59
83,12.588
84,12.586
85,12.584
86,12.583
87,12.581
88,12.579
89,12.577
90,12.575
91,12.573
92,12.571
93,12.569
94,12.567
95,12.565
96,12.563
97,12.561
98,12.559
99,12.557
100,12.554
101,12.552
102,12.55
103,12.548
104,12.545
105,12.543
106,12.541
107,12.538
108,12.536
109,12.533
110,12.53
111,12.527
112,12.524
113,12.521
114,12.518
115,12.515
116,12.511
117,12.508
118,12.504
119,12.5
120,12.495
121,12.491
122,12.486
123,12.48
124,12.474
125,12.468
126,12.462
127,12.454
128,12.447
129,12.438
130,12.429
131,12.419
132,12.408
133,12.397
134,12.384
135,12.37
136,12.354
137,12.337
138,12.319
139,12.298
140,12.276
141,12.251
142,12.224
143,12.195
144,12.162
145,12.126
146,12.086
147,12.043
148,11.995
149,11.942
150,11.883
151,11.819
152,11.749
153,11.671
154,11.586
155,11.493
156,11.39
157,11.278
158,11.155
159,11.02
160,10.873
161,10.712
162,10.536
163,10.345
164,10.138
165,9.9121
166,9.6678
167,9.4036
168,9.1183
169,8.8108
170,8.4802
171,8.1254
172,7.7454
173,7.3395
174,6.9067
175,6.4465
176,5.958
177,5.4408
178,4.8945
179,4.3188
180,3.7133
181,3.0781
182,2.413
183,1.7181
184,0.99361
185,0.23978
186,-0.54309
187,-1.3546
188,-2.1943
189,-3.0616
190,-3.9561
191,-4.8772
192,-5.8241
193,-6.7963
194,-7.793
195,-8.8137
196,-9.8576
197,-10.924
198,-12.012
199,-13.122
200,-14.252
