0,16.753
1,16.751
2,16.749
3,16.747
4,16.745
5,16.744
6,16.742
7,16.74
8,16.738
9,16.736
10,16.734
11,16.733
12,16.731
13,16.729
14,16.727
15,16.725
16,16.723
17,16.722
18,16.72
19,16.718
20,16.716
21,16.714
22,16.712
23,16.711
24,16.709
25,16.707
26,16.705
27,16.703
28,16.701
29,16.7
30,16.698
31,16.696
32,16.694
33,16.692
34,16.69
35,16.689
36,16.687
37,16.685
38,16.683
39,16.681
40,16.679
41,16.677
42,16.676
43,16.674
44,16.672
45,16.67
46,16.668
47,16.666
48,16.664
49,16.663
50,16.661
51,16.659
52,16.657
53,16.655
54,16.653
55,16.651
56,16.649
57,16.647
58,16.645
59,16.644
60,16.642
61,16.64
62,16.638
63,16.636
64,16.634
65,16.632
66,16.629
67,16.627
68,16.625
69,16.623
70,16.621
71,16.619
72,16.617
73,16.614
74,16.612
75,16.61
76,16.607
77,16.605
78,16.602
79,16.599
80,16.597
81,16.594
82,16.591
83,16.588
84,16.585
85,16.582
86,16.578
87,16.574
88,16.571
89,16.567
90,16.562
91,16.558
92,16.553
93,16.548
94,16.543
95,16.537
96,16.531
97,16.524
98,16.517
99,16.51
100,16.502
101,16.493
102,16.483
103,16.473
104,16.462
105,16.45
106,16.436
107,16.422
108,16.406
109,16.389
110,16.371
111,16.351
112,16.328
113,16.304
114,16.278
115,16.249
116,16.217
117,16.183
118,16.145
119,16.104
120,16.058
121,16.009
122,15.955
123,15.895
124,15.83
125,15.76
126,15.682
127,15.597
128,15.505
129,15.404
130,15.295
131,15.175
132,15.045
133,14.903
134,14.749
135,14.582
136,14.401
137,14.205
138,13.993
139,13.765
140,13.518
141,13.253
142,12.968
143,12.662
144,12.335
145,11.985
146,11.612
147,11.215
148,10.793
149,10.346
150,9.8719
151,9.3716
152,8.8443
153,8.2896
154,7.7073
155,7.0971
156,6.459
157,5.7929
158,5.099
159,4.3773
160,3.6281
161,2.8516
162,2.0483
163,1.2183
164,0.36232
165,-0.51934
166,-1.4261
167,-2.3575
168,-3.3129
169,-4.2918
170,-5.2936
171,-6.3177
172,-7.3634
173,-8.4302
174,-9.5175
175,-10.625
176,-11.751
177,-12.896
178,-14.06
179,-15.24
180,-16.438
181,-17.653
182,-18.883
183,-20.129
184,-21.389
185,-22.664
186,-23.953
187,-25.256
188,-26.572
189,-27.9
190,-29.241
191,-30.593
192,-31.958
193,-33.333
194,-34.719
195,-36.115
196,-37.522
197,-38.938
198,-40.364
199,-41.8
200,-43.244
