0,24.349
1,24.347
2,24.345
3,24.343
4,24.342
5,24.34
6,24.338
7,24.336
8,24.334
9,24.332
10,24.331
11,24.329
12,24.327
13,24.325
14,24.323
15,24.321
16,24.32
17,24.318
18,24.316
19,24.314
20,24.312
21,24.31
22,24.309
23,24.307
24,24.305
25,24.303
26,24.301
27,24.299
28,24.298
29,24.296
30,24.294
31,24.292
32,24.29
33,24.288
34,24.287
35,24.285
36,24.283
37,24.281
38,24.279
39,24.277
40,24.275
41,24.274
42,24.272
43,24.27
44,24.268
45,24.266
46,24.264
47,24.262
48,24.261
49,24.259
50,24.257
51,24.255
52,24.253
53,24.251
54,24.249
55,24.247
56,24.245
57,24.243
58,24.242
59,24.24
60,24.238
61,24.236
62,24.234
63,24.232
64,24.23
65,24.227
66,24.225
67,24.223
68,24.221
69,24.219
70,24.217
71,24.215
72,24.212
73,24.21
74,24.208
75,24.205
76,24.203
77,24.2
78,24.197
79,24.195
80,24.192
81,24.189
82,24.186
83,24.183
84,24.179
85,24.176
86,24.172
87,24.168
88,24.164
89,24.16
90,24.155
91,24.151
92,24.146
93,24.14
94,24.134
95,24.128
96,24.121
97,24.114
98,24.106
99,24.098
100,24.089
101,24.079
102,24.069
103,24.057
104,24.045
105,24.031
106,24.016
107,24
108,23.983
109,23.964
110,23.943
111,23.92
112,23.895
113,23.867
114,23.837
115,23.805
116,23.769
117,23.73
118,23.687
119,23.64
120,23.588
121,23.532
122,23.47
123,23.403
124,23.329
125,23.248
126,23.16
127,23.064
128,22.959
129,22.844
130,22.719
131,22.583
132,22.436
133,22.275
134,22.101
135,21.912
136,21.708
137,21.487
138,21.249
139,20.992
140,20.716
141,20.42
142,20.102
143,19.762
144,19.398
145,19.011
146,18.599
147,18.162
148,17.699
149,17.209
150,16.692
151,16.147
152,15.575
153,14.975
154,14.347
155,13.69
156,13.006
157,12.293
158,11.553
159,10.785
160,9.9905
161,9.1687
162,8.3205
163,7.4464
164,6.5468
165,5.6223
166,4.6735
167,3.7008
168,2.705
169,1.6867
170,0.6463
171,-0.41542
172,-1.4979
173,-2.6005
174,-3.7227
175,-4.8638
176,-6.0232
177,-7.2005
178,-8.395
179,-9.6062
180,-10.833
181,-12.076
182,-13.335
183,-14.607
184,-15.894
185,-17.195
186,-18.508
187,-19.835
188,-21.174
189,-22.525
190,-23.888
191,-25.262
192,-26.647
193,-28.042
194,-29.448
195,-30.864
196,-32.289
197,-33.723
198,-35.167
199,-36.619
200,-38.08
