0,28.03
1,28.028
2,28.026
3,28.024
4,28.023
5,28.021
6,28.019
7,28.017
8,28.015
9,28.013
10,28.012
11,28.01
12,28.008
13,28.006
14,28.004
15,28.003
16,28.001
17,27.999
18,27.997
19,27.995
20,27.993
21,27.992
22,27.99
23,27.988
24,27.986
25,27.984
26,27.982
27,27.981
28,27.979
29,27.977
30,27.975
31,27.973
32,27.971
33,27.97
34,27.968
35,27.966
36,27.964
37,27.962
38,27.96
39,27.959
40,27.957
41,27.955
42,27.953
43,27.951
44,27.949
45,27.948
46,27.946
47,27.944
48,27.942
49,27.94
50,27.938
51,27.937
52,27.935
53,27.933
54,27.931
55,27.929
56,27.927
57,27.925
58,27.924
59,27.922
60,27.92
61,27.918
62,27.916
63,27.914
64,27.913
65,27.911
66,27.909
67,27.907
68,27.905
69,27.903
70,27.901
71,27.899
72,27.898
73,27.896
74,27.894
75,27.892
76,27.89
77,27.888
78,27.886
79,27.884
80,27.882
81,27.88
82,27.878
83,27.876
84,27.874
85,27.872
86,27.87
87,27.868
88,27.866
89,27.863
90,27.861
91,27.859
92,27.857
93,27.854
94,27.852
95,27.849
96,27.847
97,27.844
98,27.841
99,27.838
100,27.835
101,27.832
102,27.829
103,27.826
104,27.822
105,27.819
106,27.815
107,27.811
108,27.806
109,27.801
110,27.796
111,27.791
112,27.785
113,27.779
114,27.773
115,27.765
116,27.758
117,27.749
118,27.74
119,27.73
120,27.72
121,27.708
122,27.695
123,27.681
124,27.666
125,27.649
126,27.631
127,27.611
128,27.589
129,27.565
130,27.538
131,27.509
132,27.477
133,27.442
134,27.403
135,27.361
136,27.314
137,27.262
138,27.205
139,27.143
140,27.075
141,26.999
142,26.917
143,26.826
144,26.727
145,26.618
146,26.499
147,26.368
148,26.226
149,26.07
150,25.901
151,25.716
152,25.516
153,25.298
154,25.062
155,24.807
156,24.531
157,24.234
158,23.915
159,23.572
160,23.205
161,22.812
162,22.393
163,21.948
164,21.475
165,20.973
166,20.443
167,19.884
168,19.296
169,18.678
170,18.031
171,17.354
172,16.648
173,15.913
174,15.149
175,14.356
176,13.534
177,12.686
178,11.809
179,10.907
180,9.9778
181,9.0235
182,8.0444
183,7.0411
184,6.0143
185,4.9647
186,3.893
187,2.7998
188,1.6857
189,0.55156
190,-0.60212
191,-1.7747
192,-2.9654
193,-4.1738
194,-5.3993
195,-6.6412
196,-7.899
197,-9.1722
198,-10.46
199,-11.763
200,-13.079
