0,24.869
1,24.867
2,24.865
3,24.864
4,24.862
5,24.86
6,24.858
7,24.856
8,24.855
9,24.853
10,24.851
11,24.849
12,24.847
13,24.845
14,24.844
15,24.842
16,24.84
17,24.838
18,24.836
19,24.834
20,24.833
21,24.831
22,24.829
23,24.827
24,24.825
25,24.823
26,24.822
27,24.82
28,24.818
29,24.816
30,24.814
31,24.812
32,24.811
33,24.809
34,24.807
35,24.805
36,24.803
37,24.801
38,24.8
39,24.798
40,24.796
41,24.794
42,24.792
43,24.79
44,24.789
45,24.787
46,24.785
47,24.783
48,24.781
49,24.779
50,24.778
51,24.776
52,24.774
53,24.772
54,24.77
55,24.768
56,24.767
57,24.765
58,24.763
59,24.761
60,24.759
61,24.757
62,24.756
63,24.754
64,24.752
65,24.75
66,24.748
67,24.746
68,24.745
69,24.743
70,24.741
71,24.739
72,24.737
73,24.735
74,24.734
75,24.732
76,24.73
77,24.728
78,24.726
79,24.724
80,24.722
81,24.721
82,24.719
83,24.717
84,24.715
85,24.713
86,24.711
87,24.709
88,24.707
89,24.705
90,24.704
91,24.702
92,24.7
93,24.698
94,24.696
95,24.694
96,24.692
97,24.69
98,24.688
99,24.686
100,24.684
101,24.682
102,24.679
103,24.677
104,24.675
105,24.673
106,24.67
107,24.668
108,24.666
109,24.663
110,24.661
111,24.658
112,24.655
113,24.652
114,24.649
115,24.646
116,24.643
117,24.64
118,24.636
119,24.633
120,24.629
121,24.624
122,24.62
123,24.615
124,24.61
125,24.605
126,24.599
127,24.593
128,24.586
129,24.578
130,24.57
131,24.562
132,24.552
133,24.542
134,24.531
135,24.519
136,24.505
137,24.49
138,24.474
139,24.456
140,24.437
141,24.415
142,24.392
143,24.366
144,24.337
145,24.305
146,24.27
147,24.232
148,24.189
149,24.142
150,24.09
151,24.033
152,23.97
153,23.901
154,23.825
155,23.741
156,23.648
157,23.546
158,23.434
159,23.312
160,23.177
161,23.03
162,22.869
163,22.693
164,22.501
165,22.292
166,22.064
167,21.818
168,21.55
169,21.262
170,20.95
171,20.614
172,20.254
173,19.868
174,19.455
175,19.014
176,18.545
177,18.047
178,17.52
179,16.963
180,16.375
181,15.757
182,15.109
183,14.43
184,13.721
185,12.982
186,12.213
187,11.415
188,10.588
189,9.732
190,8.8483
191,7.9373
192,6.9996
193,6.0358
194,5.0468
195,4.0331
196,2.9955
197,1.9347
198,0.85144
199,-0.25359
200,-1.3797
