0,13.098
1,13.096
2,13.094
3,13.092
4,13.091
5,13.089
6,13.087
7,13.085
8,13.083
9,13.081
10,13.08
11,13.078
12,13.076
13,13.074
14,13.072
15,13.07
16,13.069
17,13.067
18,13.065
19,13.063
20,13.061
21,13.059
22,13.058
23,13.056
24,13.054
25,13.052
26,13.05
27,13.048
28,13.047
29,13.045
30,13.043
31,13.041
32,13.039
33,13.037
34,13.036
35,13.034
36,13.032
37,13.03
38,13.028
39,13.026
40,13.025
41,13.023
42,13.021
43,13.019
44,13.017
45,13.015
46,13.014
47,13.012
48,13.01
49,13.008
50,13.006
51,13.004
52,13.003
53,13.001
54,12.999
55,12.997
56,12.995
57,12.993
58,12.992
59,12.99
60,12.988
61,12.986
62,12.984
63,12.982
64,12.98
65,12.979
66,12.977
67,12.975
68,12.973
69,12.971
70,12.969
71,12.967
72,12.966
73,12.964
74,12.962
75,12.96
76,12.958
77,12.956
78,12.954
79,12.952
80,12.95
81,12.948
82,12.946
83,12.944
84,12.942
85,12.94
86,12.938
87,12.936
88,12.934
89,12.932
90,12.93
91,12.928
92,12.925
93,12.923
94,12.921
95,12.918
96,12.916
97,12.914
98,12.911
99,12.908
100,12.906
101,12.903
102,12.9
103,12.897
104,12.894
105,12.89
106,12.887
107,12.883
108,12.879
109,12.875
110,12.871
111,12.866
112,12.861
113,12.856
114,12.851
115,12.845
116,12.838
117,12.831
118,12.824
119,12.816
120,12.807
121,12.798
122,12.787
123,12.776
124,12.764
125,12.751
126,12.736
127,12.72
128,12.703
129,12.684
130,12.663
131,12.641
132,12.616
133,12.588
134,12.558
135,12.525
136,12.489
137,12.449
138,12.405
139,12.357
140,12.304
141,12.246
142,12.182
143,12.112
144,12.036
145,11.951
146,11.859
147,11.758
148,11.648
149,11.527
150,11.395
151,11.251
152,11.094
153,10.924
154,10.738
155,10.536
156,10.318
157,10.081
158,9.8256
159,9.5499
160,9.2531
161,8.934
162,8.5919
163,8.2257
164,7.8346
165,7.4177
166,6.9744
167,6.5039
168,6.0057
169,5.4793
170,4.9243
171,4.3405
172,3.7276
173,3.0856
174,2.4145
175,1.7143
176,0.98522
177,0.2275
178,-0.55853
179,-1.3725
180,-2.214
181,-3.0824
182,-3.9774
183,-4.8982
184,-5.8444
185,-6.8153
186,-7.8102
187,-8.8286
188,-9.8697
189,-10.933
190,-12.018
191,-13.123
192,-14.249
193,-15.394
194,-16.558
195,-17.74
196,-18.94
197,-20.157
198,-21.391
199,-22.641
200,-23.906
