0,20.421
1,20.419
2,20.418
3,20.416
4,20.414
5,20.412
6,20.41
7,20.408
8,20.407
9,20.405
10,20.403
11,20.401
12,20.399
13,20.397
14,20.396
15,20.394
16,20.392
17,20.39
18,20.388
19,20.386
20,20.385
21,20.383
22,20.381
23,20.379
24,20.377
25,20.375
26,20.374
27,20.372
28,20.37
29,20.368
30,20.366
31,20.364
32,20.363
33,20.361
34,20.359
35,20.357
36,20.355
37,20.353
38,20.352
39,20.35
40,20.348
41,20.346
42,20.344
43,20.342
44,20.341
45,20.339
46,20.337
47,20.335
48,20.333
49,20.331
50,20.33
51,20.328
52,20.326
53,20.324
54,20.322
55,20.32
56,20.319
57,20.317
58,20.315
59,20.313
60,20.311
61,20.309
62,20.307
63,20.306
64,20.304
65,20.302
66,20.3
67,20.298
68,20.296
69,20.294
70,20.292
71,20.291
72,20.289
73,20.287
74,20.285
75,20.283
76,20.281
77,20.279
78,20.277
79,20.275
80,20.273
81,20.271
82,20.269
83,20.267
84,20.265
85,20.263
86,20.261
87,20.259
88,20.257
89,20.254
90,20.252
91,20.25
92,20.248
93,20.245
94,20.243
95,20.24
96,20.238
97,20.235
98,20.232
99,20.229
100,20.226
101,20.223
102,20.22
103,20.217
104,20.213
105,20.209
106,20.205
107,20.201
108,20.197
109,20.192
110,20.187
111,20.182
112,20.176
113,20.17
114,20.163
115,20.156
116,20.148
117,20.14
118,20.131
119,20.121
120,20.11
121,20.098
122,20.086
123,20.072
124,20.057
125,20.04
126,20.022
127,20.002
128,19.98
129,19.956
130,19.93
131,19.901
132,19.87
133,19.835
134,19.797
135,19.755
136,19.709
137,19.658
138,19.602
139,19.541
140,19.474
141,19.4
142,19.319
143,19.231
144,19.134
145,19.027
146,18.911
147,18.784
148,18.645
149,18.493
150,18.328
151,18.149
152,17.954
153,17.742
154,17.512
155,17.264
156,16.997
157,16.708
158,16.397
159,16.064
160,15.707
161,15.325
162,14.918
163,14.484
164,14.023
165,13.535
166,13.019
167,12.474
168,11.9
169,11.297
170,10.665
171,10.003
172,9.3128
173,8.5932
174,7.8447
175,7.0678
176,6.2627
177,5.4298
178,4.5697
179,3.6829
180,2.7699
181,1.8313
182,0.86774
183,-0.12015
184,-1.1317
185,-2.1663
186,-3.2233
187,-4.302
188,-5.4018
189,-6.5219
190,-7.6618
191,-8.8208
192,-9.9983
193,-11.194
194,-12.406
195,-13.636
196,-14.882
197,-16.143
198,-17.419
199,-18.71
200,-20.015
