0,14.46
1,14.458
2,14.457
3,14.455
4,14.453
5,14.451
6,14.449
7,14.447
8,14.446
9,14.444
10,14.442
11,14.44
12,14.438
13,14.436
14,14.435
15,14.433
16,14.431
17,14.429
18,14.427
19,14.425
20,14.424
21,14.422
22,14.42
23,14.418
24,14.416
25,14.414
26,14.413
27,14.411
28,14.409
29,14.407
30,14.405
31,14.403
32,14.402
33,14.4
34,14.398
35,14.396
36,14.394
37,14.392
38,14.391
39,14.389
40,14.387
41,14.385
42,14.383
43,14.381
44,14.38
45,14.378
46,14.376
47,14.374
48,14.372
49,14.37
50,14.369
51,14.367
52,14.365
53,14.363
54,14.361
55,14.359
56,14.358
57,14.356
58,14.354
59,14.352
60,14.35
61,14.348
62,14.347
63,14.345
64,14.343
65,14.341
66,14.339
67,14.337
68,14.336
69,14.334
70,14.332
71,14.33
72,14.328
73,14.326
74,14.324
75,14.323
76,14.321
77,14.319
78,14.317
79,14.315
80,14.313
81,14.311
82,14.309
83,14.308
84,14.306
85,14.304
86,14.302
87,14.3
88,14.298
89,14.296
90,14.294
91,14.292
92,14.29
93,14.288
94,14.286
95,14.284
96,14.282
97,14.28
98,14.278
99,14.275
100,14.273
101,14.271
102,14.268
103,14.266
104,14.264
105,14.261
106,14.259
107,14.256
108,14.253
109,14.25
110,14.247
111,14.244
112,14.241
113,14.238
114,14.234
115,14.23
116,14.226
117,14.222
118,14.218
119,14.213
120,14.208
121,14.202
122,14.196
123,14.19
124,14.183
125,14.176
126,14.168
127,14.16
128,14.15
129,14.14
130,14.129
131,14.117
132,14.104
133,14.09
134,14.074
135,14.057
136,14.038
137,14.017
138,13.995
139,13.97
140,13.942
141,13.912
142,13.879
143,13.842
144,13.802
145,13.757
146,13.709
147,13.655
148,13.596
149,13.531
150,13.46
151,13.381
152,13.295
153,13.2
154,13.096
155,12.983
156,12.858
157,12.722
158,12.573
159,12.411
160,12.234
161,12.041
162,11.831
163,11.604
164,11.358
165,11.092
166,10.805
167,10.495
168,10.163
169,9.8062
170,9.4243
171,9.0165
172,8.582
173,8.1199
174,7.6297
175,7.1109
176,6.563
177,5.9858
178,5.3789
179,4.7424
180,4.0761
181,3.3801
182,2.6546
183,1.8999
184,1.1163
185,0.30414
186,-0.53611
187,-1.4039
188,-2.2988
189,-3.22
190,-4.1671
191,-5.1394
192,-6.1361
193,-7.1567
194,-8.2005
195,-9.2667
196,-10.355
197,-11.464
198,-12.593
199,-13.743
200,-14.911
