0,25.127
1,25.125
2,25.123
3,25.122
4,25.12
5,25.118
6,25.116
7,25.114
8,25.112
9,25.111
10,25.109
11,25.107
12,25.105
13,25.103
14,25.102
15,25.1
16,25.098
17,25.096
18,25.094
19,25.092
20,25.091
21,25.089
22,25.087
23,25.085
24,25.083
25,25.081
26,25.08
27,25.078
28,25.076
29,25.074
30,25.072
31,25.07
32,25.069
33,25.067
34,25.065
35,25.063
36,25.061
37,25.059
38,25.058
39,25.056
40,25.054
41,25.052
42,25.05
43,25.048
44,25.047
45,25.045
46,25.043
47,25.041
48,25.039
49,25.037
50,25.036
51,25.034
52,25.032
53,25.03
54,25.028
55,25.026
56,25.025
57,25.023
58,25.021
59,25.019
60,25.017
61,25.015
62,25.013
63,25.012
64,25.01
65,25.008
66,25.006
67,25.004
68,25.002
69,25
70,24.999
71,24.997
72,24.995
73,24.993
74,24.991
75,24.989
76,24.987
77,24.985
78,24.983
79,24.982
80,24.98
81,24.978
82,24.976
83,24.974
84,24.972
85,24.97
86,24.968
87,24.966
88,24.964
89,24.962
90,24.959
91,24.957
92,24.955
93,24.953
94,24.951
95,24.948
96,24.946
97,24.943
98,24.941
99,24.938
100,24.936
101,24.933
102,24.93
103,24.927
104,24.924
105,24.921
106,24.917
107,24.914
108,24.91
109,24.906
110,24.902
111,24.897
112,24.893
113,24.888
114,24.882
115,24.877
116,24.87
117,24.864
118,24.856
119,24.849
120,24.84
121,24.831
122,24.821
123,24.81
124,24.798
125,24.785
126,24.771
127,24.756
128,24.739
129,24.72
130,24.7
131,24.677
132,24.653
133,24.625
134,24.596
135,24.563
136,24.527
137,24.487
138,24.444
139,24.396
140,24.343
141,24.285
142,24.222
143,24.151
144,24.074
145,23.99
146,23.897
147,23.795
148,23.684
149,23.562
150,23.428
151,23.282
152,23.123
153,22.95
154,22.761
155,22.555
156,22.333
157,22.091
158,21.83
159,21.549
160,21.245
161,20.919
162,20.568
163,20.193
164,19.793
165,19.366
166,18.911
167,18.429
168,17.918
169,17.379
170,16.81
171,16.212
172,15.584
173,14.927
174,14.24
175,13.524
176,12.778
177,12.004
178,11.201
179,10.369
180,9.5103
181,8.6243
182,7.7118
183,6.7732
184,5.8094
185,4.821
186,3.8085
187,2.7728
188,1.7144
189,0.63406
190,-0.46756
191,-1.5898
192,-2.732
193,-3.8934
194,-5.0736
195,-6.2718
196,-7.4874
197,-8.7199
198,-9.9687
199,-11.233
200,-12.513
