0,13.827
1,13.825
2,13.823
3,13.822
4,13.82
5,13.818
6,13.816
7,13.814
8,13.812
9,13.811
10,13.809
11,13.807
12,13.805
13,13.803
14,13.801
15,13.8
16,13.798
17,13.796
18,13.794
19,13.792
20,13.79
21,13.789
22,13.787
23,13.785
24,13.783
25,13.781
26,13.779
27,13.778
28,13.776
29,13.774
30,13.772
31,13.77
32,13.768
33,13.767
34,13.765
35,13.763
36,13.761
37,13.759
38,13.757
39,13.756
40,13.754
41,13.752
42,13.75
43,13.748
44,13.746
45,13.745
46,13.743
47,13.741
48,13.739
49,13.737
50,13.735
51,13.734
52,13.732
53,13.73
54,13.728
55,13.726
56,13.724
57,13.723
58,13.721
59,13.719
60,13.717
61,13.715
62,13.713
63,13.711
64,13.71
65,13.708
66,13.706
67,13.704
68,13.702
69,13.7
70,13.698
71,13.696
72,13.694
73,13.692
74,13.691
75,13.689
76,13.687
77,13.685
78,13.683
79,13.681
80,13.679
81,13.677
82,13.675
83,13.673
84,13.67
85,13.668
86,13.666
87,13.664
88,13.662
89,13.659
90,13.657
91,13.655
92,13.652
93,13.65
94,13.647
95,13.644
96,13.642
97,13.639
98,13.636
99,13.633
100,13.629
101,13.626
102,13.622
103,13.619
104,13.615
105,13.61
106,13.606
107,13.601
108,13.596
109,13.591
110,13.585
111,13.579
112,13.572
113,13.565
114,13.558
115,13.549
116,13.54
117,13.531
118,13.52
119,13.509
120,13.496
121,13.482
122,13.468
123,13.451
124,13.434
125,13.414
126,13.393
127,13.37
128,13.344
129,13.316
130,13.285
131,13.252
132,13.215
133,13.174
134,13.13
135,13.081
136,13.027
137,12.968
138,12.904
139,12.833
140,12.755
141,12.67
142,12.577
143,12.476
144,12.365
145,12.243
146,12.11
147,11.966
148,11.809
149,11.637
150,11.451
151,11.25
152,11.031
153,10.795
154,10.54
155,10.265
156,9.9688
157,9.6509
158,9.3103
159,8.9458
160,8.5568
161,8.1423
162,7.7016
163,7.2342
164,6.7394
165,6.2167
166,5.6657
167,5.0863
168,4.4781
169,3.841
170,3.1751
171,2.4804
172,1.7571
173,1.0053
174,0.22545
175,-0.58216
176,-1.4171
177,-2.2789
178,-3.1671
179,-4.081
180,-5.0202
181,-5.984
182,-6.9719
183,-7.9831
184,-9.0171
185,-10.073
186,-11.151
187,-12.249
188,-13.367
189,-14.506
190,-15.663
191,-16.838
192,-18.031
193,-19.241
194,-20.468
195,-21.711
196,-22.969
197,-24.243
198,-25.531
199,-26.832
200,-28.148
