0,11.833
1,11.831
2,11.829
3,11.828
4,11.826
5,11.824
6,11.822
7,11.82
8,11.818
9,11.817
10,11.815
11,11.813
12,11.811
13,11.809
14,11.808
15,11.806
16,11.804
17,11.802
18,11.8
19,11.798
20,11.797
21,11.795
22,11.793
23,11.791
24,11.789
25,11.787
26,11.786
27,11.784
28,11.782
29,11.78
30,11.778
31,11.776
32,11.775
33,11.773
34,11.771
35,11.769
36,11.767
37,11.765
38,11.764
39,11.762
40,11.76
41,11.758
42,11.756
43,11.754
44,11.752
45,11.751
46,11.749
47,11.747
48,11.745
49,11.743
50,11.741
51,11.74
52,11.738
53,11.736
54,11.734
55,11.732
56,11.73
57,11.728
58,11.726
59,11.725
60,11.723
61,11.721
62,11.719
63,11.717
64,11.715
65,11.713
66,11.711
67,11.709
68,11.707
69,11.705
70,11.703
71,11.701
72,11.699
73,11.697
74,11.695
75,11.693
76,11.691
77,11.689
78,11.686
79,11.684
80,11.682
81,11.679
82,11.677
83,11.675
84,11.672
85,11.67
86,11.667
87,11.664
88,11.661
89,11.658
90,11.655
91,11.652
92,11.649
93,11.645
94,11.642
95,11.638
96,11.634
97,11.629
98,11.625
99,11.62
100,11.615
101,11.609
102,11.603
103,11.597
104,11.59
105,11.583
106,11.575
107,11.567
108,11.558
109,11.548
110,11.537
111,11.525
112,11.513
113,11.499
114,11.484
115,11.468
116,11.45
117,11.43
118,11.409
119,11.386
120,11.36
121,11.332
122,11.302
123,11.269
124,11.232
125,11.192
126,11.148
127,11.1
128,11.048
129,10.99
130,10.927
131,10.858
132,10.783
133,10.7
134,10.61
135,10.512
136,10.405
137,10.287
138,10.16
139,10.021
140,9.87
141,9.706
142,9.528
143,9.3351
144,9.1264
145,8.9009
146,8.6575
147,8.3954
148,8.1135
149,7.8108
150,7.4865
151,7.1395
152,6.7692
153,6.3745
154,5.9549
155,5.5095
156,5.0378
157,4.5393
158,4.0136
159,3.4601
160,2.8788
161,2.2694
162,1.6317
163,0.96588
164,0.27188
165,-0.45012
166,-1.1999
167,-1.9772
168,-2.7817
169,-3.6129
170,-4.4705
171,-5.3539
172,-6.2626
173,-7.1961
174,-8.1539
175,-9.1353
176,-10.14
177,-11.167
178,-12.215
179,-13.285
180,-14.375
181,-15.486
182,-16.616
183,-17.764
184,-18.931
185,-20.115
186,-21.317
187,-22.535
188,-23.768
189,-25.018
190,-26.282
191,-27.561
192,-28.854
193,-30.16
194,-31.48
195,-32.812
196,-34.156
197,-35.513
198,-36.88
199,-38.259
200,-39.649
