0,19.776
1,19.774
2,19.773
3,19.771
4,19.769
5,19.767
6,19.765
7,19.763
8,19.762
9,19.76
10,19.758
11,19.756
12,19.754
13,19.752
14,19.751
15,19.749
16,19.747
17,19.745
18,19.743
19,19.741
20,19.74
21,19.738
22,19.736
23,19.734
24,19.732
25,19.73
26,19.729
27,19.727
28,19.725
29,19.723
30,19.721
31,19.72
32,19.718
33,19.716
34,19.714
35,19.712
36,19.71
37,19.709
38,19.707
39,19.705
40,19.703
41,19.701
42,19.699
43,19.698
44,19.696
45,19.694
46,19.692
47,19.69
48,19.688
49,19.687
50,19.685
51,19.683
52,19.681
53,19.679
54,19.677
55,19.675
56,19.674
57,19.672
58,19.67
59,19.668
60,19.666
61,19.664
62,19.663
63,19.661
64,19.659
65,19.657
66,19.655
67,19.653
68,19.651
69,19.65
70,19.648
71,19.646
72,19.644
73,19.642
74,19.64
75,19.638
76,19.636
77,19.634
78,19.632
79,19.631
80,19.629
81,19.627
82,19.625
83,19.623
84,19.621
85,19.619
86,19.617
87,19.614
88,19.612
89,19.61
90,19.608
91,19.606
92,19.604
93,19.601
94,19.599
95,19.596
96,19.594
97,19.591
98,19.589
99,19.586
100,19.583
101,19.58
102,19.577
103,19.574
104,19.571
105,19.568
106,19.564
107,19.56
108,19.556
109,19.552
110,19.547
111,19.543
112,19.537
113,19.532
114,19.526
115,19.52
116,19.513
117,19.506
118,19.498
119,19.489
120,19.48
121,19.47
122,19.459
123,19.447
124,19.433
125,19.419
126,19.403
127,19.386
128,19.367
129,19.347
130,19.324
131,19.3
132,19.272
133,19.242
134,19.21
135,19.174
136,19.134
137,19.09
138,19.042
139,18.99
140,18.932
141,18.868
142,18.799
143,18.722
144,18.638
145,18.546
146,18.445
147,18.334
148,18.213
149,18.081
150,17.937
151,17.779
152,17.608
153,17.421
154,17.219
155,16.999
156,16.761
157,16.504
158,16.226
159,15.928
160,15.606
161,15.262
162,14.893
163,14.499
164,14.078
165,13.632
166,13.157
167,12.655
168,12.124
169,11.565
170,10.976
171,10.358
172,9.7109
173,9.0344
174,8.3286
175,7.5938
176,6.8302
177,6.0382
178,5.2182
179,4.3706
180,3.4959
181,2.5947
182,1.6676
183,0.71514
184,-0.26203
185,-1.2633
186,-2.2879
187,-3.3352
188,-4.4047
189,-5.4955
190,-6.607
191,-7.7387
192,-8.8898
193,-10.06
194,-11.248
195,-12.454
196,-13.676
197,-14.916
198,-16.171
199,-17.441
200,-18.726
