0,23.932
1,23.931
2,23.929
3,23.927
4,23.925
5,23.923
6,23.922
7,23.92
8,23.918
9,23.916
10,23.914
11,23.912
12,23.911
13,23.909
14,23.907
15,23.905
16,23.903
17,23.901
18,23.9
19,23.898
20,23.896
21,23.894
22,23.892
23,23.89
24,23.889
25,23.887
26,23.885
27,23.883
28,23.881
29,23.879
30,23.877
31,23.876
32,23.874
33,23.872
34,23.87
35,23.868
36,23.866
37,23.865
38,23.863
39,23.861
40,23.859
41,23.857
42,23.855
43,23.853
44,23.852
45,23.85
46,23.848
47,23.846
48,23.844
49,23.842
50,23.84
51,23.838
52,23.836
53,23.834
54,23.833
55,23.831
56,23.829
57,23.827
58,23.825
59,23.823
60,23.821
61,23.819
62,23.817
63,23.815
64,23.812
65,23.81
66,23.808
67,23.806
68,23.804
69,23.801
70,23.799
71,23.797
72,23.794
73,23.792
74,23.789
75,23.787
76,23.784
77,23.781
78,23.778
79,23.775
80,23.772
81,23.769
82,23.766
83,23.762
84,23.758
85,23.754
86,23.75
87,23.746
88,23.741
89,23.736
90,23.731
91,23.725
92,23.719
93,23.713
94,23.706
95,23.699
96,23.69
97,23.682
98,23.673
99,23.662
100,23.651
101,23.64
102,23.627
103,23.613
104,23.597
105,23.581
106,23.563
107,23.543
108,23.521
109,23.497
110,23.472
111,23.443
112,23.413
113,23.379
114,23.342
115,23.301
116,23.257
117,23.209
118,23.156
119,23.098
120,23.035
121,22.965
122,22.89
123,22.807
124,22.717
125,22.618
126,22.511
127,22.394
128,22.266
129,22.128
130,21.977
131,21.814
132,21.637
133,21.445
134,21.237
135,21.013
136,20.771
137,20.511
138,20.231
139,19.931
140,19.61
141,19.266
142,18.899
143,18.509
144,18.093
145,17.652
146,17.186
147,16.692
148,16.172
149,15.625
150,15.05
151,14.447
152,13.816
153,13.157
154,12.471
155,11.756
156,11.014
157,10.245
158,9.4487
159,8.6257
160,7.7765
161,6.9016
162,6.0013
163,5.0764
164,4.1272
165,3.1544
166,2.1586
167,1.1404
168,0.10026
169,-0.96107
170,-2.043
171,-3.145
172,-4.2665
173,-5.4068
174,-6.5653
175,-7.7416
176,-8.935
177,-10.145
178,-11.371
179,-12.613
180,-13.87
181,-15.141
182,-16.426
183,-17.726
184,-19.038
185,-20.363
186,-21.701
187,-23.05
188,-24.411
189,-25.784
190,-27.167
191,-28.561
192,-29.965
193,-31.378
194,-32.802
195,-34.235
196,-35.677
197,-37.127
198,-38.586
199,-40.053
200,-41.529
