0,22.894
1,22.892
2,22.89
3,22.888
4,22.886
5,22.884
6,22.883
7,22.881
8,22.879
9,22.877
10,22.875
11,22.873
12,22.872
13,22.87
14,22.868
15,22.866
16,22.864
17,22.862
18,22.861
19,22.859
20,22.857
21,22.855
22,22.853
23,22.852
24,22.85
25,22.848
26,22.846
27,22.844
28,22.842
29,22.841
30,22.839
31,22.837
32,22.835
33,22.833
34,22.831
35,22.83
36,22.828
37,22.826
38,22.824
39,22.822
40,22.82
41,22.819
42,22.817
43,22.815
44,22.813
45,22.811
46,22.809
47,22.808
48,22.806
49,22.804
50,22.802
51,22.8
52,22.798
53,22.797
54,22.795
55,22.793
56,22.791
57,22.789
58,22.787
59,22.786
60,22.784
61,22.782
62,22.78
63,22.778
64,22.776
65,22.774
66,22.773
67,22.771
68,22.769
69,22.767
70,22.765
71,22.763
72,22.761
73,22.76
74,22.758
75,22.756
76,22.754
77,22.752
78,22.75
79,22.748
80,22.746
81,22.744
82,22.742
83,22.74
84,22.738
85,22.736
86,22.734
87,22.732
88,22.73
89,22.728
90,22.726
91,22.724
92,22.722
93,22.72
94,22.718
95,22.715
96,22.713
97,22.711
98,22.708
99,22.706
100,22.703
101,22.7
102,22.698
103,22.695
104,22.692
105,22.689
106,22.686
107,22.682
108,22.679
109,22.675
110,22.671
111,22.667
112,22.663
113,22.658
114,22.653
115,22.648
116,22.642
117,22.636
118,22.629
119,22.622
120,22.614
121,22.606
122,22.597
123,22.587
124,22.576
125,22.565
126,22.552
127,22.538
128,22.522
129,22.506
130,22.487
131,22.467
132,22.445
133,22.421
134,22.394
135,22.365
136,22.333
137,22.297
138,22.258
139,22.216
140,22.168
141,22.117
142,22.059
143,21.997
144,21.928
145,21.852
146,21.769
147,21.677
148,21.577
149,21.467
150,21.347
151,21.215
152,21.071
153,20.914
154,20.743
155,20.557
156,20.354
157,20.135
158,19.896
159,19.639
160,19.36
161,19.06
162,18.738
163,18.391
164,18.02
165,17.624
166,17.201
167,16.751
168,16.274
169,15.768
170,15.233
171,14.669
172,14.076
173,13.453
174,12.8
175,12.118
176,11.407
177,10.666
178,9.8958
179,9.0973
180,8.2706
181,7.4162
182,6.5345
183,5.6262
184,4.6919
185,3.7321
186,2.7476
187,1.7391
188,0.70705
189,-0.34771
190,-1.4245
191,-2.5227
192,-3.6417
193,-4.7806
194,-5.939
195,-7.1162
196,-8.3115
197,-9.5243
198,-10.754
199,-12
200,-13.262
