0,19.463
1,19.461
2,19.459
3,19.457
4,19.455
5,19.454
6,19.452
7,19.45
8,19.448
9,19.446
10,19.445
11,19.443
12,19.441
13,19.439
14,19.437
15,19.435
16,19.434
17,19.432
18,19.43
19,19.428
20,19.426
21,19.424
22,19.423
23,19.421
24,19.419
25,19.417
26,19.415
27,19.413
28,19.412
29,19.41
30,19.408
31,19.406
32,19.404
33,19.402
34,19.401
35,19.399
36,19.397
37,19.395
38,19.393
39,19.391
40,19.39
41,19.388
42,19.386
43,19.384
44,19.382
45,19.38
46,19.379
47,19.377
48,19.375
49,19.373
50,19.371
51,19.369
52,19.368
53,19.366
54,19.364
55,19.362
56,19.36
57,19.358
58,19.357
59,19.355
60,19.353
61,19.351
62,19.349
63,19.347
64,19.346
65,19.344
66,19.342
67,19.34
68,19.338
69,19.336
70,19.335
71,19.333
72,19.331
73,19.329
74,19.327
75,19.325
76,19.324
77,19.322
78,19.32
79,19.318
80,19.316
81,19.314
82,19.312
83,19.311
84,19.309
85,19.307
86,19.305
87,19.303
88,19.301
89,19.299
90,19.297
91,19.296
92,19.294
93,19.292
94,19.29
95,19.288
96,19.286
97,19.284
98,19.282
99,19.28
100,19.278
101,19.276
102,19.274
103,19.272
104,19.27
105,19.267
106,19.265
107,19.263
108,19.261
109,19.258
110,19.256
111,19.254
112,19.251
113,19.249
114,19.246
115,19.243
116,19.24
117,19.237
118,19.234
119,19.231
120,19.228
121,19.224
122,19.22
123,19.216
124,19.212
125,19.208
126,19.203
127,19.198
128,19.192
129,19.186
130,19.18
131,19.173
132,19.165
133,19.157
134,19.149
135,19.139
136,19.129
137,19.117
138,19.105
139,19.091
140,19.076
141,19.059
142,19.041
143,19.021
144,19
145,18.975
146,18.949
147,18.92
148,18.887
149,18.852
150,18.813
151,18.769
152,18.721
153,18.669
154,18.611
155,18.547
156,18.476
157,18.398
158,18.313
159,18.218
160,18.115
161,18.001
162,17.876
163,17.739
164,17.59
165,17.426
166,17.247
167,17.052
168,16.839
169,16.608
170,16.358
171,16.087
172,15.794
173,15.478
174,15.138
175,14.773
176,14.381
177,13.963
178,13.517
179,13.043
180,12.54
181,12.007
182,11.444
183,10.851
184,10.228
185,9.5737
186,8.8894
187,8.1747
188,7.4301
189,6.6557
190,5.8519
191,5.0193
192,4.1582
193,3.2694
194,2.3533
195,1.4107
196,0.44224
197,-0.55146
198,-1.5696
199,-2.6116
200,-3.6766
