0,12.704
1,12.702
2,12.701
3,12.699
4,12.697
5,12.695
6,12.693
7,12.691
8,12.69
9,12.688
10,12.686
11,12.684
12,12.682
13,12.681
14,12.679
15,12.677
16,12.675
17,12.673
18,12.671
19,12.67
20,12.668
21,12.666
22,12.664
23,12.662
24,12.66
25,12.658
26,12.657
27,12.655
28,12.653
29,12.651
30,12.649
31,12.647
32,12.646
33,12.644
34,12.642
35,12.64
36,12.638
37,12.636
38,12.635
39,12.633
40,12.631
41,12.629
42,12.627
43,12.625
44,12.623
45,12.622
46,12.62
47,12.618
48,12.616
49,12.614
50,12.612
51,12.61
52,12.608
53,12.606
54,12.605
55,12.603
56,12.601
57,12.599
58,12.597
59,12.595
60,12.593
61,12.591
62,12.589
63,12.587
64,12.585
65,12.583
66,12.58
67,12.578
68,12.576
69,12.574
70,12.572
71,12.569
72,12.567
73,12.565
74,12.562
75,12.56
76,12.557
77,12.555
78,12.552
79,12.549
80,12.546
81,12.543
82,12.54
83,12.537
84,12.533
85,12.53
86,12.526
87,12.522
88,12.518
89,12.513
90,12.508
91,12.503
92,12.498
93,12.492
94,12.486
95,12.48
96,12.473
97,12.465
98,12.457
99,12.448
100,12.439
101,12.429
102,12.418
103,12.406
104,12.393
105,12.379
106,12.363
107,12.346
108,12.328
109,12.308
110,12.287
111,12.263
112,12.237
113,12.209
114,12.178
115,12.144
116,12.107
117,12.067
118,12.023
119,11.975
120,11.922
121,11.865
122,11.802
123,11.733
124,11.658
125,11.576
126,11.487
127,11.389
128,11.283
129,11.168
130,11.042
131,10.905
132,10.757
133,10.596
134,10.421
135,10.232
136,10.028
137,9.8076
138,9.57
139,9.3143
140,9.0395
141,8.7447
142,8.429
143,8.0915
144,7.7313
145,7.3477
146,6.9399
147,6.5071
148,6.0488
149,5.5645
150,5.0536
151,4.5158
152,3.9507
153,3.3582
154,2.738
155,2.0902
156,1.4147
157,0.71159
158,-0.018911
159,-0.7766
160,-1.5612
161,-2.3723
162,-3.2097
163,-4.0727
164,-4.961
165,-5.8741
166,-6.8114
167,-7.7724
168,-8.7565
169,-9.7631
170,-10.792
171,-11.842
172,-12.912
173,-14.003
174,-15.114
175,-16.243
176,-17.391
177,-18.557
178,-19.74
179,-20.94
180,-22.156
181,-23.388
182,-24.635
183,-25.897
184,-27.173
185,-28.463
186,-29.766
187,-31.083
188,-32.411
189,-33.753
190,-35.105
191,-36.47
192,-37.845
193,-39.231
194,-40.627
195,-42.033
196,-43.449
197,-44.875
198,-46.31
199,-47.753
200,-49.205
