0,26.423
1,26.422
2,26.42
3,26.418
4,26.416
5,26.414
6,26.412
7,26.411
8,26.409
9,26.407
10,26.405
11,26.403
12,26.401
13,26.4
14,26.398
15,26.396
16,26.394
17,26.392
18,26.39
19,26.389
20,26.387
21,26.385
22,26.383
23,26.381
24,26.379
25,26.378
26,26.376
27,26.374
28,26.372
29,26.37
30,26.368
31,26.366
32,26.365
33,26.363
34,26.361
35,26.359
36,26.357
37,26.355
38,26.353
39,26.352
40,26.35
41,26.348
42,26.346
43,26.344
44,26.342
45,26.34
46,26.338
47,26.337
48,26.335
49,26.333
50,26.331
51,26.329
52,26.327
53,26.325
54,26.323
55,26.321
56,26.319
57,26.317
58,26.315
59,26.313
60,26.311
61,26.309
62,26.307
63,26.305
64,26.302
65,26.3
66,26.298
67,26.296
68,26.293
69,26.291
70,26.288
71,26.286
72,26.283
73,26.281
74,26.278
75,26.275
76,26.272
77,26.269
78,26.266
79,26.262
80,26.259
81,26.255
82,26.251
83,26.247
84,26.243
85,26.238
86,26.234
87,26.228
88,26.223
89,26.217
90,26.211
91,26.204
92,26.197
93,26.189
94,26.181
95,26.172
96,26.162
97,26.151
98,26.14
99,26.127
100,26.114
101,26.099
102,26.083
103,26.065
104,26.046
105,26.025
106,26.002
107,25.977
108,25.95
109,25.921
110,25.888
111,25.853
112,25.814
113,25.771
114,25.725
115,25.674
116,25.618
117,25.557
118,25.491
119,25.418
120,25.339
121,25.252
122,25.157
123,25.054
124,24.942
125,24.819
126,24.686
127,24.541
128,24.384
129,24.214
130,24.029
131,23.83
132,23.614
133,23.381
134,23.13
135,22.86
136,22.571
137,22.26
138,21.928
139,21.573
140,21.195
141,20.793
142,20.365
143,19.912
144,19.433
145,18.928
146,18.395
147,17.835
148,17.247
149,16.632
150,15.988
151,15.317
152,14.618
153,13.892
154,13.138
155,12.357
156,11.549
157,10.715
158,9.8546
159,8.9689
160,8.0583
161,7.1233
162,6.1644
163,5.1821
164,4.1772
165,3.1501
166,2.1015
167,1.0319
168,-0.057965
169,-1.1676
170,-2.2963
171,-3.4437
172,-4.609
173,-5.7918
174,-6.9915
175,-8.2075
176,-9.4394
177,-10.687
178,-11.949
179,-13.225
180,-14.515
181,-15.819
182,-17.136
183,-18.466
184,-19.807
185,-21.161
186,-22.526
187,-23.902
188,-25.288
189,-26.685
190,-28.093
191,-29.51
192,-30.936
193,-32.372
194,-33.816
195,-35.269
196,-36.731
197,-38.201
198,-39.678
199,-41.163
200,-42.656
