0,16.885
1,16.883
2,16.881
3,16.879
4,16.877
5,16.875
6,16.874
7,16.872
8,16.87
9,16.868
10,16.866
11,16.864
12,16.863
13,16.861
14,16.859
15,16.857
16,16.855
17,16.853
18,16.852
19,16.85
20,16.848
21,16.846
22,16.844
23,16.842
24,16.841
25,16.839
26,16.837
27,16.835
28,16.833
29,16.831
30,16.83
31,16.828
32,16.826
33,16.824
34,16.822
35,16.82
36,16.819
37,16.817
38,16.815
39,16.813
40,16.811
41,16.809
42,16.808
43,16.806
44,16.804
45,16.802
46,16.8
47,16.798
48,16.797
49,16.795
50,16.793
51,16.791
52,16.789
53,16.787
54,16.786
55,16.784
56,16.782
57,16.78
58,16.778
59,16.776
60,16.775
61,16.773
62,16.771
63,16.769
64,16.767
65,16.765
66,16.763
67,16.762
68,16.76
69,16.758
70,16.756
71,16.754
72,16.752
73,16.75
74,16.749
75,16.747
76,16.745
77,16.743
78,16.741
79,16.739
80,16.737
81,16.735
82,16.733
83,16.731
84,16.729
85,16.727
86,16.725
87,16.723
88,16.721
89,16.719
90,16.717
91,16.715
92,16.713
93,16.711
94,16.709
95,16.706
96,16.704
97,16.702
98,16.699
99,16.697
100,16.694
101,16.692
102,16.689
103,16.686
104,16.683
105,16.68
106,16.677
107,16.674
108,16.67
109,16.667
110,16.663
111,16.659
112,16.654
113,16.65
114,16.645
115,16.64
116,16.634
117,16.628
118,16.622
119,16.615
120,16.608
121,16.6
122,16.591
123,16.581
124,16.571
125,16.56
126,16.548
127,16.534
128,16.52
129,16.504
130,16.486
131,16.467
132,16.446
133,16.423
134,16.398
135,16.37
136,16.34
137,16.306
138,16.269
139,16.229
140,16.184
141,16.135
142,16.081
143,16.022
144,15.957
145,15.886
146,15.807
147,15.721
148,15.627
149,15.524
150,15.41
151,15.286
152,15.151
153,15.003
154,14.842
155,14.666
156,14.475
157,14.268
158,14.043
159,13.8
160,13.537
161,13.253
162,12.947
163,12.619
164,12.267
165,11.89
166,11.488
167,11.059
168,10.603
169,10.12
170,9.6082
171,9.0678
172,8.4985
173,7.8999
174,7.2719
175,6.6145
176,5.9277
177,5.2116
178,4.4664
179,3.6925
180,2.8903
181,2.06
182,1.2023
183,0.31766
184,-0.59341
185,-1.5303
186,-2.4923
187,-3.4789
188,-4.4894
189,-5.523
190,-6.5792
191,-7.6573
192,-8.7566
193,-9.8765
194,-11.016
195,-12.175
196,-13.353
197,-14.548
198,-15.762
199,-16.991
200,-18.238
