0,16.751
1,16.75
2,16.748
3,16.746
4,16.744
5,16.742
6,16.74
7,16.739
8,16.737
9,16.735
10,16.733
11,16.731
12,16.729
13,16.728
14,16.726
15,16.724
16,16.722
17,16.72
18,16.718
19,16.717
20,16.715
21,16.713
22,16.711
23,16.709
24,16.707
25,16.706
26,16.704
27,16.702
28,16.7
29,16.698
30,16.697
31,16.695
32,16.693
33,16.691
34,16.689
35,16.687
36,16.686
37,16.684
38,16.682
39,16.68
40,16.678
41,16.676
42,16.675
43,16.673
44,16.671
45,16.669
46,16.667
47,16.665
48,16.664
49,16.662
50,16.66
51,16.658
52,16.656
53,16.654
54,16.653
55,16.651
56,16.649
57,16.647
58,16.645
59,16.643
60,16.642
61,16.64
62,16.638
63,16.636
64,16.634
65,16.632
66,16.63
67,16.629
68,16.627
69,16.625
70,16.623
71,16.621
72,16.619
73,16.617
74,16.616
75,16.614
76,16.612
77,16.61
78,16.608
79,16.606
80,16.604
81,16.602
82,16.6
83,16.599
84,16.597
85,16.595
86,16.593
87,16.591
88,16.589
89,16.587
90,16.585
91,16.583
92,16.581
93,16.579
94,16.576
95,16.574
96,16.572
97,16.57
98,16.568
99,16.565
100,16.563
101,16.561
102,16.558
103,16.556
104,16.553
105,16.55
106,16.547
107,16.544
108,16.541
109,16.538
110,16.535
111,16.531
112,16.528
113,16.524
114,16.52
115,16.515
116,16.511
117,16.506
118,16.501
119,16.495
120,16.489
121,16.482
122,16.475
123,16.468
124,16.46
125,16.451
126,16.441
127,16.43
128,16.419
129,16.406
130,16.393
131,16.378
132,16.361
133,16.343
134,16.323
135,16.302
136,16.278
137,16.252
138,16.223
139,16.191
140,16.157
141,16.118
142,16.076
143,16.03
144,15.979
145,15.923
146,15.861
147,15.794
148,15.719
149,15.638
150,15.548
151,15.449
152,15.341
153,15.223
154,15.094
155,14.953
156,14.798
157,14.63
158,14.447
159,14.248
160,14.031
161,13.797
162,13.543
163,13.269
164,12.973
165,12.655
166,12.313
167,11.947
168,11.556
169,11.139
170,10.694
171,10.222
172,9.7216
173,9.1926
174,8.6344
175,8.0469
176,7.4299
177,6.7832
178,6.1069
179,5.4011
180,4.6659
181,3.9017
182,3.1088
183,2.2876
184,1.4386
185,0.56225
186,-0.34084
187,-1.2701
188,-2.2249
189,-3.2045
190,-4.2084
191,-5.2359
192,-6.2862
193,-7.3587
194,-8.4528
195,-9.5677
196,-10.703
197,-11.857
198,-13.031
199,-14.223
200,-15.432
