0,19.739
1,19.737
2,19.736
3,19.734
4,19.732
5,19.73
6,19.728
7,19.726
8,19.725
9,19.723
10,19.721
11,19.719
12,19.717
13,19.715
14,19.714
15,19.712
16,19.71
17,19.708
18,19.706
19,19.704
20,19.703
21,19.701
22,19.699
23,19.697
24,19.695
25,19.693
26,19.692
27,19.69
28,19.688
29,19.686
30,19.684
31,19.682
32,19.681
33,19.679
34,19.677
35,19.675
36,19.673
37,19.671
38,19.67
39,19.668
40,19.666
41,19.664
42,19.662
43,19.66
44,19.659
45,19.657
46,19.655
47,19.653
48,19.651
49,19.649
50,19.648
51,19.646
52,19.644
53,19.642
54,19.64
55,19.638
56,19.636
57,19.635
58,19.633
59,19.631
60,19.629
61,19.627
62,19.625
63,19.623
64,19.621
65,19.619
66,19.618
67,19.616
68,19.614
69,19.612
70,19.61
71,19.608
72,19.606
73,19.604
74,19.602
75,19.6
76,19.598
77,19.596
78,19.594
79,19.591
80,19.589
81,19.587
82,19.585
83,19.582
84,19.58
85,19.578
86,19.575
87,19.573
88,19.57
89,19.567
90,19.565
91,19.562
92,19.559
93,19.556
94,19.553
95,19.549
96,19.546
97,19.542
98,19.538
99,19.534
100,19.53
101,19.525
102,19.52
103,19.515
104,19.509
105,19.503
106,19.496
107,19.489
108,19.482
109,19.474
110,19.465
111,19.456
112,19.445
113,19.434
114,19.422
115,19.409
116,19.394
117,19.378
118,19.361
119,19.342
120,19.322
121,19.299
122,19.274
123,19.247
124,19.217
125,19.185
126,19.149
127,19.11
128,19.067
129,19.02
130,18.968
131,18.912
132,18.85
133,18.781
134,18.707
135,18.625
136,18.536
137,18.438
138,18.331
139,18.215
140,18.087
141,17.949
142,17.798
143,17.633
144,17.455
145,17.261
146,17.051
147,16.824
148,16.579
149,16.314
150,16.03
151,15.724
152,15.396
153,15.045
154,14.669
155,14.269
156,13.844
157,13.392
158,12.913
159,12.407
160,11.873
161,11.311
162,10.72
163,10.101
164,9.453
165,8.7764
166,8.0713
167,7.3378
168,6.5761
169,5.7867
170,4.9698
171,4.1259
172,3.2555
173,2.3591
174,1.4373
175,0.49049
176,-0.48056
177,-1.4753
178,-2.493
179,-3.5332
180,-4.5952
181,-5.6783
182,-6.7819
183,-7.9054
184,-9.0482
185,-10.21
186,-11.389
187,-12.586
188,-13.8
189,-15.03
190,-16.276
191,-17.538
192,-18.814
193,-20.105
194,-21.409
195,-22.727
196,-24.058
197,-25.401
198,-26.756
199,-28.123
200,-29.502
