0,29.1
1,29.098
2,29.096
3,29.094
4,29.093
5,29.091
6,29.089
7,29.087
8,29.085
9,29.083
10,29.082
11,29.08
12,29.078
13,29.076
14,29.074
15,29.072
16,29.071
17,29.069
18,29.067
19,29.065
20,29.063
21,29.061
22,29.06
23,29.058
24,29.056
25,29.054
26,29.052
27,29.05
28,29.049
29,29.047
30,29.045
31,29.043
32,29.041
33,29.039
34,29.038
35,29.036
36,29.034
37,29.032
38,29.03
39,29.028
40,29.026
41,29.025
42,29.023
43,29.021
44,29.019
45,29.017
46,29.015
47,29.013
48,29.011
49,29.01
50,29.008
51,29.006
52,29.004
53,29.002
54,29
55,28.998
56,28.996
57,28.994
58,28.992
59,28.99
60,28.988
61,28.986
62,28.984
63,28.982
64,28.98
65,28.978
66,28.976
67,28.973
68,28.971
69,28.969
70,28.967
71,28.964
72,28.962
73,28.959
74,28.957
75,28.954
76,28.952
77,28.949
78,28.946
79,28.943
80,28.94
81,28.937
82,28.933
83,28.93
84,28.926
85,28.922
86,28.918
87,28.913
88,28.909
89,28.904
90,28.899
91,28.893
92,28.887
93,28.881
94,28.874
95,28.866
96,28.858
97,28.849
98,28.84
99,28.83
100,28.819
101,28.807
102,28.794
103,28.78
104,28.764
105,28.748
106,28.729
107,28.709
108,28.688
109,28.664
110,28.638
111,28.609
112,28.578
113,28.544
114,28.506
115,28.465
116,28.42
117,28.371
118,28.318
119,28.259
120,28.194
121,28.124
122,28.047
123,27.963
124,27.871
125,27.771
126,27.661
127,27.542
128,27.412
129,27.271
130,27.117
131,26.95
132,26.769
133,26.573
134,26.361
135,26.132
136,25.886
137,25.62
138,25.334
139,25.028
140,24.699
141,24.348
142,23.974
143,23.575
144,23.151
145,22.702
146,22.226
147,21.723
148,21.193
149,20.636
150,20.05
151,19.437
152,18.795
153,18.126
154,17.428
155,16.702
156,15.949
157,15.168
158,14.361
159,13.526
160,12.666
161,11.78
162,10.868
163,9.9321
164,8.972
165,7.9883
166,6.9818
167,5.9529
168,4.9024
169,3.8308
170,2.7387
171,1.6268
172,0.49559
173,-0.65428
174,-1.8222
175,-3.0077
176,-4.2102
177,-5.429
178,-6.6638
179,-7.914
180,-9.179
181,-10.458
182,-11.752
183,-13.059
184,-14.379
185,-15.711
186,-17.056
187,-18.413
188,-19.781
189,-21.16
190,-22.55
191,-23.95
192,-25.361
193,-26.781
194,-28.21
195,-29.649
196,-31.097
197,-32.553
198,-34.018
199,-35.49
200,-36.971
