0,20.267
1,20.265
2,20.264
3,20.262
4,20.26
5,20.258
6,20.256
7,20.254
8,20.253
9,20.251
10,20.249
11,20.247
12,20.245
13,20.243
14,20.242
15,20.24
16,20.238
17,20.236
18,20.234
19,20.232
20,20.231
21,20.229
22,20.227
23,20.225
24,20.223
25,20.221
26,20.22
27,20.218
28,20.216
29,20.214
30,20.212
31,20.21
32,20.209
33,20.207
34,20.205
35,20.203
36,20.201
37,20.199
38,20.197
39,20.196
40,20.194
41,20.192
42,20.19
43,20.188
44,20.186
45,20.184
46,20.183
47,20.181
48,20.179
49,20.177
50,20.175
51,20.173
52,20.171
53,20.169
54,20.168
55,20.166
56,20.164
57,20.162
58,20.16
59,20.158
60,20.156
61,20.154
62,20.152
63,20.15
64,20.148
65,20.146
66,20.144
67,20.142
68,20.14
69,20.138
70,20.135
71,20.133
72,20.131
73,20.129
74,20.126
75,20.124
76,20.121
77,20.119
78,20.116
79,20.114
80,20.111
81,20.108
82,20.105
83,20.102
84,20.099
85,20.095
86,20.092
87,20.088
88,20.084
89,20.08
90,20.076
91,20.071
92,20.066
93,20.061
94,20.056
95,20.05
96,20.043
97,20.037
98,20.029
99,20.021
100,20.013
101,20.004
102,19.994
103,19.983
104,19.971
105,19.959
106,19.945
107,19.93
108,19.914
109,19.896
110,19.876
111,19.855
112,19.832
113,19.806
114,19.779
115,19.748
116,19.715
117,19.679
118,19.639
119,19.596
120,19.548
121,19.496
122,19.439
123,19.376
124,19.308
125,19.233
126,19.152
127,19.063
128,18.966
129,18.859
130,18.744
131,18.618
132,18.481
133,18.332
134,18.17
135,17.995
136,17.805
137,17.599
138,17.377
139,17.137
140,16.879
141,16.601
142,16.303
143,15.984
144,15.643
145,15.278
146,14.889
147,14.476
148,14.037
149,13.573
150,13.082
151,12.563
152,12.018
153,11.445
154,10.844
155,10.215
156,9.5576
157,8.8725
158,8.1595
159,7.4188
160,6.6507
161,5.8555
162,5.0336
163,4.1853
164,3.3112
165,2.4117
166,1.4874
167,0.53875
168,-0.43357
169,-1.429
170,-2.447
171,-3.4868
172,-4.548
173,-5.6299
174,-6.7319
175,-7.8534
176,-8.9938
177,-10.153
178,-11.329
179,-12.523
180,-13.733
181,-14.959
182,-16.202
183,-17.459
184,-18.73
185,-20.016
186,-21.316
187,-22.629
188,-23.955
189,-25.293
190,-26.643
191,-28.005
192,-29.378
193,-30.761
194,-32.156
195,-33.561
196,-34.975
197,-36.399
198,-37.833
199,-39.275
200,-40.727
