0,26.502
1,26.5
2,26.498
3,26.496
4,26.495
5,26.493
6,26.491
7,26.489
8,26.487
9,26.485
10,26.484
11,26.482
12,26.48
13,26.478
14,26.476
15,26.474
16,26.473
17,26.471
18,26.469
19,26.467
20,26.465
21,26.463
22,26.462
23,26.46
24,26.458
25,26.456
26,26.454
27,26.452
28,26.451
29,26.449
30,26.447
31,26.445
32,26.443
33,26.441
34,26.44
35,26.438
36,26.436
37,26.434
38,26.432
39,26.43
40,26.429
41,26.427
42,26.425
43,26.423
44,26.421
45,26.419
46,26.418
47,26.416
48,26.414
49,26.412
50,26.41
51,26.408
52,26.406
53,26.405
54,26.403
55,26.401
56,26.399
57,26.397
58,26.395
59,26.393
60,26.392
61,26.39
62,26.388
63,26.386
64,26.384
65,26.382
66,26.38
67,26.378
68,26.376
69,26.374
70,26.372
71,26.37
72,26.368
73,26.366
74,26.364
75,26.362
76,26.36
77,26.358
78,26.356
79,26.354
80,26.352
81,26.349
82,26.347
83,26.345
84,26.342
85,26.34
86,26.338
87,26.335
88,26.332
89,26.33
90,26.327
91,26.324
92,26.321
93,26.318
94,26.314
95,26.311
96,26.307
97,26.303
98,26.299
99,26.295
100,26.29
101,26.285
102,26.28
103,26.274
104,26.268
105,26.262
106,26.255
107,26.248
108,26.24
109,26.231
110,26.222
111,26.211
112,26.2
113,26.188
114,26.175
115,26.161
116,26.145
117,26.128
118,26.109
119,26.089
120,26.066
121,26.041
122,26.014
123,25.985
124,25.952
125,25.917
126,25.878
127,25.835
128,25.788
129,25.736
130,25.679
131,25.617
132,25.549
133,25.474
134,25.392
135,25.303
136,25.205
137,25.097
138,24.98
139,24.852
140,24.713
141,24.561
142,24.395
143,24.215
144,24.02
145,23.808
146,23.579
147,23.332
148,23.065
149,22.777
150,22.469
151,22.137
152,21.782
153,21.403
154,20.999
155,20.569
156,20.113
157,19.629
158,19.117
159,18.578
160,18.01
161,17.413
162,16.788
163,16.134
164,15.451
165,14.739
166,13.998
167,13.23
168,12.433
169,11.609
170,10.758
171,9.8807
172,8.9771
173,8.048
174,7.094
175,6.1158
176,5.1139
177,4.089
178,3.0418
179,1.9728
180,0.8828
181,-0.22766
182,-1.3579
183,-2.5074
184,-3.6754
185,-4.8614
186,-6.0648
187,-7.285
188,-8.5214
189,-9.7736
190,-11.041
191,-12.323
192,-13.619
193,-14.929
194,-16.253
195,-17.589
196,-18.938
197,-20.298
198,-21.67
199,-23.054
200,-24.448
