0,14.57
1,14.568
2,14.566
3,14.564
4,14.562
5,14.56
6,14.559
7,14.557
8,14.555
9,14.553
10,14.551
11,14.549
12,14.548
13,14.546
14,14.544
15,14.542
16,14.54
17,14.538
18,14.537
19,14.535
20,14.533
21,14.531
22,14.529
23,14.527
24,14.526
25,14.524
26,14.522
27,14.52
28,14.518
29,14.516
30,14.515
31,14.513
32,14.511
33,14.509
34,14.507
35,14.505
36,14.504
37,14.502
38,14.5
39,14.498
40,14.496
41,14.494
42,14.493
43,14.491
44,14.489
45,14.487
46,14.485
47,14.483
48,14.482
49,14.48
50,14.478
51,14.476
52,14.474
53,14.472
54,14.47
55,14.469
56,14.467
57,14.465
58,14.463
59,14.461
60,14.459
61,14.457
62,14.456
63,14.454
64,14.452
65,14.45
66,14.448
67,14.446
68,14.444
69,14.442
70,14.44
71,14.438
72,14.436
73,14.434
74,14.432
75,14.43
76,14.428
77,14.426
78,14.424
79,14.422
80,14.42
81,14.418
82,14.416
83,14.413
84,14.411
85,14.409
86,14.406
87,14.404
88,14.401
89,14.399
90,14.396
91,14.394
92,14.391
93,14.388
94,14.385
95,14.382
96,14.378
97,14.375
98,14.371
99,14.367
100,14.363
101,14.359
102,14.354
103,14.349
104,14.344
105,14.339
106,14.333
107,14.327
108,14.32
109,14.312
110,14.305
111,14.296
112,14.287
113,14.277
114,14.266
115,14.254
116,14.241
117,14.227
118,14.212
119,14.195
120,14.177
121,14.157
122,14.135
123,14.112
124,14.085
125,14.057
126,14.025
127,13.991
128,13.953
129,13.912
130,13.867
131,13.817
132,13.763
133,13.703
134,13.638
135,13.566
136,13.488
137,13.402
138,13.308
139,13.205
140,13.093
141,12.971
142,12.838
143,12.693
144,12.535
145,12.363
146,12.177
147,11.975
148,11.756
149,11.52
150,11.265
151,10.99
152,10.695
153,10.378
154,10.039
155,9.6758
156,9.2885
157,8.8762
158,8.4379
159,7.9732
160,7.4814
161,6.9621
162,6.4149
163,5.8394
164,5.2355
165,4.6031
166,3.9421
167,3.2525
168,2.5346
169,1.7884
170,1.0144
171,0.21281
172,-0.61595
173,-1.4714
174,-2.3531
175,-3.2605
176,-4.193
177,-5.1501
178,-6.1311
179,-7.1355
180,-8.1626
181,-9.2118
182,-10.282
183,-11.374
184,-12.485
185,-13.617
186,-14.767
187,-15.935
188,-17.122
189,-18.325
190,-19.545
191,-20.782
192,-22.034
193,-23.301
194,-24.582
195,-25.878
196,-27.187
197,-28.509
198,-29.845
199,-31.192
200,-32.552
