0,18.608
1,18.606
2,18.604
3,18.602
4,18.601
5,18.599
6,18.597
7,18.595
8,18.593
9,18.591
10,18.59
11,18.588
12,18.586
13,18.584
14,18.582
15,18.58
16,18.579
17,18.577
18,18.575
19,18.573
20,18.571
21,18.569
22,18.568
23,18.566
24,18.564
25,18.562
26,18.56
27,18.558
28,18.557
29,18.555
30,18.553
31,18.551
32,18.549
33,18.547
34,18.546
35,18.544
36,18.542
37,18.54
38,18.538
39,18.536
40,18.535
41,18.533
42,18.531
43,18.529
44,18.527
45,18.525
46,18.524
47,18.522
48,18.52
49,18.518
50,18.516
51,18.514
52,18.513
53,18.511
54,18.509
55,18.507
56,18.505
57,18.503
58,18.502
59,18.5
60,18.498
61,18.496
62,18.494
63,18.492
64,18.491
65,18.489
66,18.487
67,18.485
68,18.483
69,18.481
70,18.48
71,18.478
72,18.476
73,18.474
74,18.472
75,18.47
76,18.468
77,18.467
78,18.465
79,18.463
80,18.461
81,18.459
82,18.457
83,18.455
84,18.454
85,18.452
86,18.45
87,18.448
88,18.446
89,18.444
90,18.442
91,18.44
92,18.438
93,18.436
94,18.434
95,18.432
96,18.43
97,18.428
98,18.426
99,18.424
100,18.422
101,18.42
102,18.418
103,18.415
104,18.413
105,18.411
106,18.409
107,18.406
108,18.404
109,18.401
110,18.398
111,18.396
112,18.393
113,18.39
114,18.387
115,18.384
116,18.38
117,18.377
118,18.373
119,18.369
120,18.365
121,18.361
122,18.356
123,18.351
124,18.346
125,18.34
126,18.334
127,18.327
128,18.32
129,18.312
130,18.304
131,18.294
132,18.284
133,18.274
134,18.262
135,18.249
136,18.234
137,18.219
138,18.201
139,18.183
140,18.162
141,18.139
142,18.114
143,18.086
144,18.056
145,18.023
146,17.986
147,17.945
148,17.9
149,17.851
150,17.797
151,17.737
152,17.671
153,17.598
154,17.518
155,17.43
156,17.334
157,17.228
158,17.112
159,16.984
160,16.844
161,16.692
162,16.525
163,16.343
164,16.145
165,15.93
166,15.696
167,15.443
168,15.169
169,14.873
170,14.554
171,14.211
172,13.844
173,13.45
174,13.03
175,12.583
176,12.107
177,11.602
178,11.068
179,10.505
180,9.9114
181,9.2879
182,8.6343
183,7.9506
184,7.2368
185,6.4934
186,5.7204
187,4.9184
188,4.0878
189,3.229
190,2.3427
191,1.4293
192,0.48964
193,-0.47574
194,-1.4662
195,-2.4809
196,-3.5193
197,-4.5806
198,-5.6642
199,-6.7692
200,-7.8952
