0,21.604
1,21.602
2,21.6
3,21.598
4,21.597
5,21.595
6,21.593
7,21.591
8,21.589
9,21.587
10,21.586
11,21.584
12,21.582
13,21.58
14,21.578
15,21.576
16,21.575
17,21.573
18,21.571
19,21.569
20,21.567
21,21.565
22,21.564
23,21.562
24,21.56
25,21.558
26,21.556
27,21.554
28,21.553
29,21.551
30,21.549
31,21.547
32,21.545
33,21.543
34,21.542
35,21.54
36,21.538
37,21.536
38,21.534
39,21.532
40,21.531
41,21.529
42,21.527
43,21.525
44,21.523
45,21.521
46,21.52
47,21.518
48,21.516
49,21.514
50,21.512
51,21.51
52,21.509
53,21.507
54,21.505
55,21.503
56,21.501
57,21.499
58,21.498
59,21.496
60,21.494
61,21.492
62,21.49
63,21.488
64,21.487
65,21.485
66,21.483
67,21.481
68,21.479
69,21.477
70,21.475
71,21.474
72,21.472
73,21.47
74,21.468
75,21.466
76,21.464
77,21.462
78,21.461
79,21.459
80,21.457
81,21.455
82,21.453
83,21.451
84,21.449
85,21.447
86,21.445
87,21.443
88,21.441
89,21.439
90,21.437
91,21.435
92,21.433
93,21.431
94,21.429
95,21.427
96,21.425
97,21.422
98,21.42
99,21.418
100,21.416
101,21.413
102,21.411
103,21.408
104,21.406
105,21.403
106,21.4
107,21.397
108,21.394
109,21.391
110,21.388
111,21.384
112,21.381
113,21.377
114,21.373
115,21.368
116,21.364
117,21.359
118,21.354
119,21.348
120,21.342
121,21.336
122,21.329
123,21.321
124,21.313
125,21.304
126,21.295
127,21.284
128,21.273
129,21.26
130,21.247
131,21.232
132,21.216
133,21.198
134,21.178
135,21.156
136,21.133
137,21.107
138,21.078
139,21.047
140,21.012
141,20.974
142,20.932
143,20.885
144,20.834
145,20.778
146,20.716
147,20.649
148,20.574
149,20.492
150,20.402
151,20.303
152,20.194
153,20.075
154,19.945
155,19.803
156,19.647
157,19.477
158,19.293
159,19.092
160,18.873
161,18.636
162,18.38
163,18.103
164,17.804
165,17.482
166,17.137
167,16.767
168,16.371
169,15.949
170,15.499
171,15.022
172,14.516
173,13.981
174,13.417
175,12.823
176,12.199
177,11.545
178,10.862
179,10.149
180,9.4064
181,8.6347
182,7.8342
183,7.0054
184,6.1486
185,5.2646
186,4.3537
187,3.4168
188,2.4543
189,1.4669
190,0.45543
191,-0.57959
192,-1.6374
193,-2.7173
194,-3.8187
195,-4.9408
196,-6.083
197,-7.2447
198,-8.4251
199,-9.6237
200,-10.84
