0,17.998
1,17.996
2,17.994
3,17.992
4,17.99
5,17.988
6,17.987
7,17.985
8,17.983
9,17.981
10,17.979
11,17.977
12,17.976
13,17.974
14,17.972
15,17.97
16,17.968
17,17.966
18,17.965
19,17.963
20,17.961
21,17.959
22,17.957
23,17.955
24,17.954
25,17.952
26,17.95
27,17.948
28,17.946
29,17.944
30,17.943
31,17.941
32,17.939
33,17.937
34,17.935
35,17.933
36,17.932
37,17.93
38,17.928
39,17.926
40,17.924
41,17.922
42,17.921
43,17.919
44,17.917
45,17.915
46,17.913
47,17.911
48,17.91
49,17.908
50,17.906
51,17.904
52,17.902
53,17.9
54,17.898
55,17.897
56,17.895
57,17.893
58,17.891
59,17.889
60,17.887
61,17.885
62,17.883
63,17.882
64,17.88
65,17.878
66,17.876
67,17.874
68,17.872
69,17.87
70,17.868
71,17.866
72,17.864
73,17.862
74,17.86
75,17.858
76,17.856
77,17.854
78,17.852
79,17.85
80,17.848
81,17.846
82,17.843
83,17.841
84,17.839
85,17.837
86,17.834
87,17.832
88,17.829
89,17.827
90,17.824
91,17.821
92,17.818
93,17.815
94,17.812
95,17.809
96,17.806
97,17.802
98,17.798
99,17.794
100,17.79
101,17.786
102,17.781
103,17.776
104,17.771
105,17.765
106,17.759
107,17.752
108,17.745
109,17.738
110,17.73
111,17.721
112,17.711
113,17.701
114,17.69
115,17.677
116,17.664
117,17.649
118,17.633
119,17.616
120,17.597
121,17.576
122,17.553
123,17.528
124,17.501
125,17.471
126,17.438
127,17.402
128,17.363
129,17.319
130,17.272
131,17.22
132,17.163
133,17.1
134,17.031
135,16.956
136,16.874
137,16.784
138,16.685
139,16.578
140,16.46
141,16.332
142,16.192
143,16.04
144,15.874
145,15.694
146,15.499
147,15.287
148,15.059
149,14.812
150,14.545
151,14.259
152,13.951
153,13.621
154,13.267
155,12.89
156,12.487
157,12.059
158,11.605
159,11.124
160,10.615
161,10.078
162,9.5134
163,8.9201
164,8.2982
165,7.6476
166,6.9683
167,6.2606
168,5.5244
169,4.7602
170,3.9682
171,3.1487
172,2.3024
173,1.4295
174,0.53069
175,-0.39354
176,-1.3426
177,-2.3159
178,-3.3128
179,-4.3327
180,-5.3749
181,-6.4389
182,-7.5239
183,-8.6294
184,-9.7548
185,-10.899
186,-12.062
187,-13.244
188,-14.442
189,-15.658
190,-16.89
191,-18.137
192,-19.4
193,-20.677
194,-21.969
195,-23.275
196,-24.594
197,-25.926
198,-27.27
199,-28.627
200,-29.995
