0,13.812
1,13.81
2,13.809
3,13.807
4,13.805
5,13.803
6,13.801
7,13.799
8,13.798
9,13.796
10,13.794
11,13.792
12,13.79
13,13.788
14,13.787
15,13.785
16,13.783
17,13.781
18,13.779
19,13.777
20,13.776
21,13.774
22,13.772
23,13.77
24,13.768
25,13.766
26,13.765
27,13.763
28,13.761
29,13.759
30,13.757
31,13.755
32,13.754
33,13.752
34,13.75
35,13.748
36,13.746
37,13.744
38,13.742
39,13.741
40,13.739
41,13.737
42,13.735
43,13.733
44,13.731
45,13.73
46,13.728
47,13.726
48,13.724
49,13.722
50,13.72
51,13.718
52,13.716
53,13.715
54,13.713
55,13.711
56,13.709
57,13.707
58,13.705
59,13.703
60,13.701
61,13.699
62,13.697
63,13.695
64,13.693
65,13.691
66,13.689
67,13.687
68,13.685
69,13.683
70,13.681
71,13.678
72,13.676
73,13.674
74,13.671
75,13.669
76,13.667
77,13.664
78,13.662
79,13.659
80,13.656
81,13.653
82,13.651
83,13.648
84,13.644
85,13.641
86,13.638
87,13.634
88,13.63
89,13.626
90,13.622
91,13.618
92,13.613
93,13.608
94,13.603
95,13.597
96,13.591
97,13.585
98,13.578
99,13.57
100,13.562
101,13.554
102,13.544
103,13.534
104,13.523
105,13.511
106,13.498
107,13.484
108,13.469
109,13.452
110,13.434
111,13.414
112,13.392
113,13.369
114,13.343
115,13.315
116,13.284
117,13.25
118,13.213
119,13.172
120,13.128
121,13.08
122,13.027
123,12.969
124,12.906
125,12.837
126,12.761
127,12.679
128,12.589
129,12.49
130,12.383
131,12.267
132,12.14
133,12.001
134,11.851
135,11.689
136,11.512
137,11.321
138,11.114
139,10.891
140,10.651
141,10.392
142,10.113
143,9.8148
144,9.495
145,9.153
146,8.7881
147,8.3994
148,7.9862
149,7.5477
150,7.0835
151,6.5929
152,6.0755
153,5.5309
154,4.9588
155,4.3591
156,3.7315
157,3.076
158,2.3928
159,1.6818
160,0.94325
161,0.17746
162,-0.61531
163,-1.4347
164,-2.2803
165,-3.1516
166,-4.0482
167,-4.9695
168,-5.915
169,-6.8842
170,-7.8764
171,-8.8911
172,-9.9276
173,-10.985
174,-12.064
175,-13.162
176,-14.281
177,-15.417
178,-16.573
179,-17.746
180,-18.936
181,-20.143
182,-21.366
183,-22.604
184,-23.858
185,-25.127
186,-26.409
187,-27.705
188,-29.015
189,-30.337
190,-31.672
191,-33.019
192,-34.377
193,-35.747
194,-37.128
195,-38.519
196,-39.921
197,-41.332
198,-42.754
199,-44.184
200,-45.624
