0,20.086
1,20.084
2,20.082
3,20.08
4,20.078
5,20.076
6,20.075
7,20.073
8,20.071
9,20.069
10,20.067
11,20.065
12,20.064
13,20.062
14,20.06
15,20.058
16,20.056
17,20.054
18,20.053
19,20.051
20,20.049
21,20.047
22,20.045
23,20.043
24,20.042
25,20.04
26,20.038
27,20.036
28,20.034
29,20.032
30,20.031
31,20.029
32,20.027
33,20.025
34,20.023
35,20.021
36,20.02
37,20.018
38,20.016
39,20.014
40,20.012
41,20.01
42,20.009
43,20.007
44,20.005
45,20.003
46,20.001
47,19.999
48,19.998
49,19.996
50,19.994
51,19.992
52,19.99
53,19.988
54,19.987
55,19.985
56,19.983
57,19.981
58,19.979
59,19.977
60,19.976
61,19.974
62,19.972
63,19.97
64,19.968
65,19.966
66,19.965
67,19.963
68,19.961
69,19.959
70,19.957
71,19.955
72,19.954
73,19.952
74,19.95
75,19.948
76,19.946
77,19.944
78,19.943
79,19.941
80,19.939
81,19.937
82,19.935
83,19.933
84,19.931
85,19.929
86,19.928
87,19.926
88,19.924
89,19.922
90,19.92
91,19.918
92,19.916
93,19.914
94,19.912
95,19.91
96,19.908
97,19.906
98,19.904
99,19.902
100,19.9
101,19.898
102,19.896
103,19.894
104,19.892
105,19.89
106,19.887
107,19.885
108,19.883
109,19.88
110,19.878
111,19.875
112,19.873
113,19.87
114,19.867
115,19.864
116,19.861
117,19.858
118,19.854
119,19.851
120,19.847
121,19.843
122,19.839
123,19.835
124,19.83
125,19.825
126,19.82
127,19.814
128,19.808
129,19.801
130,19.794
131,19.786
132,19.777
133,19.768
134,19.758
135,19.747
136,19.735
137,19.721
138,19.707
139,19.691
140,19.674
141,19.654
142,19.633
143,19.61
144,19.585
145,19.556
146,19.525
147,19.491
148,19.453
149,19.412
150,19.366
151,19.315
152,19.26
153,19.198
154,19.13
155,19.056
156,18.974
157,18.883
158,18.784
159,18.675
160,18.555
161,18.424
162,18.28
163,18.123
164,17.951
165,17.764
166,17.56
167,17.338
168,17.097
169,16.836
170,16.553
171,16.249
172,15.921
173,15.568
174,15.19
175,14.785
176,14.353
177,13.894
178,13.405
179,12.888
180,12.34
181,11.763
182,11.156
183,10.518
184,9.8498
185,9.1514
186,8.4229
187,7.6646
188,6.8768
189,6.06
190,5.2146
191,4.3412
192,3.4403
193,2.5125
194,1.5586
195,0.57922
196,-0.42501
197,-1.4533
198,-2.5051
199,-3.5795
200,-4.6758
