0,12.236
1,12.234
2,12.232
3,12.23
4,12.228
5,12.226
6,12.225
7,12.223
8,12.221
9,12.219
10,12.217
11,12.215
12,12.214
13,12.212
14,12.21
15,12.208
16,12.206
17,12.204
18,12.203
19,12.201
20,12.199
21,12.197
22,12.195
23,12.193
24,12.192
25,12.19
26,12.188
27,12.186
28,12.184
29,12.182
30,12.181
31,12.179
32,12.177
33,12.175
34,12.173
35,12.171
36,12.17
37,12.168
38,12.166
39,12.164
40,12.162
41,12.161
42,12.159
43,12.157
44,12.155
45,12.153
46,12.151
47,12.15
48,12.148
49,12.146
50,12.144
51,12.142
52,12.14
53,12.139
54,12.137
55,12.135
56,12.133
57,12.131
58,12.129
59,12.128
60,12.126
61,12.124
62,12.122
63,12.12
64,12.118
65,12.116
66,12.115
67,12.113
68,12.111
69,12.109
70,12.107
71,12.105
72,12.104
73,12.102
74,12.1
75,12.098
76,12.096
77,12.094
78,12.092
79,12.091
80,12.089
81,12.087
82,12.085
83,12.083
84,12.081
85,12.079
86,12.077
87,12.075
88,12.073
89,12.071
90,12.07
91,12.068
92,12.066
93,12.064
94,12.062
95,12.06
96,12.057
97,12.055
98,12.053
99,12.051
100,12.049
101,12.047
102,12.044
103,12.042
104,12.04
105,12.037
106,12.035
107,12.032
108,12.03
109,12.027
110,12.024
111,12.021
112,12.018
113,12.015
114,12.011
115,12.008
116,12.004
117,12
118,11.996
119,11.992
120,11.987
121,11.982
122,11.976
123,11.971
124,11.964
125,11.958
126,11.951
127,11.943
128,11.934
129,11.925
130,11.915
131,11.904
132,11.892
133,11.88
134,11.865
135,11.85
136,11.833
137,11.814
138,11.794
139,11.772
140,11.747
141,11.72
142,11.69
143,11.657
144,11.621
145,11.582
146,11.538
147,11.49
148,11.437
149,11.379
150,11.315
151,11.244
152,11.167
153,11.082
154,10.989
155,10.887
156,10.775
157,10.652
158,10.518
159,10.371
160,10.21
161,10.036
162,9.8457
163,9.6389
164,9.4146
165,9.1715
166,8.9086
167,8.6248
168,8.319
169,7.9902
170,7.6374
171,7.2596
172,6.8559
173,6.4256
174,5.9679
175,5.4822
176,4.968
177,4.4247
178,3.8521
179,3.25
180,2.6181
181,1.9565
182,1.2652
183,0.5444
184,-0.20571
185,-0.98481
186,-1.7925
187,-2.6283
188,-3.4918
189,-4.3824
190,-5.2996
191,-6.2426
192,-7.211
193,-8.2039
194,-9.2208
195,-10.261
196,-11.324
197,-12.408
198,-13.514
199,-14.64
200,-15.787
