0,13.508
1,13.506
2,13.504
3,13.502
4,13.5
5,13.498
6,13.497
7,13.495
8,13.493
9,13.491
10,13.489
11,13.487
12,13.486
13,13.484
14,13.482
15,13.48
16,13.478
17,13.477
18,13.475
19,13.473
20,13.471
21,13.469
22,13.467
23,13.466
24,13.464
25,13.462
26,13.46
27,13.458
28,13.456
29,13.455
30,13.453
31,13.451
32,13.449
33,13.447
34,13.445
35,13.444
36,13.442
37,13.44
38,13.438
39,13.436
40,13.434
41,13.433
42,13.431
43,13.429
44,13.427
45,13.425
46,13.423
47,13.422
48,13.42
49,13.418
50,13.416
51,13.414
52,13.412
53,13.411
54,13.409
55,13.407
56,13.405
57,13.403
58,13.401
59,13.4
60,13.398
61,13.396
62,13.394
63,13.392
64,13.39
65,13.388
66,13.387
67,13.385
68,13.383
69,13.381
70,13.379
71,13.377
72,13.375
73,13.374
74,13.372
75,13.37
76,13.368
77,13.366
78,13.364
79,13.362
80,13.36
81,13.358
82,13.357
83,13.355
84,13.353
85,13.351
86,13.349
87,13.347
88,13.345
89,13.343
90,13.341
91,13.339
92,13.337
93,13.334
94,13.332
95,13.33
96,13.328
97,13.326
98,13.323
99,13.321
100,13.319
101,13.316
102,13.313
103,13.311
104,13.308
105,13.305
106,13.302
107,13.299
108,13.296
109,13.293
110,13.289
111,13.286
112,13.282
113,13.278
114,13.273
115,13.269
116,13.264
117,13.258
118,13.253
119,13.247
120,13.24
121,13.233
122,13.226
123,13.217
124,13.208
125,13.199
126,13.188
127,13.177
128,13.164
129,13.151
130,13.136
131,13.12
132,13.102
133,13.082
134,13.061
135,13.037
136,13.011
137,12.983
138,12.952
139,12.917
140,12.88
141,12.838
142,12.793
143,12.743
144,12.687
145,12.627
146,12.56
147,12.487
148,12.407
149,12.319
150,12.223
151,12.117
152,12.001
153,11.875
154,11.736
155,11.585
156,11.421
157,11.241
158,11.047
159,10.835
160,10.606
161,10.358
162,10.09
163,9.8006
164,9.4896
165,9.1556
166,8.7976
167,8.4147
168,8.0061
169,7.5709
170,7.1085
171,6.6183
172,6.0997
173,5.5524
174,4.976
175,4.3703
176,3.7352
177,3.0706
178,2.3767
179,1.6535
180,0.90139
181,0.1206
182,-0.68849
183,-1.5254
184,-2.3897
185,-3.2808
186,-4.1982
187,-5.1413
188,-6.1093
189,-7.1017
190,-8.1179
191,-9.1571
192,-10.219
193,-11.302
194,-12.406
195,-13.531
196,-14.675
197,-15.839
198,-17.021
199,-18.221
200,-19.438
