0,17.513
1,17.511
2,17.51
3,17.508
4,17.506
5,17.504
6,17.502
7,17.5
8,17.499
9,17.497
10,17.495
11,17.493
12,17.491
13,17.489
14,17.488
15,17.486
16,17.484
17,17.482
18,17.48
19,17.478
20,17.477
21,17.475
22,17.473
23,17.471
24,17.469
25,17.467
26,17.466
27,17.464
28,17.462
29,17.46
30,17.458
31,17.456
32,17.455
33,17.453
34,17.451
35,17.449
36,17.447
37,17.446
38,17.444
39,17.442
40,17.44
41,17.438
42,17.436
43,17.435
44,17.433
45,17.431
46,17.429
47,17.427
48,17.425
49,17.424
50,17.422
51,17.42
52,17.418
53,17.416
54,17.414
55,17.413
56,17.411
57,17.409
58,17.407
59,17.405
60,17.403
61,17.402
62,17.4
63,17.398
64,17.396
65,17.394
66,17.392
67,17.391
68,17.389
69,17.387
70,17.385
71,17.383
72,17.381
73,17.379
74,17.378
75,17.376
76,17.374
77,17.372
78,17.37
79,17.368
80,17.366
81,17.365
82,17.363
83,17.361
84,17.359
85,17.357
86,17.355
87,17.353
88,17.351
89,17.349
90,17.348
91,17.346
92,17.344
93,17.342
94,17.34
95,17.338
96,17.336
97,17.334
98,17.332
99,17.33
100,17.328
101,17.325
102,17.323
103,17.321
104,17.319
105,17.317
106,17.314
107,17.312
108,17.309
109,17.307
110,17.304
111,17.302
112,17.299
113,17.296
114,17.293
115,17.29
116,17.287
117,17.283
118,17.28
119,17.276
120,17.272
121,17.268
122,17.263
123,17.258
124,17.253
125,17.248
126,17.242
127,17.235
128,17.228
129,17.221
130,17.213
131,17.204
132,17.195
133,17.184
134,17.173
135,17.161
136,17.147
137,17.132
138,17.116
139,17.098
140,17.078
141,17.057
142,17.033
143,17.007
144,16.978
145,16.946
146,16.912
147,16.873
148,16.831
149,16.784
150,16.733
151,16.676
152,16.613
153,16.545
154,16.469
155,16.386
156,16.294
157,16.194
158,16.083
159,15.962
160,15.83
161,15.685
162,15.526
163,15.353
164,15.164
165,14.959
166,14.736
167,14.494
168,14.232
169,13.948
170,13.643
171,13.314
172,12.961
173,12.582
174,12.177
175,11.745
176,11.286
177,10.798
178,10.28
179,9.7339
180,9.1576
181,8.5512
182,7.9148
183,7.2482
184,6.5515
185,5.8249
186,5.0687
187,4.2833
188,3.4689
189,2.6261
190,1.7554
191,0.85732
192,-0.067427
193,-1.0183
194,-1.9945
195,-2.9955
196,-4.0205
197,-5.0688
198,-6.1398
199,-7.2327
200,-8.3468
