0,26.87
1,26.868
2,26.866
3,26.864
4,26.862
5,26.86
6,26.859
7,26.857
8,26.855
9,26.853
10,26.851
11,26.849
12,26.848
13,26.846
14,26.844
15,26.842
16,26.84
17,26.838
18,26.837
19,26.835
20,26.833
21,26.831
22,26.829
23,26.827
24,26.826
25,26.824
26,26.822
27,26.82
28,26.818
29,26.816
30,26.815
31,26.813
32,26.811
33,26.809
34,26.807
35,26.805
36,26.804
37,26.802
38,26.8
39,26.798
40,26.796
41,26.794
42,26.793
43,26.791
44,26.789
45,26.787
46,26.785
47,26.783
48,26.782
49,26.78
50,26.778
51,26.776
52,26.774
53,26.772
54,26.77
55,26.769
56,26.767
57,26.765
58,26.763
59,26.761
60,26.759
61,26.757
62,26.756
63,26.754
64,26.752
65,26.75
66,26.748
67,26.746
68,26.744
69,26.742
70,26.74
71,26.738
72,26.736
73,26.734
74,26.732
75,26.73
76,26.728
77,26.726
78,26.724
79,26.722
80,26.72
81,26.718
82,26.716
83,26.714
84,26.711
85,26.709
86,26.707
87,26.704
88,26.702
89,26.699
90,26.697
91,26.694
92,26.691
93,26.688
94,26.685
95,26.682
96,26.679
97,26.676
98,26.672
99,26.668
100,26.664
101,26.66
102,26.656
103,26.651
104,26.646
105,26.641
106,26.635
107,26.629
108,26.622
109,26.615
110,26.607
111,26.599
112,26.59
113,26.58
114,26.569
115,26.557
116,26.545
117,26.531
118,26.516
119,26.499
120,26.481
121,26.461
122,26.44
123,26.416
124,26.39
125,26.361
126,26.33
127,26.295
128,26.258
129,26.216
130,26.17
131,26.12
132,26.065
133,26.005
134,25.939
135,25.866
136,25.786
137,25.699
138,25.603
139,25.499
140,25.384
141,25.259
142,25.123
143,24.974
144,24.812
145,24.635
146,24.444
147,24.236
148,24.011
149,23.767
150,23.504
151,23.221
152,22.916
153,22.589
154,22.239
155,21.864
156,21.464
157,21.038
158,20.586
159,20.106
160,19.598
161,19.063
162,18.498
163,17.905
164,17.283
165,16.632
166,15.951
167,15.242
168,14.504
169,13.738
170,12.943
171,12.121
172,11.272
173,10.396
174,9.4932
175,8.5651
176,7.612
177,6.6344
178,5.633
179,4.6084
180,3.5613
181,2.4924
182,1.4022
183,0.2915
184,-0.83914
185,-1.9891
186,-3.1577
187,-4.3444
188,-5.5485
189,-6.7696
190,-8.007
191,-9.2602
192,-10.529
193,-11.812
194,-13.109
195,-14.421
196,-15.745
197,-17.083
198,-18.433
199,-19.795
200,-21.169
