0,21.344
1,21.342
2,21.341
3,21.339
4,21.337
5,21.335
6,21.333
7,21.331
8,21.33
9,21.328
10,21.326
11,21.324
12,21.322
13,21.32
14,21.319
15,21.317
16,21.315
17,21.313
18,21.311
19,21.309
20,21.308
21,21.306
22,21.304
23,21.302
24,21.3
25,21.298
26,21.297
27,21.295
28,21.293
29,21.291
30,21.289
31,21.288
32,21.286
33,21.284
34,21.282
35,21.28
36,21.278
37,21.277
38,21.275
39,21.273
40,21.271
41,21.269
42,21.267
43,21.266
44,21.264
45,21.262
46,21.26
47,21.258
48,21.256
49,21.255
50,21.253
51,21.251
52,21.249
53,21.247
54,21.245
55,21.244
56,21.242
57,21.24
58,21.238
59,21.236
60,21.234
61,21.233
62,21.231
63,21.229
64,21.227
65,21.225
66,21.223
67,21.222
68,21.22
69,21.218
70,21.216
71,21.214
72,21.212
73,21.21
74,21.209
75,21.207
76,21.205
77,21.203
78,21.201
79,21.199
80,21.197
81,21.196
82,21.194
83,21.192
84,21.19
85,21.188
86,21.186
87,21.184
88,21.182
89,21.18
90,21.178
91,21.176
92,21.174
93,21.172
94,21.17
95,21.168
96,21.166
97,21.164
98,21.162
99,21.16
100,21.158
101,21.156
102,21.154
103,21.151
104,21.149
105,21.147
106,21.144
107,21.142
108,21.139
109,21.136
110,21.134
111,21.131
112,21.128
113,21.125
114,21.121
115,21.118
116,21.114
117,21.111
118,21.107
119,21.102
120,21.098
121,21.093
122,21.088
123,21.082
124,21.076
125,21.07
126,21.063
127,21.056
128,21.048
129,21.039
130,21.029
131,21.019
132,21.008
133,20.995
134,20.982
135,20.967
136,20.951
137,20.933
138,20.913
139,20.892
140,20.868
141,20.842
142,20.813
143,20.781
144,20.746
145,20.708
146,20.666
147,20.619
148,20.568
149,20.511
150,20.449
151,20.38
152,20.304
153,20.221
154,20.13
155,20.029
156,19.919
157,19.798
158,19.665
159,19.52
160,19.362
161,19.189
162,19
163,18.795
164,18.572
165,18.33
166,18.068
167,17.785
168,17.479
169,17.151
170,16.798
171,16.419
172,16.014
173,15.583
174,15.123
175,14.635
176,14.118
177,13.572
178,12.996
179,12.39
180,11.753
181,11.087
182,10.39
183,9.664
184,8.908
185,8.1227
186,7.3085
187,6.4658
188,5.5953
189,4.6974
190,3.7728
191,2.8222
192,1.8461
193,0.84527
194,-0.17959
195,-1.2278
196,-2.2986
197,-3.3914
198,-4.5054
199,-5.64
200,-6.7944
