0,21.071
1,21.069
2,21.067
3,21.065
4,21.063
5,21.061
6,21.06
7,21.058
8,21.056
9,21.054
10,21.052
11,21.05
12,21.049
13,21.047
14,21.045
15,21.043
16,21.041
17,21.039
18,21.038
19,21.036
20,21.034
21,21.032
22,21.03
23,21.028
24,21.027
25,21.025
26,21.023
27,21.021
28,21.019
29,21.017
30,21.016
31,21.014
32,21.012
33,21.01
34,21.008
35,21.006
36,21.005
37,21.003
38,21.001
39,20.999
40,20.997
41,20.995
42,20.994
43,20.992
44,20.99
45,20.988
46,20.986
47,20.984
48,20.983
49,20.981
50,20.979
51,20.977
52,20.975
53,20.973
54,20.972
55,20.97
56,20.968
57,20.966
58,20.964
59,20.962
60,20.96
61,20.959
62,20.957
63,20.955
64,20.953
65,20.951
66,20.949
67,20.947
68,20.945
69,20.944
70,20.942
71,20.94
72,20.938
73,20.936
74,20.934
75,20.932
76,20.93
77,20.928
78,20.926
79,20.924
80,20.922
81,20.92
82,20.918
83,20.916
84,20.914
85,20.912
86,20.91
87,20.908
88,20.905
89,20.903
90,20.901
91,20.898
92,20.896
93,20.893
94,20.891
95,20.888
96,20.885
97,20.883
98,20.88
99,20.877
100,20.873
101,20.87
102,20.867
103,20.863
104,20.859
105,20.855
106,20.85
107,20.846
108,20.841
109,20.836
110,20.83
111,20.824
112,20.818
113,20.811
114,20.803
115,20.795
116,20.786
117,20.776
118,20.766
119,20.755
120,20.742
121,20.729
122,20.714
123,20.698
124,20.681
125,20.661
126,20.64
127,20.617
128,20.592
129,20.564
130,20.533
131,20.5
132,20.463
133,20.423
134,20.378
135,20.329
136,20.276
137,20.217
138,20.152
139,20.081
140,20.004
141,19.918
142,19.825
143,19.723
144,19.611
145,19.488
146,19.355
147,19.209
148,19.05
149,18.877
150,18.689
151,18.485
152,18.264
153,18.024
154,17.766
155,17.487
156,17.187
157,16.865
158,16.519
159,16.149
160,15.754
161,15.333
162,14.886
163,14.411
164,13.909
165,13.378
166,12.819
167,12.231
168,11.614
169,10.967
170,10.292
171,9.5872
172,8.8538
173,8.0918
174,7.3016
175,6.4835
176,5.6379
177,4.7655
178,3.8666
179,2.9419
180,1.992
181,1.0175
182,0.019012
183,-1.0028
184,-2.0473
185,-3.1137
186,-4.2016
187,-5.3101
188,-6.4387
189,-7.5867
190,-8.7535
191,-9.9385
192,-11.141
193,-12.361
194,-13.597
195,-14.849
196,-16.116
197,-17.398
198,-18.695
199,-20.005
200,-21.329
