0,26.348
1,26.346
2,26.345
3,26.343
4,26.341
5,26.339
6,26.337
7,26.335
8,26.334
9,26.332
10,26.33
11,26.328
12,26.326
13,26.324
14,26.323
15,26.321
16,26.319
17,26.317
18,26.315
19,26.313
20,26.312
21,26.31
22,26.308
23,26.306
24,26.304
25,26.302
26,26.301
27,26.299
28,26.297
29,26.295
30,26.293
31,26.291
32,26.29
33,26.288
34,26.286
35,26.284
36,26.282
37,26.28
38,26.279
39,26.277
40,26.275
41,26.273
42,26.271
43,26.269
44,26.268
45,26.266
46,26.264
47,26.262
48,26.26
49,26.258
50,26.257
51,26.255
52,26.253
53,26.251
54,26.249
55,26.247
56,26.246
57,26.244
58,26.242
59,26.24
60,26.238
61,26.236
62,26.234
63,26.233
64,26.231
65,26.229
66,26.227
67,26.225
68,26.223
69,26.221
70,26.22
71,26.218
72,26.216
73,26.214
74,26.212
75,26.21
76,26.208
77,26.206
78,26.204
79,26.202
80,26.2
81,26.198
82,26.196
83,26.194
84,26.192
85,26.19
86,26.188
87,26.186
88,26.184
89,26.182
90,26.18
91,26.177
92,26.175
93,26.173
94,26.17
95,26.168
96,26.166
97,26.163
98,26.16
99,26.158
100,26.155
101,26.152
102,26.149
103,26.145
104,26.142
105,26.138
106,26.135
107,26.131
108,26.127
109,26.122
110,26.117
111,26.112
112,26.107
113,26.101
114,26.095
115,26.088
116,26.081
117,26.073
118,26.065
119,26.056
120,26.046
121,26.035
122,26.023
123,26.01
124,25.996
125,25.981
126,25.964
127,25.945
128,25.925
129,25.903
130,25.878
131,25.852
132,25.822
133,25.79
134,25.754
135,25.715
136,25.672
137,25.624
138,25.572
139,25.515
140,25.451
141,25.382
142,25.306
143,25.222
144,25.131
145,25.03
146,24.92
147,24.8
148,24.668
149,24.524
150,24.366
151,24.195
152,24.009
153,23.806
154,23.586
155,23.348
156,23.09
157,22.812
158,22.512
159,22.19
160,21.844
161,21.474
162,21.078
163,20.656
164,20.207
165,19.73
166,19.225
167,18.692
168,18.129
169,17.537
170,16.916
171,16.265
172,15.585
173,14.875
174,14.136
175,13.368
176,12.571
177,11.747
178,10.894
179,10.015
180,9.1089
181,8.1769
182,7.2194
183,6.2373
184,5.231
185,4.2014
186,3.149
187,2.0745
188,0.97864
189,-0.13794
190,-1.2746
191,-2.4306
192,-3.6055
193,-4.7985
194,-6.009
195,-7.2366
196,-8.4805
197,-9.7403
198,-11.015
199,-12.305
200,-13.609
