0,26.808
1,26.806
2,26.804
3,26.803
4,26.801
5,26.799
6,26.797
7,26.795
8,26.793
9,26.792
10,26.79
11,26.788
12,26.786
13,26.784
14,26.782
15,26.781
16,26.779
17,26.777
18,26.775
19,26.773
20,26.771
21,26.77
22,26.768
23,26.766
24,26.764
25,26.762
26,26.76
27,26.759
28,26.757
29,26.755
30,26.753
31,26.751
32,26.749
33,26.748
34,26.746
35,26.744
36,26.742
37,26.74
38,26.738
39,26.737
40,26.735
41,26.733
42,26.731
43,26.729
44,26.727
45,26.725
46,26.724
47,26.722
48,26.72
49,26.718
50,26.716
51,26.714
52,26.712
53,26.711
54,26.709
55,26.707
56,26.705
57,26.703
58,26.701
59,26.699
60,26.697
61,26.695
62,26.694
63,26.692
64,26.69
65,26.688
66,26.686
67,26.684
68,26.682
69,26.68
70,26.678
71,26.676
72,26.674
73,26.671
74,26.669
75,26.667
76,26.665
77,26.663
78,26.66
79,26.658
80,26.656
81,26.653
82,26.651
83,26.648
84,26.645
85,26.643
86,26.64
87,26.637
88,26.634
89,26.63
90,26.627
91,26.623
92,26.62
93,26.616
94,26.612
95,26.607
96,26.603
97,26.598
98,26.592
99,26.587
100,26.581
101,26.574
102,26.567
103,26.56
104,26.552
105,26.543
106,26.533
107,26.523
108,26.512
109,26.5
110,26.486
111,26.472
112,26.456
113,26.439
114,26.42
115,26.399
116,26.377
117,26.352
118,26.325
119,26.296
120,26.263
121,26.228
122,26.189
123,26.146
124,26.099
125,26.048
126,25.991
127,25.93
128,25.862
129,25.788
130,25.707
131,25.618
132,25.521
133,25.415
134,25.3
135,25.173
136,25.036
137,24.886
138,24.723
139,24.546
140,24.354
141,24.146
142,23.921
143,23.678
144,23.416
145,23.134
146,22.831
147,22.505
148,22.157
149,21.785
150,21.389
151,20.967
152,20.519
153,20.045
154,19.543
155,19.013
156,18.455
157,17.869
158,17.255
159,16.612
160,15.94
161,15.24
162,14.512
163,13.755
164,12.971
165,12.159
166,11.321
167,10.455
168,9.5642
169,8.6474
170,7.7057
171,6.7397
172,5.75
173,4.7371
174,3.7018
175,2.6446
176,1.5662
177,0.46726
178,-0.65168
179,-1.79
180,-2.947
181,-4.1222
182,-5.315
183,-6.5248
184,-7.751
185,-8.9931
186,-10.251
187,-11.523
188,-12.81
189,-14.111
190,-15.425
191,-16.752
192,-18.092
193,-19.444
194,-20.808
195,-22.183
196,-23.569
197,-24.966
198,-26.373
199,-27.79
200,-29.217
