0,12.919
1,12.917
2,12.915
3,12.913
4,12.912
5,12.91
6,12.908
7,12.906
8,12.904
9,12.902
10,12.901
11,12.899
12,12.897
13,12.895
14,12.893
15,12.891
16,12.89
17,12.888
18,12.886
19,12.884
20,12.882
21,12.88
22,12.879
23,12.877
24,12.875
25,12.873
26,12.871
27,12.869
28,12.868
29,12.866
30,12.864
31,12.862
32,12.86
33,12.858
34,12.857
35,12.855
36,12.853
37,12.851
38,12.849
39,12.847
40,12.846
41,12.844
42,12.842
43,12.84
44,12.838
45,12.836
46,12.835
47,12.833
48,12.831
49,12.829
50,12.827
51,12.825
52,12.823
53,12.822
54,12.82
55,12.818
56,12.816
57,12.814
58,12.812
59,12.81
60,12.808
61,12.807
62,12.805
63,12.803
64,12.801
65,12.799
66,12.797
67,12.795
68,12.793
69,12.791
70,12.789
71,12.787
72,12.785
73,12.783
74,12.781
75,12.779
76,12.777
77,12.775
78,12.773
79,12.771
80,12.769
81,12.766
82,12.764
83,12.762
84,12.759
85,12.757
86,12.754
87,12.752
88,12.749
89,12.746
90,12.744
91,12.741
92,12.738
93,12.734
94,12.731
95,12.728
96,12.724
97,12.72
98,12.716
99,12.712
100,12.707
101,12.703
102,12.698
103,12.692
104,12.686
105,12.68
106,12.673
107,12.666
108,12.658
109,12.65
110,12.641
111,12.631
112,12.62
113,12.609
114,12.596
115,12.582
116,12.567
117,12.551
118,12.533
119,12.514
120,12.493
121,12.469
122,12.444
123,12.416
124,12.386
125,12.352
126,12.316
127,12.276
128,12.232
129,12.183
130,12.131
131,12.073
132,12.01
133,11.94
134,11.864
135,11.781
136,11.691
137,11.592
138,11.483
139,11.365
140,11.236
141,11.096
142,10.944
143,10.778
144,10.598
145,10.403
146,10.192
147,9.9636
148,9.7173
149,9.4519
150,9.1665
151,8.86
152,8.5315
153,8.1801
154,7.805
155,7.4052
156,6.9802
157,6.5292
158,6.0515
159,5.5467
160,5.0144
161,4.4542
162,3.8658
163,3.2492
164,2.6041
165,1.9306
166,1.2289
167,0.499
168,-0.25877
169,-1.0441
170,-1.8567
171,-2.6961
172,-3.5619
173,-4.4535
174,-5.3704
175,-6.3121
176,-7.278
177,-8.2675
178,-9.2799
179,-10.315
180,-11.371
181,-12.449
182,-13.547
183,-14.665
184,-15.802
185,-16.958
186,-18.132
187,-19.323
188,-20.532
189,-21.756
190,-22.997
191,-24.253
192,-25.524
193,-26.809
194,-28.108
195,-29.42
196,-30.746
197,-32.084
198,-33.434
199,-34.796
200,-36.17
