0,15.678
1,15.677
2,15.675
3,15.673
4,15.671
5,15.669
6,15.667
7,15.666
8,15.664
9,15.662
10,15.66
11,15.658
12,15.656
13,15.655
14,15.653
15,15.651
16,15.649
17,15.647
18,15.645
19,15.644
20,15.642
21,15.64
22,15.638
23,15.636
24,15.634
25,15.633
26,15.631
27,15.629
28,15.627
29,15.625
30,15.623
31,15.622
32,15.62
33,15.618
34,15.616
35,15.614
36,15.612
37,15.611
38,15.609
39,15.607
40,15.605
41,15.603
42,15.601
43,15.6
44,15.598
45,15.596
46,15.594
47,15.592
48,15.59
49,15.589
50,15.587
51,15.585
52,15.583
53,15.581
54,15.58
55,15.578
56,15.576
57,15.574
58,15.572
59,15.57
60,15.569
61,15.567
62,15.565
63,15.563
64,15.561
65,15.559
66,15.558
67,15.556
68,15.554
69,15.552
70,15.55
71,15.548
72,15.546
73,15.545
74,15.543
75,15.541
76,15.539
77,15.537
78,15.535
79,15.534
80,15.532
81,15.53
82,15.528
83,15.526
84,15.524
85,15.522
86,15.521
87,15.519
88,15.517
89,15.515
90,15.513
91,15.511
92,15.509
93,15.507
94,15.506
95,15.504
96,15.502
97,15.5
98,15.498
99,15.496
100,15.494
101,15.492
102,15.49
103,15.488
104,15.486
105,15.484
106,15.482
107,15.479
108,15.477
109,15.475
110,15.473
111,15.47
112,15.468
113,15.466
114,15.463
115,15.461
116,15.458
117,15.455
118,15.452
119,15.449
120,15.446
121,15.443
122,15.44
123,15.436
124,15.432
125,15.428
126,15.424
127,15.419
128,15.415
129,15.409
130,15.404
131,15.398
132,15.392
133,15.385
134,15.377
135,15.369
136,15.36
137,15.351
138,15.34
139,15.329
140,15.316
141,15.302
142,15.287
143,15.271
144,15.253
145,15.233
146,15.211
147,15.187
148,15.16
149,15.131
150,15.098
151,15.063
152,15.023
153,14.98
154,14.932
155,14.879
156,14.821
157,14.756
158,14.686
159,14.608
160,14.522
161,14.427
162,14.323
163,14.209
164,14.084
165,13.947
166,13.797
167,13.632
168,13.453
169,13.257
170,13.045
171,12.813
172,12.562
173,12.29
174,11.997
175,11.68
176,11.339
177,10.973
178,10.581
179,10.162
180,9.7154
181,9.2403
182,8.736
183,8.2023
184,7.6385
185,7.0446
186,6.4202
187,5.7654
188,5.0802
189,4.3646
190,3.6191
191,2.8438
192,2.0391
193,1.2056
194,0.34374
195,-0.54594
196,-1.4628
197,-2.4062
198,-3.3755
199,-4.3699
200,-5.3888
