0,22.257
1,22.255
2,22.253
3,22.251
4,22.25
5,22.248
6,22.246
7,22.244
8,22.242
9,22.24
10,22.239
11,22.237
12,22.235
13,22.233
14,22.231
15,22.229
16,22.228
17,22.226
18,22.224
19,22.222
20,22.22
21,22.218
22,22.217
23,22.215
24,22.213
25,22.211
26,22.209
27,22.208
28,22.206
29,22.204
30,22.202
31,22.2
32,22.198
33,22.197
34,22.195
35,22.193
36,22.191
37,22.189
38,22.187
39,22.186
40,22.184
41,22.182
42,22.18
43,22.178
44,22.176
45,22.175
46,22.173
47,22.171
48,22.169
49,22.167
50,22.165
51,22.164
52,22.162
53,22.16
54,22.158
55,22.156
56,22.154
57,22.153
58,22.151
59,22.149
60,22.147
61,22.145
62,22.143
63,22.142
64,22.14
65,22.138
66,22.136
67,22.134
68,22.132
69,22.131
70,22.129
71,22.127
72,22.125
73,22.123
74,22.121
75,22.119
76,22.118
77,22.116
78,22.114
79,22.112
80,22.11
81,22.108
82,22.106
83,22.105
84,22.103
85,22.101
86,22.099
87,22.097
88,22.095
89,22.093
90,22.091
91,22.089
92,22.087
93,22.085
94,22.084
95,22.082
96,22.08
97,22.078
98,22.076
99,22.073
100,22.071
101,22.069
102,22.067
103,22.065
104,22.063
105,22.06
106,22.058
107,22.056
108,22.053
109,22.051
110,22.048
111,22.046
112,22.043
113,22.04
114,22.037
115,22.034
116,22.031
117,22.028
118,22.024
119,22.02
120,22.016
121,22.012
122,22.008
123,22.003
124,21.998
125,21.992
126,21.987
127,21.98
128,21.974
129,21.966
130,21.958
131,21.95
132,21.94
133,21.93
134,21.919
135,21.907
136,21.893
137,21.878
138,21.862
139,21.845
140,21.825
141,21.804
142,21.78
143,21.755
144,21.726
145,21.695
146,21.66
147,21.622
148,21.58
149,21.533
150,21.482
151,21.425
152,21.363
153,21.295
154,21.219
155,21.136
156,21.044
157,20.944
158,20.833
159,20.712
160,20.579
161,20.434
162,20.275
163,20.101
164,19.912
165,19.705
166,19.481
167,19.237
168,18.974
169,18.688
170,18.381
171,18.05
172,17.694
173,17.312
174,16.904
175,16.469
176,16.005
177,15.513
178,14.992
179,14.44
180,13.859
181,13.248
182,12.606
183,11.934
184,11.232
185,10.499
186,9.7372
187,8.9456
188,8.125
189,7.2759
190,6.3989
191,5.4945
192,4.5633
193,3.606
194,2.6233
195,1.6159
196,0.58451
197,-0.4702
198,-1.5475
199,-2.6467
200,-3.7671
