0,18.341
1,18.34
2,18.338
3,18.336
4,18.334
5,18.332
6,18.33
7,18.329
8,18.327
9,18.325
10,18.323
11,18.321
12,18.319
13,18.318
14,18.316
15,18.314
16,18.312
17,18.31
18,18.308
19,18.307
20,18.305
21,18.303
22,18.301
23,18.299
24,18.297
25,18.296
26,18.294
27,18.292
28,18.29
29,18.288
30,18.286
31,18.285
32,18.283
33,18.281
34,18.279
35,18.277
36,18.275
37,18.274
38,18.272
39,18.27
40,18.268
41,18.266
42,18.264
43,18.262
44,18.261
45,18.259
46,18.257
47,18.255
48,18.253
49,18.251
50,18.249
51,18.248
52,18.246
53,18.244
54,18.242
55,18.24
56,18.238
57,18.236
58,18.234
59,18.233
60,18.231
61,18.229
62,18.227
63,18.225
64,18.223
65,18.221
66,18.219
67,18.217
68,18.215
69,18.213
70,18.211
71,18.209
72,18.206
73,18.204
74,18.202
75,18.2
76,18.198
77,18.195
78,18.193
79,18.191
80,18.188
81,18.186
82,18.183
83,18.18
84,18.177
85,18.175
86,18.172
87,18.168
88,18.165
89,18.162
90,18.158
91,18.155
92,18.151
93,18.146
94,18.142
95,18.137
96,18.132
97,18.127
98,18.122
99,18.115
100,18.109
101,18.102
102,18.095
103,18.087
104,18.078
105,18.068
106,18.058
107,18.047
108,18.035
109,18.022
110,18.008
111,17.992
112,17.975
113,17.957
114,17.937
115,17.915
116,17.891
117,17.864
118,17.835
119,17.804
120,17.769
121,17.731
122,17.69
123,17.645
124,17.595
125,17.54
126,17.481
127,17.416
128,17.344
129,17.266
130,17.181
131,17.088
132,16.986
133,16.875
134,16.754
135,16.622
136,16.478
137,16.322
138,16.153
139,15.97
140,15.771
141,15.556
142,15.323
143,15.073
144,14.803
145,14.513
146,14.202
147,13.869
148,13.513
149,13.134
150,12.729
151,12.3
152,11.844
153,11.362
154,10.853
155,10.317
156,9.7526
157,9.1604
158,8.5401
159,7.8915
160,7.2147
161,6.5098
162,5.7771
163,5.0166
164,4.2287
165,3.4138
166,2.5723
167,1.7047
168,0.8114
169,-0.10702
170,-1.05
171,-2.017
172,-3.0074
173,-4.0206
174,-5.0559
175,-6.1129
176,-7.1908
177,-8.289
178,-9.407
179,-10.544
180,-11.7
181,-12.873
182,-14.064
183,-15.272
184,-16.496
185,-17.736
186,-18.992
187,-20.262
188,-21.546
189,-22.844
190,-24.155
191,-25.48
192,-26.817
193,-28.166
194,-29.527
195,-30.899
196,-32.282
197,-33.676
198,-35.08
199,-36.494
200,-37.918
