0,13.295
1,13.293
2,13.291
3,13.289
4,13.287
5,13.286
6,13.284
7,13.282
8,13.28
9,13.278
10,13.276
11,13.275
12,13.273
13,13.271
14,13.269
15,13.267
16,13.265
17,13.264
18,13.262
19,13.26
20,13.258
21,13.256
22,13.254
23,13.253
24,13.251
25,13.249
26,13.247
27,13.245
28,13.243
29,13.242
30,13.24
31,13.238
32,13.236
33,13.234
34,13.232
35,13.231
36,13.229
37,13.227
38,13.225
39,13.223
40,13.221
41,13.22
42,13.218
43,13.216
44,13.214
45,13.212
46,13.21
47,13.209
48,13.207
49,13.205
50,13.203
51,13.201
52,13.199
53,13.198
54,13.196
55,13.194
56,13.192
57,13.19
58,13.188
59,13.187
60,13.185
61,13.183
62,13.181
63,13.179
64,13.177
65,13.176
66,13.174
67,13.172
68,13.17
69,13.168
70,13.166
71,13.165
72,13.163
73,13.161
74,13.159
75,13.157
76,13.155
77,13.153
78,13.152
79,13.15
80,13.148
81,13.146
82,13.144
83,13.142
84,13.14
85,13.138
86,13.136
87,13.135
88,13.133
89,13.131
90,13.129
91,13.127
92,13.125
93,13.123
94,13.121
95,13.119
96,13.117
97,13.115
98,13.113
99,13.11
100,13.108
101,13.106
102,13.104
103,13.102
104,13.099
105,13.097
106,13.094
107,13.092
108,13.089
109,13.087
110,13.084
111,13.081
112,13.078
113,13.075
114,13.072
115,13.068
116,13.065
117,13.061
118,13.057
119,13.053
120,13.048
121,13.044
122,13.038
123,13.033
124,13.027
125,13.021
126,13.014
127,13.007
128,12.999
129,12.99
130,12.981
131,12.971
132,12.96
133,12.948
134,12.934
135,12.92
136,12.904
137,12.887
138,12.868
139,12.847
140,12.824
141,12.798
142,12.771
143,12.74
144,12.706
145,12.669
146,12.629
147,12.584
148,12.534
149,12.48
150,12.42
151,12.354
152,12.282
153,12.202
154,12.115
155,12.019
156,11.913
157,11.798
158,11.672
159,11.533
160,11.382
161,11.217
162,11.037
163,10.842
164,10.629
165,10.398
166,10.148
167,9.878
168,9.5864
169,9.2724
170,8.9349
171,8.5729
172,8.1856
173,7.772
174,7.3314
175,6.863
176,6.3663
177,5.8408
178,5.286
179,4.7017
180,4.0877
181,3.4438
182,2.7701
183,2.0667
184,1.3337
185,0.57149
186,-0.21968
187,-1.0394
188,-1.8871
189,-2.7623
190,-3.6645
191,-4.5931
192,-5.5473
193,-6.5267
194,-7.5304
195,-8.5579
196,-9.6084
197,-10.681
198,-11.776
199,-12.891
200,-14.027
