0,15.152
1,15.151
2,15.149
3,15.147
4,15.145
5,15.143
6,15.141
7,15.14
8,15.138
9,15.136
10,15.134
11,15.132
12,15.13
13,15.129
14,15.127
15,15.125
16,15.123
17,15.121
18,15.119
19,15.118
20,15.116
21,15.114
22,15.112
23,15.11
24,15.108
25,15.107
26,15.105
27,15.103
28,15.101
29,15.099
30,15.097
31,15.096
32,15.094
33,15.092
34,15.09
35,15.088
36,15.086
37,15.085
38,15.083
39,15.081
40,15.079
41,15.077
42,15.075
43,15.074
44,15.072
45,15.07
46,15.068
47,15.066
48,15.064
49,15.063
50,15.061
51,15.059
52,15.057
53,15.055
54,15.053
55,15.051
56,15.05
57,15.048
58,15.046
59,15.044
60,15.042
61,15.04
62,15.038
63,15.036
64,15.035
65,15.033
66,15.031
67,15.029
68,15.027
69,15.025
70,15.023
71,15.021
72,15.019
73,15.017
74,15.015
75,15.013
76,15.011
77,15.009
78,15.007
79,15.005
80,15.003
81,15.001
82,14.998
83,14.996
84,14.994
85,14.991
86,14.989
87,14.987
88,14.984
89,14.981
90,14.979
91,14.976
92,14.973
93,14.97
94,14.967
95,14.964
96,14.96
97,14.957
98,14.953
99,14.949
100,14.945
101,14.941
102,14.936
103,14.931
104,14.926
105,14.92
106,14.914
107,14.908
108,14.901
109,14.893
110,14.885
111,14.877
112,14.867
113,14.857
114,14.846
115,14.834
116,14.82
117,14.806
118,14.79
119,14.773
120,14.755
121,14.734
122,14.712
123,14.687
124,14.66
125,14.631
126,14.599
127,14.563
128,14.525
129,14.482
130,14.436
131,14.385
132,14.329
133,14.267
134,14.2
135,14.126
136,14.046
137,13.958
138,13.861
139,13.756
140,13.641
141,13.515
142,13.378
143,13.229
144,13.067
145,12.891
146,12.7
147,12.493
148,12.27
149,12.028
150,11.767
151,11.486
152,11.185
153,10.861
154,10.515
155,10.144
156,9.7495
157,9.3293
158,8.8831
159,8.4103
160,7.9102
161,7.3824
162,6.8267
163,6.2426
164,5.6301
165,4.9889
166,4.3193
167,3.6211
168,2.8945
169,2.1399
170,1.3575
171,0.54761
172,-0.2893
173,-1.1528
174,-2.0423
175,-2.9574
176,-3.8974
177,-4.8619
178,-5.85
179,-6.8614
180,-7.8952
181,-8.9509
182,-10.028
183,-11.126
184,-12.243
185,-13.38
186,-14.536
187,-15.71
188,-16.902
189,-18.11
190,-19.335
191,-20.577
192,-21.833
193,-23.104
194,-24.39
195,-25.69
196,-27.003
197,-28.33
198,-29.669
199,-31.02
200,-32.383
