0,12.894
1,12.892
2,12.89
3,12.888
4,12.886
5,12.885
6,12.883
7,12.881
8,12.879
9,12.877
10,12.875
11,12.874
12,12.872
13,12.87
14,12.868
15,12.866
16,12.864
17,12.863
18,12.861
19,12.859
20,12.857
21,12.855
22,12.854
23,12.852
24,12.85
25,12.848
26,12.846
27,12.844
28,12.843
29,12.841
30,12.839
31,12.837
32,12.835
33,12.833
34,12.832
35,12.83
36,12.828
37,12.826
38,12.824
39,12.822
40,12.821
41,12.819
42,12.817
43,12.815
44,12.813
45,12.811
46,12.81
47,12.808
48,12.806
49,12.804
50,12.802
51,12.8
52,12.799
53,12.797
54,12.795
55,12.793
56,12.791
57,12.789
58,12.788
59,12.786
60,12.784
61,12.782
62,12.78
63,12.778
64,12.776
65,12.775
66,12.773
67,12.771
68,12.769
69,12.767
70,12.765
71,12.764
72,12.762
73,12.76
74,12.758
75,12.756
76,12.754
77,12.752
78,12.75
79,12.749
80,12.747
81,12.745
82,12.743
83,12.741
84,12.739
85,12.737
86,12.735
87,12.733
88,12.731
89,12.729
90,12.727
91,12.725
92,12.723
93,12.721
94,12.719
95,12.717
96,12.715
97,12.713
98,12.71
99,12.708
100,12.706
101,12.703
102,12.701
103,12.698
104,12.696
105,12.693
106,12.69
107,12.687
108,12.685
109,12.681
110,12.678
111,12.675
112,12.671
113,12.668
114,12.664
115,12.659
116,12.655
117,12.65
118,12.645
119,12.64
120,12.634
121,12.628
122,12.621
123,12.614
124,12.606
125,12.598
126,12.589
127,12.579
128,12.568
129,12.556
130,12.543
131,12.529
132,12.514
133,12.497
134,12.478
135,12.458
136,12.436
137,12.411
138,12.384
139,12.355
140,12.322
141,12.287
142,12.248
143,12.204
144,12.157
145,12.105
146,12.048
147,11.984
148,11.915
149,11.839
150,11.756
151,11.664
152,11.563
153,11.453
154,11.333
155,11.201
156,11.057
157,10.9
158,10.728
159,10.542
160,10.339
161,10.12
162,9.8813
163,9.6237
164,9.3457
165,9.046
166,8.7238
167,8.378
168,8.0077
169,7.612
170,7.19
171,6.741
172,6.2645
173,5.7597
174,5.2262
175,4.6637
176,4.0719
177,3.4506
178,2.7998
179,2.1195
180,1.4097
181,0.67081
182,-0.097024
183,-0.89342
184,-1.718
185,-2.5702
186,-3.4496
187,-4.3556
188,-5.2875
189,-6.2449
190,-7.227
191,-8.2332
192,-9.2628
193,-10.315
194,-11.39
195,-12.485
196,-13.602
197,-14.738
198,-15.894
199,-17.069
200,-18.262
