0,14.791
1,14.79
2,14.788
3,14.786
4,14.784
5,14.782
6,14.78
7,14.779
8,14.777
9,14.775
10,14.773
11,14.771
12,14.769
13,14.768
14,14.766
15,14.764
16,14.762
17,14.76
18,14.758
19,14.757
20,14.755
21,14.753
22,14.751
23,14.749
24,14.747
25,14.746
26,14.744
27,14.742
28,14.74
29,14.738
30,14.736
31,14.735
32,14.733
33,14.731
34,14.729
35,14.727
36,14.725
37,14.724
38,14.722
39,14.72
40,14.718
41,14.716
42,14.714
43,14.713
44,14.711
45,14.709
46,14.707
47,14.705
48,14.703
49,14.701
50,14.7
51,14.698
52,14.696
53,14.694
54,14.692
55,14.69
56,14.688
57,14.686
58,14.685
59,14.683
60,14.681
61,14.679
62,14.677
63,14.675
64,14.673
65,14.671
66,14.669
67,14.667
68,14.665
69,14.663
70,14.661
71,14.659
72,14.657
73,14.655
74,14.653
75,14.651
76,14.648
77,14.646
78,14.644
79,14.642
80,14.639
81,14.637
82,14.634
83,14.632
84,14.629
85,14.627
86,14.624
87,14.621
88,14.618
89,14.615
90,14.611
91,14.608
92,14.604
93,14.601
94,14.597
95,14.592
96,14.588
97,14.583
98,14.578
99,14.573
100,14.567
101,14.561
102,14.555
103,14.548
104,14.54
105,14.532
106,14.523
107,14.514
108,14.503
109,14.492
110,14.48
111,14.467
112,14.452
113,14.436
114,14.419
115,14.401
116,14.38
117,14.358
118,14.333
119,14.307
120,14.277
121,14.245
122,14.21
123,14.172
124,14.13
125,14.084
126,14.033
127,13.978
128,13.918
129,13.852
130,13.779
131,13.7
132,13.614
133,13.519
134,13.416
135,13.304
136,13.181
137,13.048
138,12.902
139,12.744
140,12.573
141,12.387
142,12.186
143,11.968
144,11.733
145,11.48
146,11.207
147,10.914
148,10.6
149,10.263
150,9.9037
151,9.5203
152,9.1123
153,8.6788
154,8.2193
155,7.7332
156,7.2201
157,6.6794
158,6.1109
159,5.5144
160,4.8898
161,4.2369
162,3.5559
163,2.8467
164,2.1097
165,1.345
166,0.55303
167,-0.26593
168,-1.1114
169,-1.983
170,-2.8802
171,-3.8024
172,-4.749
173,-5.7196
174,-6.7135
175,-7.7301
176,-8.7688
177,-9.829
178,-10.91
179,-12.011
180,-13.132
181,-14.272
182,-15.431
183,-16.607
184,-17.801
185,-19.011
186,-20.238
187,-21.48
188,-22.737
189,-24.01
190,-25.296
191,-26.596
192,-27.91
193,-29.236
194,-30.575
195,-31.926
196,-33.288
197,-34.662
198,-36.047
199,-37.442
200,-38.848
