0,14.979
1,14.978
2,14.976
3,14.974
4,14.972
5,14.97
6,14.968
7,14.967
8,14.965
9,14.963
10,14.961
11,14.959
12,14.957
13,14.956
14,14.954
15,14.952
16,14.95
17,14.948
18,14.946
19,14.945
20,14.943
21,14.941
22,14.939
23,14.937
24,14.935
25,14.934
26,14.932
27,14.93
28,14.928
29,14.926
30,14.924
31,14.923
32,14.921
33,14.919
34,14.917
35,14.915
36,14.913
37,14.912
38,14.91
39,14.908
40,14.906
41,14.904
42,14.902
43,14.901
44,14.899
45,14.897
46,14.895
47,14.893
48,14.891
49,14.89
50,14.888
51,14.886
52,14.884
53,14.882
54,14.88
55,14.878
56,14.877
57,14.875
58,14.873
59,14.871
60,14.869
61,14.867
62,14.865
63,14.864
64,14.862
65,14.86
66,14.858
67,14.856
68,14.854
69,14.852
70,14.85
71,14.849
72,14.847
73,14.845
74,14.843
75,14.841
76,14.839
77,14.837
78,14.835
79,14.833
80,14.831
81,14.829
82,14.827
83,14.825
84,14.822
85,14.82
86,14.818
87,14.816
88,14.814
89,14.811
90,14.809
91,14.806
92,14.804
93,14.801
94,14.799
95,14.796
96,14.793
97,14.79
98,14.787
99,14.784
100,14.781
101,14.777
102,14.773
103,14.77
104,14.765
105,14.761
106,14.757
107,14.752
108,14.746
109,14.741
110,14.735
111,14.728
112,14.722
113,14.714
114,14.706
115,14.697
116,14.688
117,14.678
118,14.667
119,14.655
120,14.641
121,14.627
122,14.611
123,14.594
124,14.575
125,14.555
126,14.532
127,14.508
128,14.481
129,14.451
130,14.419
131,14.383
132,14.344
133,14.301
134,14.254
135,14.202
136,14.146
137,14.084
138,14.015
139,13.941
140,13.859
141,13.769
142,13.671
143,13.564
144,13.446
145,13.318
146,13.179
147,13.027
148,12.861
149,12.681
150,12.486
151,12.274
152,12.045
153,11.798
154,11.531
155,11.243
156,10.934
157,10.603
158,10.248
159,9.8689
160,9.4646
161,9.0345
162,8.5779
163,8.0941
164,7.5826
165,7.043
166,6.475
167,5.8783
168,5.2528
169,4.5984
170,3.9153
171,3.2034
172,2.4629
173,1.6943
174,0.89775
175,0.073697
176,-0.77741
177,-1.6551
178,-2.5588
179,-3.488
180,-4.442
181,-5.4203
182,-6.4222
183,-7.4472
184,-8.4945
185,-9.5635
186,-10.654
187,-11.764
188,-12.894
189,-14.044
190,-15.212
191,-16.398
192,-17.601
193,-18.822
194,-20.058
195,-21.31
196,-22.578
197,-23.86
198,-25.156
199,-26.466
200,-27.79
