0,23.161
1,23.159
2,23.157
3,23.156
4,23.154
5,23.152
6,23.15
7,23.148
8,23.146
9,23.145
10,23.143
11,23.141
12,23.139
13,23.137
14,23.136
15,23.134
16,23.132
17,23.13
18,23.128
19,23.126
20,23.125
21,23.123
22,23.121
23,23.119
24,23.117
25,23.115
26,23.114
27,23.112
28,23.11
29,23.108
30,23.106
31,23.104
32,23.102
33,23.101
34,23.099
35,23.097
36,23.095
37,23.093
38,23.091
39,23.09
40,23.088
41,23.086
42,23.084
43,23.082
44,23.08
45,23.078
46,23.077
47,23.075
48,23.073
49,23.071
50,23.069
51,23.067
52,23.065
53,23.063
54,23.062
55,23.06
56,23.058
57,23.056
58,23.054
59,23.052
60,23.05
61,23.048
62,23.046
63,23.044
64,23.042
65,23.04
66,23.038
67,23.036
68,23.034
69,23.031
70,23.029
71,23.027
72,23.025
73,23.022
74,23.02
75,23.018
76,23.015
77,23.013
78,23.01
79,23.007
80,23.005
81,23.002
82,22.999
83,22.996
84,22.992
85,22.989
86,22.986
87,22.982
88,22.978
89,22.974
90,22.969
91,22.965
92,22.96
93,22.955
94,22.949
95,22.943
96,22.937
97,22.93
98,22.922
99,22.914
100,22.906
101,22.897
102,22.886
103,22.876
104,22.864
105,22.851
106,22.837
107,22.822
108,22.805
109,22.787
110,22.767
111,22.745
112,22.722
113,22.696
114,22.667
115,22.636
116,22.603
117,22.565
118,22.525
119,22.48
120,22.432
121,22.378
122,22.32
123,22.256
124,22.186
125,22.11
126,22.026
127,21.935
128,21.836
129,21.727
130,21.609
131,21.48
132,21.34
133,21.187
134,21.021
135,20.842
136,20.647
137,20.437
138,20.21
139,19.964
140,19.7
141,19.417
142,19.112
143,18.786
144,18.437
145,18.065
146,17.668
147,17.247
148,16.799
149,16.326
150,15.826
151,15.298
152,14.743
153,14.16
154,13.549
155,12.91
156,12.243
157,11.548
158,10.825
159,10.074
160,9.2962
161,8.491
162,7.6591
163,6.8009
164,5.917
165,5.0079
166,4.074
167,3.116
168,2.1345
169,1.13
170,0.10315
171,-0.94544
172,-2.0152
173,-3.1054
174,-4.2155
175,-5.345
176,-6.4932
177,-7.6595
178,-8.8434
179,-10.044
180,-11.262
181,-12.495
182,-13.744
183,-15.008
184,-16.286
185,-17.578
186,-18.884
187,-20.202
188,-21.534
189,-22.878
190,-24.233
191,-25.6
192,-26.978
193,-28.367
194,-29.767
195,-31.176
196,-32.595
197,-34.024
198,-35.462
199,-36.909
200,-38.364
