0,17.768
1,17.766
2,17.764
3,17.762
4,17.76
5,17.759
6,17.757
7,17.755
8,17.753
9,17.751
10,17.749
11,17.748
12,17.746
13,17.744
14,17.742
15,17.74
16,17.738
17,17.737
18,17.735
19,17.733
20,17.731
21,17.729
22,17.727
23,17.726
24,17.724
25,17.722
26,17.72
27,17.718
28,17.716
29,17.715
30,17.713
31,17.711
32,17.709
33,17.707
34,17.705
35,17.704
36,17.702
37,17.7
38,17.698
39,17.696
40,17.694
41,17.693
42,17.691
43,17.689
44,17.687
45,17.685
46,17.683
47,17.682
48,17.68
49,17.678
50,17.676
51,17.674
52,17.672
53,17.671
54,17.669
55,17.667
56,17.665
57,17.663
58,17.662
59,17.66
60,17.658
61,17.656
62,17.654
63,17.652
64,17.651
65,17.649
66,17.647
67,17.645
68,17.643
69,17.641
70,17.639
71,17.638
72,17.636
73,17.634
74,17.632
75,17.63
76,17.628
77,17.627
78,17.625
79,17.623
80,17.621
81,17.619
82,17.617
83,17.616
84,17.614
85,17.612
86,17.61
87,17.608
88,17.606
89,17.604
90,17.602
91,17.601
92,17.599
93,17.597
94,17.595
95,17.593
96,17.591
97,17.589
98,17.587
99,17.585
100,17.583
101,17.581
102,17.579
103,17.577
104,17.575
105,17.573
106,17.571
107,17.569
108,17.567
109,17.564
110,17.562
111,17.56
112,17.558
113,17.555
114,17.553
115,17.55
116,17.547
117,17.545
118,17.542
119,17.539
120,17.536
121,17.533
122,17.529
123,17.526
124,17.522
125,17.518
126,17.514
127,17.51
128,17.505
129,17.5
130,17.494
131,17.489
132,17.482
133,17.475
134,17.468
135,17.46
136,17.451
137,17.442
138,17.432
139,17.421
140,17.408
141,17.395
142,17.38
143,17.364
144,17.346
145,17.327
146,17.305
147,17.281
148,17.255
149,17.226
150,17.195
151,17.159
152,17.121
153,17.078
154,17.031
155,16.979
156,16.922
157,16.858
158,16.789
159,16.712
160,16.627
161,16.534
162,16.432
163,16.319
164,16.195
165,16.06
166,15.911
167,15.749
168,15.571
169,15.378
170,15.167
171,14.938
172,14.689
173,14.419
174,14.128
175,13.814
176,13.475
177,13.111
178,12.722
179,12.305
180,11.861
181,11.388
182,10.886
183,10.354
184,9.7926
185,9.2006
186,8.5781
187,7.925
188,7.2414
189,6.5274
190,5.7833
191,5.0093
192,4.2058
193,3.3733
194,2.5124
195,1.6235
196,0.70737
197,-0.23544
198,-1.2042
199,-2.1983
200,-3.2169
