0,24.178
1,24.176
2,24.175
3,24.173
4,24.171
5,24.169
6,24.167
7,24.166
8,24.164
9,24.162
10,24.16
11,24.158
12,24.156
13,24.155
14,24.153
15,24.151
16,24.149
17,24.147
18,24.145
19,24.144
20,24.142
21,24.14
22,24.138
23,24.136
24,24.134
25,24.133
26,24.131
27,24.129
28,24.127
29,24.125
30,24.123
31,24.122
32,24.12
33,24.118
34,24.116
35,24.114
36,24.112
37,24.111
38,24.109
39,24.107
40,24.105
41,24.103
42,24.101
43,24.1
44,24.098
45,24.096
46,24.094
47,24.092
48,24.09
49,24.089
50,24.087
51,24.085
52,24.083
53,24.081
54,24.079
55,24.078
56,24.076
57,24.074
58,24.072
59,24.07
60,24.068
61,24.067
62,24.065
63,24.063
64,24.061
65,24.059
66,24.057
67,24.056
68,24.054
69,24.052
70,24.05
71,24.048
72,24.046
73,24.044
74,24.043
75,24.041
76,24.039
77,24.037
78,24.035
79,24.033
80,24.031
81,24.029
82,24.028
83,24.026
84,24.024
85,24.022
86,24.02
87,24.018
88,24.016
89,24.014
90,24.012
91,24.01
92,24.008
93,24.006
94,24.004
95,24.002
96,24
97,23.998
98,23.995
99,23.993
100,23.991
101,23.989
102,23.986
103,23.984
104,23.981
105,23.979
106,23.976
107,23.973
108,23.97
109,23.967
110,23.964
111,23.961
112,23.958
113,23.954
114,23.95
115,23.946
116,23.942
117,23.938
118,23.933
119,23.928
120,23.922
121,23.917
122,23.91
123,23.904
124,23.896
125,23.888
126,23.88
127,23.87
128,23.86
129,23.849
130,23.837
131,23.824
132,23.809
133,23.793
134,23.776
135,23.756
136,23.735
137,23.712
138,23.687
139,23.659
140,23.628
141,23.594
142,23.556
143,23.515
144,23.469
145,23.419
146,23.364
147,23.303
148,23.236
149,23.163
150,23.082
151,22.993
152,22.895
153,22.788
154,22.67
155,22.541
156,22.4
157,22.246
158,22.077
159,21.894
160,21.694
161,21.477
162,21.241
163,20.986
164,20.71
165,20.412
166,20.091
167,19.746
168,19.377
169,18.981
170,18.559
171,18.11
172,17.632
173,17.126
174,16.59
175,16.025
176,15.43
177,14.805
178,14.15
179,13.465
180,12.75
181,12.006
182,11.232
183,10.429
184,9.5976
185,8.7382
186,7.8514
187,6.9377
188,5.9977
189,5.0321
190,4.0416
191,3.0268
192,1.9885
193,0.92734
194,-0.156
195,-1.2608
196,-2.3864
197,-3.5321
198,-4.6973
199,-5.8812
200,-7.0833
