0,26.14
1,26.138
2,26.136
3,26.134
4,26.132
5,26.13
6,26.129
7,26.127
8,26.125
9,26.123
10,26.121
11,26.12
12,26.118
13,26.116
14,26.114
15,26.112
16,26.11
17,26.109
18,26.107
19,26.105
20,26.103
21,26.101
22,26.099
23,26.098
24,26.096
25,26.094
26,26.092
27,26.09
28,26.088
29,26.087
30,26.085
31,26.083
32,26.081
33,26.079
34,26.077
35,26.076
36,26.074
37,26.072
38,26.07
39,26.068
40,26.066
41,26.065
42,26.063
43,26.061
44,26.059
45,26.057
46,26.055
47,26.054
48,26.052
49,26.05
50,26.048
51,26.046
52,26.044
53,26.043
54,26.041
55,26.039
56,26.037
57,26.035
58,26.033
59,26.032
60,26.03
61,26.028
62,26.026
63,26.024
64,26.022
65,26.02
66,26.019
67,26.017
68,26.015
69,26.013
70,26.011
71,26.009
72,26.007
73,26.006
74,26.004
75,26.002
76,26
77,25.998
78,25.996
79,25.994
80,25.992
81,25.99
82,25.988
83,25.986
84,25.984
85,25.982
86,25.98
87,25.978
88,25.976
89,25.974
90,25.972
91,25.97
92,25.968
93,25.966
94,25.963
95,25.961
96,25.959
97,25.956
98,25.954
99,25.951
100,25.949
101,25.946
102,25.943
103,25.941
104,25.938
105,25.934
106,25.931
107,25.928
108,25.924
109,25.92
110,25.916
111,25.912
112,25.908
113,25.903
114,25.898
115,25.892
116,25.887
117,25.88
118,25.873
119,25.866
120,25.858
121,25.85
122,25.84
123,25.83
124,25.819
125,25.807
126,25.794
127,25.779
128,25.763
129,25.746
130,25.727
131,25.706
132,25.683
133,25.658
134,25.63
135,25.6
136,25.566
137,25.529
138,25.489
139,25.444
140,25.395
141,25.341
142,25.282
143,25.216
144,25.144
145,25.065
146,24.978
147,24.883
148,24.778
149,24.664
150,24.538
151,24.401
152,24.251
153,24.088
154,23.91
155,23.716
156,23.505
157,23.276
158,23.028
159,22.761
160,22.472
161,22.161
162,21.826
163,21.467
164,21.084
165,20.674
166,20.237
167,19.773
168,19.28
169,18.759
170,18.209
171,17.629
172,17.02
173,16.381
174,15.713
175,15.014
176,14.287
177,13.53
178,12.744
179,11.929
180,11.087
181,10.217
182,9.3199
183,8.3965
184,7.4474
185,6.4732
186,5.4746
187,4.4521
188,3.4066
189,2.3386
190,1.2489
191,0.13813
192,-0.99301
193,-2.1439
194,-3.3138
195,-4.5022
196,-5.7084
197,-6.9319
198,-8.172
199,-9.4282
200,-10.7
