0,18.683
1,18.681
2,18.68
3,18.678
4,18.676
5,18.674
6,18.672
7,18.67
8,18.669
9,18.667
10,18.665
11,18.663
12,18.661
13,18.659
14,18.658
15,18.656
16,18.654
17,18.652
18,18.65
19,18.648
20,18.647
21,18.645
22,18.643
23,18.641
24,18.639
25,18.637
26,18.636
27,18.634
28,18.632
29,18.63
30,18.628
31,18.626
32,18.625
33,18.623
34,18.621
35,18.619
36,18.617
37,18.616
38,18.614
39,18.612
40,18.61
41,18.608
42,18.606
43,18.605
44,18.603
45,18.601
46,18.599
47,18.597
48,18.595
49,18.594
50,18.592
51,18.59
52,18.588
53,18.586
54,18.584
55,18.583
56,18.581
57,18.579
58,18.577
59,18.575
60,18.573
61,18.572
62,18.57
63,18.568
64,18.566
65,18.564
66,18.562
67,18.56
68,18.559
69,18.557
70,18.555
71,18.553
72,18.551
73,18.549
74,18.548
75,18.546
76,18.544
77,18.542
78,18.54
79,18.538
80,18.536
81,18.535
82,18.533
83,18.531
84,18.529
85,18.527
86,18.525
87,18.523
88,18.521
89,18.519
90,18.517
91,18.515
92,18.513
93,18.511
94,18.509
95,18.507
96,18.505
97,18.503
98,18.501
99,18.499
100,18.497
101,18.495
102,18.493
103,18.49
104,18.488
105,18.486
106,18.483
107,18.481
108,18.478
109,18.475
110,18.473
111,18.47
112,18.467
113,18.464
114,18.46
115,18.457
116,18.453
117,18.45
118,18.446
119,18.441
120,18.437
121,18.432
122,18.427
123,18.421
124,18.415
125,18.409
126,18.402
127,18.395
128,18.387
129,18.378
130,18.369
131,18.358
132,18.347
133,18.335
134,18.321
135,18.307
136,18.29
137,18.273
138,18.253
139,18.232
140,18.208
141,18.183
142,18.154
143,18.123
144,18.088
145,18.05
146,18.008
147,17.962
148,17.912
149,17.856
150,17.794
151,17.726
152,17.652
153,17.57
154,17.479
155,17.38
156,17.272
157,17.152
158,17.022
159,16.879
160,16.723
161,16.552
162,16.367
163,16.164
164,15.945
165,15.706
166,15.448
167,15.169
168,14.868
169,14.544
170,14.196
171,13.823
172,13.424
173,12.998
174,12.544
175,12.063
176,11.552
177,11.012
178,10.443
179,9.844
180,9.2149
181,8.5557
182,7.8665
183,7.1475
184,6.3988
185,5.6209
186,4.8141
187,3.9788
188,3.1155
189,2.2249
190,1.3075
191,0.3639
192,-0.60521
193,-1.5992
194,-2.6173
195,-3.6588
196,-4.7231
197,-5.8095
198,-6.9173
199,-8.0457
200,-9.1942
