0,13.561
1,13.559
2,13.557
3,13.555
4,13.554
5,13.552
6,13.55
7,13.548
8,13.546
9,13.544
10,13.543
11,13.541
12,13.539
13,13.537
14,13.535
15,13.533
16,13.532
17,13.53
18,13.528
19,13.526
20,13.524
21,13.522
22,13.521
23,13.519
24,13.517
25,13.515
26,13.513
27,13.511
28,13.51
29,13.508
30,13.506
31,13.504
32,13.502
33,13.5
34,13.499
35,13.497
36,13.495
37,13.493
38,13.491
39,13.489
40,13.488
41,13.486
42,13.484
43,13.482
44,13.48
45,13.478
46,13.477
47,13.475
48,13.473
49,13.471
50,13.469
51,13.467
52,13.466
53,13.464
54,13.462
55,13.46
56,13.458
57,13.456
58,13.455
59,13.453
60,13.451
61,13.449
62,13.447
63,13.445
64,13.444
65,13.442
66,13.44
67,13.438
68,13.436
69,13.434
70,13.432
71,13.431
72,13.429
73,13.427
74,13.425
75,13.423
76,13.421
77,13.419
78,13.417
79,13.415
80,13.414
81,13.412
82,13.41
83,13.408
84,13.406
85,13.404
86,13.402
87,13.4
88,13.398
89,13.396
90,13.394
91,13.391
92,13.389
93,13.387
94,13.385
95,13.383
96,13.38
97,13.378
98,13.376
99,13.373
100,13.371
101,13.368
102,13.365
103,13.363
104,13.36
105,13.357
106,13.354
107,13.351
108,13.347
109,13.344
110,13.34
111,13.336
112,13.332
113,13.327
114,13.322
115,13.317
116,13.312
117,13.306
118,13.3
119,13.293
120,13.286
121,13.278
122,13.27
123,13.261
124,13.251
125,13.24
126,13.228
127,13.215
128,13.201
129,13.186
130,13.169
131,13.151
132,13.131
133,13.109
134,13.084
135,13.058
136,13.028
137,12.996
138,12.961
139,12.922
140,12.88
141,12.833
142,12.781
143,12.725
144,12.663
145,12.594
146,12.519
147,12.437
148,12.347
149,12.248
150,12.14
151,12.021
152,11.892
153,11.75
154,11.596
155,11.428
156,11.245
157,11.046
158,10.831
159,10.597
160,10.345
161,10.072
162,9.7785
163,9.4626
164,9.1236
165,8.7604
166,8.3723
167,7.9583
168,7.5177
169,7.0499
170,6.5542
171,6.0302
172,5.4775
173,4.8957
174,4.2847
175,3.6444
176,2.9747
177,2.2758
178,1.5478
179,0.79099
180,0.0056443
181,-0.80784
182,-1.649
183,-2.5174
184,-3.4124
185,-4.3335
186,-5.28
187,-6.2514
188,-7.2471
189,-8.2663
190,-9.3083
191,-10.373
192,-11.458
193,-12.565
194,-13.692
195,-14.839
196,-16.004
197,-17.188
198,-18.39
199,-19.609
200,-20.844
