0,27.974
1,27.972
2,27.97
3,27.968
4,27.966
5,27.964
6,27.963
7,27.961
8,27.959
9,27.957
10,27.955
11,27.953
12,27.952
13,27.95
14,27.948
15,27.946
16,27.944
17,27.942
18,27.941
19,27.939
20,27.937
21,27.935
22,27.933
23,27.931
24,27.93
25,27.928
26,27.926
27,27.924
28,27.922
29,27.92
30,27.919
31,27.917
32,27.915
33,27.913
34,27.911
35,27.909
36,27.908
37,27.906
38,27.904
39,27.902
40,27.9
41,27.898
42,27.897
43,27.895
44,27.893
45,27.891
46,27.889
47,27.887
48,27.885
49,27.884
50,27.882
51,27.88
52,27.878
53,27.876
54,27.874
55,27.872
56,27.871
57,27.869
58,27.867
59,27.865
60,27.863
61,27.861
62,27.859
63,27.857
64,27.855
65,27.853
66,27.851
67,27.849
68,27.847
69,27.845
70,27.843
71,27.841
72,27.839
73,27.837
74,27.835
75,27.832
76,27.83
77,27.828
78,27.826
79,27.823
80,27.821
81,27.818
82,27.816
83,27.813
84,27.81
85,27.808
86,27.805
87,27.802
88,27.798
89,27.795
90,27.792
91,27.788
92,27.784
93,27.78
94,27.776
95,27.771
96,27.766
97,27.761
98,27.756
99,27.75
100,27.744
101,27.737
102,27.729
103,27.722
104,27.713
105,27.704
106,27.694
107,27.683
108,27.671
109,27.658
110,27.644
111,27.629
112,27.612
113,27.594
114,27.574
115,27.553
116,27.529
117,27.503
118,27.474
119,27.443
120,27.409
121,27.371
122,27.33
123,27.285
124,27.235
125,27.181
126,27.121
127,27.056
128,26.985
129,26.906
130,26.821
131,26.727
132,26.625
133,26.513
134,26.391
135,26.258
136,26.113
137,25.955
138,25.784
139,25.598
140,25.396
141,25.178
142,24.942
143,24.688
144,24.414
145,24.119
146,23.803
147,23.464
148,23.101
149,22.715
150,22.303
151,21.865
152,21.401
153,20.91
154,20.391
155,19.845
156,19.27
157,18.667
158,18.035
159,17.375
160,16.686
161,15.968
162,15.223
163,14.45
164,13.649
165,12.82
166,11.966
167,11.084
168,10.178
169,9.2457
170,8.2892
171,7.3087
172,6.3049
173,5.2784
174,4.2297
175,3.1596
176,2.0686
177,0.95745
178,-0.17331
179,-1.3231
180,-2.4912
181,-3.6771
182,-4.8803
183,-6.1001
184,-7.336
185,-8.5875
186,-9.8542
187,-11.135
188,-12.431
189,-13.74
190,-15.062
191,-16.397
192,-17.744
193,-19.103
194,-20.474
195,-21.856
196,-23.249
197,-24.652
198,-26.065
199,-27.488
200,-28.921
