0,21.973
1,21.972
2,21.97
3,21.968
4,21.966
5,21.964
6,21.962
7,21.961
8,21.959
9,21.957
10,21.955
11,21.953
12,21.951
13,21.95
14,21.948
15,21.946
16,21.944
17,21.942
18,21.94
19,21.939
20,21.937
21,21.935
22,21.933
23,21.931
24,21.929
25,21.928
26,21.926
27,21.924
28,21.922
29,21.92
30,21.918
31,21.917
32,21.915
33,21.913
34,21.911
35,21.909
36,21.907
37,21.906
38,21.904
39,21.902
40,21.9
41,21.898
42,21.896
43,21.894
44,21.893
45,21.891
46,21.889
47,21.887
48,21.885
49,21.883
50,21.881
51,21.879
52,21.878
53,21.876
54,21.874
55,21.872
56,21.87
57,21.868
58,21.866
59,21.864
60,21.862
61,21.86
62,21.858
63,21.856
64,21.854
65,21.852
66,21.85
67,21.848
68,21.846
69,21.844
70,21.842
71,21.84
72,21.837
73,21.835
74,21.833
75,21.83
76,21.828
77,21.825
78,21.823
79,21.82
80,21.817
81,21.815
82,21.812
83,21.809
84,21.806
85,21.802
86,21.799
87,21.795
88,21.791
89,21.787
90,21.783
91,21.779
92,21.774
93,21.769
94,21.764
95,21.758
96,21.752
97,21.745
98,21.738
99,21.731
100,21.722
101,21.714
102,21.704
103,21.694
104,21.682
105,21.67
106,21.657
107,21.642
108,21.626
109,21.609
110,21.59
111,21.57
112,21.548
113,21.523
114,21.496
115,21.467
116,21.435
117,21.4
118,21.361
119,21.319
120,21.273
121,21.223
122,21.168
123,21.107
124,21.041
125,20.969
126,20.89
127,20.804
128,20.709
129,20.607
130,20.494
131,20.372
132,20.239
133,20.094
134,19.937
135,19.766
136,19.581
137,19.38
138,19.163
139,18.929
140,18.677
141,18.406
142,18.114
143,17.801
144,17.466
145,17.109
146,16.727
147,16.321
148,15.89
149,15.433
150,14.949
151,14.439
152,13.901
153,13.335
154,12.742
155,12.12
156,11.47
157,10.792
158,10.087
159,9.3529
160,8.5916
161,7.8031
162,6.9876
163,6.1456
164,5.2776
165,4.384
166,3.4653
167,2.5222
168,1.5552
169,0.56478
170,-0.44832
171,-1.4835
172,-2.5403
173,-3.6179
174,-4.7158
175,-5.8334
176,-6.9701
177,-8.1252
178,-9.2984
179,-10.489
180,-11.696
181,-12.92
182,-14.159
183,-15.413
184,-16.683
185,-17.966
186,-19.264
187,-20.574
188,-21.898
189,-23.234
190,-24.583
191,-25.943
192,-27.314
193,-28.696
194,-30.089
195,-31.492
196,-32.906
197,-34.329
198,-35.761
199,-37.202
200,-38.653
