0,15.855
1,15.853
2,15.851
3,15.849
4,15.848
5,15.846
6,15.844
7,15.842
8,15.84
9,15.838
10,15.837
11,15.835
12,15.833
13,15.831
14,15.829
15,15.827
16,15.826
17,15.824
18,15.822
19,15.82
20,15.818
21,15.816
22,15.815
23,15.813
24,15.811
25,15.809
26,15.807
27,15.805
28,15.804
29,15.802
30,15.8
31,15.798
32,15.796
33,15.794
34,15.793
35,15.791
36,15.789
37,15.787
38,15.785
39,15.783
40,15.782
41,15.78
42,15.778
43,15.776
44,15.774
45,15.772
46,15.771
47,15.769
48,15.767
49,15.765
50,15.763
51,15.761
52,15.759
53,15.758
54,15.756
55,15.754
56,15.752
57,15.75
58,15.748
59,15.746
60,15.744
61,15.743
62,15.741
63,15.739
64,15.737
65,15.735
66,15.733
67,15.731
68,15.729
69,15.727
70,15.725
71,15.723
72,15.721
73,15.719
74,15.717
75,15.715
76,15.713
77,15.711
78,15.708
79,15.706
80,15.704
81,15.702
82,15.699
83,15.697
84,15.694
85,15.692
86,15.689
87,15.687
88,15.684
89,15.681
90,15.678
91,15.675
92,15.672
93,15.668
94,15.665
95,15.661
96,15.657
97,15.653
98,15.649
99,15.644
100,15.639
101,15.634
102,15.628
103,15.622
104,15.615
105,15.608
106,15.601
107,15.593
108,15.584
109,15.575
110,15.564
111,15.553
112,15.541
113,15.528
114,15.514
115,15.498
116,15.481
117,15.462
118,15.442
119,15.42
120,15.395
121,15.369
122,15.339
123,15.307
124,15.272
125,15.234
126,15.192
127,15.146
128,15.095
129,15.04
130,14.979
131,14.913
132,14.84
133,14.76
134,14.673
135,14.578
136,14.474
137,14.361
138,14.237
139,14.103
140,13.956
141,13.797
142,13.624
143,13.436
144,13.232
145,13.012
146,12.775
147,12.518
148,12.243
149,11.946
150,11.628
151,11.288
152,10.924
153,10.536
154,10.123
155,9.6841
156,9.2191
157,8.7272
158,8.2079
159,7.6609
160,7.0858
161,6.4825
162,5.8509
163,5.1908
164,4.5024
165,3.7857
166,3.0411
167,2.2687
168,1.4689
169,0.64209
170,-0.2113
171,-1.0908
172,-1.9958
173,-2.9259
174,-3.8805
175,-4.8589
176,-5.8605
177,-6.8848
178,-7.9312
179,-8.9989
180,-10.087
181,-11.196
182,-12.324
183,-13.471
184,-14.637
185,-15.82
186,-17.021
187,-18.238
188,-19.471
189,-20.72
190,-21.984
191,-23.262
192,-24.555
193,-25.861
194,-27.18
195,-28.512
196,-29.857
197,-31.213
198,-32.581
199,-33.961
200,-35.351
