0,14.736
1,14.734
2,14.732
3,14.73
4,14.729
5,14.727
6,14.725
7,14.723
8,14.721
9,14.719
10,14.718
11,14.716
12,14.714
13,14.712
14,14.71
15,14.709
16,14.707
17,14.705
18,14.703
19,14.701
20,14.699
21,14.698
22,14.696
23,14.694
24,14.692
25,14.69
26,14.688
27,14.687
28,14.685
29,14.683
30,14.681
31,14.679
32,14.677
33,14.676
34,14.674
35,14.672
36,14.67
37,14.668
38,14.666
39,14.664
40,14.663
41,14.661
42,14.659
43,14.657
44,14.655
45,14.653
46,14.652
47,14.65
48,14.648
49,14.646
50,14.644
51,14.642
52,14.64
53,14.639
54,14.637
55,14.635
56,14.633
57,14.631
58,14.629
59,14.627
60,14.625
61,14.624
62,14.622
63,14.62
64,14.618
65,14.616
66,14.614
67,14.612
68,14.61
69,14.608
70,14.606
71,14.604
72,14.602
73,14.6
74,14.598
75,14.596
76,14.594
77,14.591
78,14.589
79,14.587
80,14.585
81,14.582
82,14.58
83,14.577
84,14.575
85,14.572
86,14.57
87,14.567
88,14.564
89,14.561
90,14.558
91,14.555
92,14.551
93,14.548
94,14.544
95,14.54
96,14.536
97,14.532
98,14.527
99,14.522
100,14.517
101,14.512
102,14.506
103,14.499
104,14.492
105,14.485
106,14.477
107,14.469
108,14.459
109,14.449
110,14.438
111,14.427
112,14.414
113,14.4
114,14.384
115,14.368
116,14.35
117,14.33
118,14.308
119,14.284
120,14.258
121,14.23
122,14.199
123,14.165
124,14.127
125,14.086
126,14.042
127,13.992
128,13.939
129,13.88
130,13.815
131,13.745
132,13.668
133,13.583
134,13.491
135,13.39
136,13.28
137,13.16
138,13.03
139,12.887
140,12.733
141,12.565
142,12.382
143,12.185
144,11.971
145,11.74
146,11.491
147,11.223
148,10.935
149,10.625
150,10.294
151,9.9392
152,9.5609
153,9.1581
154,8.7299
155,8.2757
156,7.795
157,7.2871
158,6.7518
159,6.1886
160,5.5973
161,4.9778
162,4.33
163,3.6539
164,2.9496
165,2.2173
166,1.4573
167,0.6697
168,-0.14497
169,-0.98634
170,-1.8539
171,-2.7473
172,-3.6658
173,-4.609
174,-5.5763
175,-6.567
176,-7.5806
177,-8.6164
178,-9.6738
179,-10.752
180,-11.851
181,-12.97
182,-14.108
183,-15.264
184,-16.438
185,-17.63
186,-18.839
187,-20.064
188,-21.305
189,-22.561
190,-23.832
191,-25.117
192,-26.416
193,-27.728
194,-29.054
195,-30.392
196,-31.742
197,-33.104
198,-34.477
199,-35.861
200,-37.256
