0,28.363
1,28.361
2,28.359
3,28.357
4,28.355
5,28.354
6,28.352
7,28.35
8,28.348
9,28.346
10,28.344
11,28.343
12,28.341
13,28.339
14,28.337
15,28.335
16,28.333
17,28.332
18,28.33
19,28.328
20,28.326
21,28.324
22,28.322
23,28.321
24,28.319
25,28.317
26,28.315
27,28.313
28,28.311
29,28.31
30,28.308
31,28.306
32,28.304
33,28.302
34,28.3
35,28.299
36,28.297
37,28.295
38,28.293
39,28.291
40,28.289
41,28.288
42,28.286
43,28.284
44,28.282
45,28.28
46,28.278
47,28.277
48,28.275
49,28.273
50,28.271
51,28.269
52,28.267
53,28.266
54,28.264
55,28.262
56,28.26
57,28.258
58,28.256
59,28.254
60,28.253
61,28.251
62,28.249
63,28.247
64,28.245
65,28.243
66,28.241
67,28.239
68,28.238
69,28.236
70,28.234
71,28.232
72,28.23
73,28.228
74,28.226
75,28.224
76,28.222
77,28.22
78,28.218
79,28.216
80,28.214
81,28.212
82,28.21
83,28.208
84,28.205
85,28.203
86,28.201
87,28.199
88,28.196
89,28.194
90,28.192
91,28.189
92,28.186
93,28.184
94,28.181
95,28.178
96,28.175
97,28.172
98,28.169
99,28.165
100,28.162
101,28.158
102,28.154
103,28.15
104,28.145
105,28.141
106,28.135
107,28.13
108,28.124
109,28.118
110,28.111
111,28.104
112,28.096
113,28.088
114,28.079
115,28.069
116,28.058
117,28.046
118,28.033
119,28.019
120,28.004
121,27.987
122,27.969
123,27.948
124,27.926
125,27.902
126,27.876
127,27.846
128,27.814
129,27.779
130,27.74
131,27.698
132,27.651
133,27.6
134,27.543
135,27.482
136,27.414
137,27.339
138,27.257
139,27.167
140,27.069
141,26.961
142,26.844
143,26.715
144,26.575
145,26.421
146,26.254
147,26.073
148,25.875
149,25.661
150,25.43
151,25.179
152,24.908
153,24.617
154,24.303
155,23.967
156,23.607
157,23.221
158,22.81
159,22.373
160,21.909
161,21.417
162,20.897
163,20.348
164,19.77
165,19.163
166,18.527
167,17.862
168,17.167
169,16.444
170,15.692
171,14.911
172,14.102
173,13.266
174,12.402
175,11.512
176,10.595
177,9.6532
178,8.6863
179,7.6952
180,6.6805
181,5.6429
182,4.583
183,3.5014
184,2.3989
185,1.2761
186,0.13364
187,-1.0279
188,-2.2078
189,-3.4056
190,-4.6206
191,-5.8522
192,-7.1
193,-8.3633
194,-9.6416
195,-10.934
196,-12.241
197,-13.562
198,-14.895
199,-16.242
200,-17.6
