0,25.823
1,25.821
2,25.819
3,25.817
4,25.815
5,25.814
6,25.812
7,25.81
8,25.808
9,25.806
10,25.805
11,25.803
12,25.801
13,25.799
14,25.797
15,25.795
16,25.794
17,25.792
18,25.79
19,25.788
20,25.786
21,25.784
22,25.782
23,25.781
24,25.779
25,25.777
26,25.775
27,25.773
28,25.771
29,25.77
30,25.768
31,25.766
32,25.764
33,25.762
34,25.76
35,25.759
36,25.757
37,25.755
38,25.753
39,25.751
40,25.749
41,25.747
42,25.746
43,25.744
44,25.742
45,25.74
46,25.738
47,25.736
48,25.734
49,25.732
50,25.73
51,25.728
52,25.727
53,25.725
54,25.723
55,25.721
56,25.719
57,25.717
58,25.715
59,25.713
60,25.711
61,25.708
62,25.706
63,25.704
64,25.702
65,25.7
66,25.698
67,25.695
68,25.693
69,25.691
70,25.688
71,25.686
72,25.683
73,25.68
74,25.678
75,25.675
76,25.672
77,25.669
78,25.666
79,25.662
80,25.659
81,25.655
82,25.651
83,25.647
84,25.643
85,25.639
86,25.634
87,25.629
88,25.624
89,25.618
90,25.612
91,25.605
92,25.598
93,25.59
94,25.582
95,25.573
96,25.564
97,25.553
98,25.542
99,25.53
100,25.517
101,25.502
102,25.487
103,25.47
104,25.451
105,25.431
106,25.409
107,25.384
108,25.358
109,25.329
110,25.297
111,25.263
112,25.225
113,25.184
114,25.139
115,25.089
116,25.035
117,24.976
118,24.911
119,24.84
120,24.763
121,24.679
122,24.587
123,24.486
124,24.377
125,24.258
126,24.128
127,23.987
128,23.834
129,23.668
130,23.487
131,23.293
132,23.082
133,22.854
134,22.609
135,22.346
136,22.062
137,21.758
138,21.433
139,21.085
140,20.715
141,20.32
142,19.9
143,19.456
144,18.985
145,18.487
146,17.963
147,17.412
148,16.833
149,16.226
150,15.591
151,14.929
152,14.239
153,13.521
154,12.775
155,12.003
156,11.203
157,10.377
158,9.5251
159,8.6474
160,7.7445
161,6.817
162,5.8655
163,4.8905
164,3.8926
165,2.8724
166,1.8304
167,0.76734
168,-0.31625
169,-1.4198
170,-2.5426
171,-3.6842
172,-4.844
173,-6.0214
174,-7.2158
175,-8.4268
176,-9.6538
177,-10.896
178,-12.154
179,-13.426
180,-14.712
181,-16.011
182,-17.324
183,-18.65
184,-19.988
185,-21.337
186,-22.699
187,-24.071
188,-25.455
189,-26.849
190,-28.253
191,-29.667
192,-31.09
193,-32.523
194,-33.965
195,-35.415
196,-36.874
197,-38.342
198,-39.817
199,-41.299
200,-42.79
