0,20.475
1,20.473
2,20.471
3,20.47
4,20.468
5,20.466
6,20.464
7,20.462
8,20.46
9,20.459
10,20.457
11,20.455
12,20.453
13,20.451
14,20.449
15,20.448
16,20.446
17,20.444
18,20.442
19,20.44
20,20.438
21,20.437
22,20.435
23,20.433
24,20.431
25,20.429
26,20.427
27,20.426
28,20.424
29,20.422
30,20.42
31,20.418
32,20.416
33,20.415
34,20.413
35,20.411
36,20.409
37,20.407
38,20.405
39,20.404
40,20.402
41,20.4
42,20.398
43,20.396
44,20.394
45,20.393
46,20.391
47,20.389
48,20.387
49,20.385
50,20.383
51,20.381
52,20.38
53,20.378
54,20.376
55,20.374
56,20.372
57,20.37
58,20.368
59,20.366
60,20.365
61,20.363
62,20.361
63,20.359
64,20.357
65,20.355
66,20.353
67,20.351
68,20.349
69,20.347
70,20.345
71,20.343
72,20.341
73,20.339
74,20.337
75,20.335
76,20.333
77,20.33
78,20.328
79,20.326
80,20.324
81,20.321
82,20.319
83,20.316
84,20.314
85,20.311
86,20.309
87,20.306
88,20.303
89,20.3
90,20.297
91,20.294
92,20.29
93,20.287
94,20.283
95,20.279
96,20.275
97,20.27
98,20.266
99,20.261
100,20.255
101,20.25
102,20.244
103,20.237
104,20.23
105,20.223
106,20.215
107,20.206
108,20.196
109,20.186
110,20.175
111,20.162
112,20.149
113,20.135
114,20.119
115,20.102
116,20.083
117,20.062
118,20.04
119,20.015
120,19.988
121,19.959
122,19.926
123,19.891
124,19.852
125,19.809
126,19.762
127,19.711
128,19.655
129,19.594
130,19.526
131,19.453
132,19.372
133,19.284
134,19.187
135,19.082
136,18.967
137,18.841
138,18.704
139,18.555
140,18.394
141,18.218
142,18.027
143,17.82
144,17.597
145,17.356
146,17.095
147,16.815
148,16.515
149,16.192
150,15.846
151,15.477
152,15.084
153,14.665
154,14.22
155,13.749
156,13.25
157,12.725
158,12.171
159,11.589
160,10.978
161,10.339
162,9.6721
163,8.9763
164,8.2523
165,7.5002
166,6.7204
167,5.9132
168,5.079
169,4.2182
170,3.3315
171,2.4192
172,1.482
173,0.5204
174,-0.46494
175,-1.4734
176,-2.5045
177,-3.5574
178,-4.6316
179,-5.7264
180,-6.8413
181,-7.9756
182,-9.1287
183,-10.3
184,-11.489
185,-12.695
186,-13.918
187,-15.156
188,-16.41
189,-17.679
190,-18.962
191,-20.26
192,-21.571
193,-22.895
194,-24.231
195,-25.58
196,-26.941
197,-28.313
198,-29.697
199,-31.091
200,-32.495
