0,19.232
1,19.23
2,19.228
3,19.226
4,19.225
5,19.223
6,19.221
7,19.219
8,19.217
9,19.215
10,19.214
11,19.212
12,19.21
13,19.208
14,19.206
15,19.204
16,19.203
17,19.201
18,19.199
19,19.197
20,19.195
21,19.193
22,19.192
23,19.19
24,19.188
25,19.186
26,19.184
27,19.182
28,19.181
29,19.179
30,19.177
31,19.175
32,19.173
33,19.171
34,19.17
35,19.168
36,19.166
37,19.164
38,19.162
39,19.16
40,19.159
41,19.157
42,19.155
43,19.153
44,19.151
45,19.149
46,19.148
47,19.146
48,19.144
49,19.142
50,19.14
51,19.138
52,19.136
53,19.135
54,19.133
55,19.131
56,19.129
57,19.127
58,19.125
59,19.123
60,19.121
61,19.12
62,19.118
63,19.116
64,19.114
65,19.112
66,19.11
67,19.108
68,19.106
69,19.104
70,19.102
71,19.1
72,19.098
73,19.096
74,19.094
75,19.092
76,19.09
77,19.088
78,19.086
79,19.084
80,19.081
81,19.079
82,19.077
83,19.074
84,19.072
85,19.07
86,19.067
87,19.064
88,19.062
89,19.059
90,19.056
91,19.053
92,19.05
93,19.047
94,19.043
95,19.04
96,19.036
97,19.032
98,19.028
99,19.024
100,19.019
101,19.014
102,19.009
103,19.003
104,18.997
105,18.99
106,18.983
107,18.976
108,18.968
109,18.959
110,18.949
111,18.939
112,18.928
113,18.915
114,18.902
115,18.888
116,18.872
117,18.854
118,18.835
119,18.815
120,18.792
121,18.767
122,18.74
123,18.71
124,18.678
125,18.642
126,18.603
127,18.56
128,18.513
129,18.461
130,18.405
131,18.343
132,18.275
133,18.2
134,18.119
135,18.03
136,17.932
137,17.826
138,17.709
139,17.582
140,17.444
141,17.294
142,17.13
143,16.952
144,16.759
145,16.55
146,16.324
147,16.08
148,15.817
149,15.534
150,15.229
151,14.903
152,14.554
153,14.18
154,13.782
155,13.359
156,12.91
157,12.433
158,11.93
159,11.399
160,10.84
161,10.252
162,9.6359
163,8.9913
164,8.318
165,7.6164
166,6.8863
167,6.1283
168,5.3424
169,4.5292
170,3.689
171,2.8223
172,1.9295
173,1.0114
174,0.068275
175,-0.8991
176,-1.8902
177,-2.9043
178,-3.9409
179,-4.9993
180,-6.0789
181,-7.179
182,-8.299
183,-9.4384
184,-10.597
185,-11.773
186,-12.966
187,-14.177
188,-15.404
189,-16.647
190,-17.906
191,-19.179
192,-20.467
193,-21.768
194,-23.083
195,-24.411
196,-25.751
197,-27.104
198,-28.469
199,-29.844
200,-31.231
