0,11.434
1,11.432
2,11.43
3,11.428
4,11.427
5,11.425
6,11.423
7,11.421
8,11.419
9,11.417
10,11.416
11,11.414
12,11.412
13,11.41
14,11.408
15,11.406
16,11.405
17,11.403
18,11.401
19,11.399
20,11.397
21,11.395
22,11.394
23,11.392
24,11.39
25,11.388
26,11.386
27,11.384
28,11.383
29,11.381
30,11.379
31,11.377
32,11.375
33,11.373
34,11.372
35,11.37
36,11.368
37,11.366
38,11.364
39,11.362
40,11.361
41,11.359
42,11.357
43,11.355
44,11.353
45,11.351
46,11.35
47,11.348
48,11.346
49,11.344
50,11.342
51,11.34
52,11.339
53,11.337
54,11.335
55,11.333
56,11.331
57,11.329
58,11.328
59,11.326
60,11.324
61,11.322
62,11.32
63,11.318
64,11.316
65,11.315
66,11.313
67,11.311
68,11.309
69,11.307
70,11.305
71,11.303
72,11.301
73,11.3
74,11.298
75,11.296
76,11.294
77,11.292
78,11.29
79,11.288
80,11.286
81,11.284
82,11.282
83,11.28
84,11.278
85,11.276
86,11.274
87,11.272
88,11.27
89,11.268
90,11.266
91,11.263
92,11.261
93,11.259
94,11.256
95,11.254
96,11.252
97,11.249
98,11.246
99,11.244
100,11.241
101,11.238
102,11.235
103,11.232
104,11.229
105,11.225
106,11.222
107,11.218
108,11.214
109,11.21
110,11.205
111,11.201
112,11.196
113,11.19
114,11.185
115,11.178
116,11.172
117,11.165
118,11.157
119,11.149
120,11.139
121,11.13
122,11.119
123,11.107
124,11.095
125,11.081
126,11.066
127,11.049
128,11.031
129,11.012
130,10.99
131,10.966
132,10.94
133,10.912
134,10.881
135,10.846
136,10.808
137,10.767
138,10.722
139,10.672
140,10.617
141,10.557
142,10.491
143,10.418
144,10.339
145,10.252
146,10.156
147,10.052
148,9.9378
149,9.8132
150,9.677
151,9.5286
152,9.367
153,9.1911
154,9
155,8.7927
156,8.5682
157,8.3254
158,8.0632
159,7.7807
160,7.4767
161,7.1504
162,6.8007
163,6.4267
164,6.0277
165,5.6027
166,5.1511
167,4.6723
168,4.1657
169,3.6309
170,3.0676
171,2.4754
172,1.8542
173,1.2039
174,0.52468
175,-0.1835
176,-0.92041
177,-1.6858
178,-2.4793
179,-3.3005
180,-4.149
181,-5.0243
182,-5.9259
183,-6.8531
184,-7.8054
185,-8.7822
186,-9.7828
187,-10.807
188,-11.853
189,-12.921
190,-14.011
191,-15.121
192,-16.251
193,-17.4
194,-18.568
195,-19.754
196,-20.957
197,-22.178
198,-23.415
199,-24.667
200,-25.935
