0,17.868
1,17.866
2,17.865
3,17.863
4,17.861
5,17.859
6,17.857
7,17.855
8,17.854
9,17.852
10,17.85
11,17.848
12,17.846
13,17.844
14,17.843
15,17.841
16,17.839
17,17.837
18,17.835
19,17.833
20,17.832
21,17.83
22,17.828
23,17.826
24,17.824
25,17.822
26,17.821
27,17.819
28,17.817
29,17.815
30,17.813
31,17.811
32,17.81
33,17.808
34,17.806
35,17.804
36,17.802
37,17.8
38,17.799
39,17.797
40,17.795
41,17.793
42,17.791
43,17.789
44,17.788
45,17.786
46,17.784
47,17.782
48,17.78
49,17.778
50,17.777
51,17.775
52,17.773
53,17.771
54,17.769
55,17.767
56,17.766
57,17.764
58,17.762
59,17.76
60,17.758
61,17.756
62,17.755
63,17.753
64,17.751
65,17.749
66,17.747
67,17.745
68,17.743
69,17.742
70,17.74
71,17.738
72,17.736
73,17.734
74,17.732
75,17.73
76,17.729
77,17.727
78,17.725
79,17.723
80,17.721
81,17.719
82,17.717
83,17.715
84,17.713
85,17.711
86,17.709
87,17.707
88,17.705
89,17.703
90,17.701
91,17.699
92,17.697
93,17.695
94,17.693
95,17.691
96,17.689
97,17.686
98,17.684
99,17.682
100,17.679
101,17.677
102,17.674
103,17.672
104,17.669
105,17.666
106,17.664
107,17.661
108,17.657
109,17.654
110,17.651
111,17.647
112,17.643
113,17.639
114,17.635
115,17.631
116,17.626
117,17.621
118,17.615
119,17.609
120,17.603
121,17.596
122,17.589
123,17.581
124,17.572
125,17.563
126,17.553
127,17.542
128,17.53
129,17.516
130,17.502
131,17.486
132,17.469
133,17.45
134,17.429
135,17.406
136,17.381
137,17.353
138,17.323
139,17.289
140,17.253
141,17.212
142,17.168
143,17.119
144,17.065
145,17.006
146,16.941
147,16.869
148,16.791
149,16.704
150,16.61
151,16.506
152,16.392
153,16.267
154,16.131
155,15.982
156,15.82
157,15.643
158,15.451
159,15.242
160,15.015
161,14.769
162,14.504
163,14.217
164,13.909
165,13.577
166,13.222
167,12.841
168,12.434
169,12.001
170,11.541
171,11.052
172,10.535
173,9.9895
174,9.4144
175,8.8097
176,8.1754
177,7.5115
178,6.818
179,6.0951
180,5.3431
181,4.5621
182,3.7527
183,2.9153
184,2.0503
185,1.1584
186,0.23999
187,-0.70418
188,-1.6735
189,-2.6673
190,-3.685
191,-4.7258
192,-5.7892
193,-6.8743
194,-7.9805
195,-9.1072
196,-10.254
197,-11.419
198,-12.604
199,-13.806
200,-15.025
