0,23.266
1,23.264
2,23.262
3,23.26
4,23.258
5,23.257
6,23.255
7,23.253
8,23.251
9,23.249
10,23.247
11,23.246
12,23.244
13,23.242
14,23.24
15,23.238
16,23.236
17,23.235
18,23.233
19,23.231
20,23.229
21,23.227
22,23.225
23,23.224
24,23.222
25,23.22
26,23.218
27,23.216
28,23.214
29,23.213
30,23.211
31,23.209
32,23.207
33,23.205
34,23.203
35,23.202
36,23.2
37,23.198
38,23.196
39,23.194
40,23.192
41,23.191
42,23.189
43,23.187
44,23.185
45,23.183
46,23.181
47,23.18
48,23.178
49,23.176
50,23.174
51,23.172
52,23.17
53,23.169
54,23.167
55,23.165
56,23.163
57,23.161
58,23.159
59,23.158
60,23.156
61,23.154
62,23.152
63,23.15
64,23.148
65,23.147
66,23.145
67,23.143
68,23.141
69,23.139
70,23.137
71,23.135
72,23.134
73,23.132
74,23.13
75,23.128
76,23.126
77,23.124
78,23.122
79,23.12
80,23.118
81,23.117
82,23.115
83,23.113
84,23.111
85,23.109
86,23.107
87,23.105
88,23.103
89,23.101
90,23.099
91,23.097
92,23.095
93,23.093
94,23.091
95,23.088
96,23.086
97,23.084
98,23.082
99,23.079
100,23.077
101,23.074
102,23.072
103,23.069
104,23.067
105,23.064
106,23.061
107,23.058
108,23.055
109,23.052
110,23.048
111,23.045
112,23.041
113,23.037
114,23.032
115,23.028
116,23.023
117,23.018
118,23.012
119,23.007
120,23
121,22.993
122,22.986
123,22.978
124,22.969
125,22.959
126,22.949
127,22.938
128,22.926
129,22.912
130,22.897
131,22.881
132,22.864
133,22.844
134,22.823
135,22.8
136,22.774
137,22.746
138,22.714
139,22.68
140,22.642
141,22.601
142,22.555
143,22.505
144,22.449
145,22.389
146,22.322
147,22.248
148,22.167
149,22.078
150,21.98
151,21.873
152,21.755
153,21.627
154,21.486
155,21.332
156,21.165
157,20.982
158,20.783
159,20.567
160,20.333
161,20.079
162,19.805
163,19.509
164,19.191
165,18.849
166,18.482
167,18.09
168,17.671
169,17.225
170,16.751
171,16.249
172,15.718
173,15.158
174,14.568
175,13.948
176,13.299
177,12.619
178,11.91
179,11.172
180,10.404
181,9.6074
182,8.7823
183,7.9293
184,7.0489
185,6.1417
186,5.2082
187,4.2491
188,3.2651
189,2.2568
190,1.2249
191,0.17015
192,-0.90684
193,-2.0053
194,-3.1247
195,-4.2642
196,-5.4233
197,-6.6012
198,-7.7974
199,-9.0112
200,-10.242
