0,18.649
1,18.647
2,18.645
3,18.644
4,18.642
5,18.64
6,18.638
7,18.636
8,18.634
9,18.633
10,18.631
11,18.629
12,18.627
13,18.625
14,18.623
15,18.622
16,18.62
17,18.618
18,18.616
19,18.614
20,18.612
21,18.611
22,18.609
23,18.607
24,18.605
25,18.603
26,18.601
27,18.6
28,18.598
29,18.596
30,18.594
31,18.592
32,18.59
33,18.589
34,18.587
35,18.585
36,18.583
37,18.581
38,18.579
39,18.578
40,18.576
41,18.574
42,18.572
43,18.57
44,18.568
45,18.567
46,18.565
47,18.563
48,18.561
49,18.559
50,18.557
51,18.555
52,18.554
53,18.552
54,18.55
55,18.548
56,18.546
57,18.544
58,18.542
59,18.541
60,18.539
61,18.537
62,18.535
63,18.533
64,18.531
65,18.529
66,18.527
67,18.525
68,18.523
69,18.521
70,18.519
71,18.518
72,18.516
73,18.514
74,18.511
75,18.509
76,18.507
77,18.505
78,18.503
79,18.501
80,18.499
81,18.496
82,18.494
83,18.492
84,18.489
85,18.487
86,18.485
87,18.482
88,18.479
89,18.477
90,18.474
91,18.471
92,18.468
93,18.464
94,18.461
95,18.458
96,18.454
97,18.45
98,18.446
99,18.442
100,18.437
101,18.432
102,18.427
103,18.421
104,18.416
105,18.409
106,18.402
107,18.395
108,18.387
109,18.378
110,18.369
111,18.359
112,18.348
113,18.336
114,18.323
115,18.309
116,18.293
117,18.276
118,18.258
119,18.238
120,18.216
121,18.192
122,18.165
123,18.136
124,18.105
125,18.07
126,18.032
127,17.99
128,17.944
129,17.894
130,17.839
131,17.779
132,17.713
133,17.64
134,17.561
135,17.474
136,17.379
137,17.276
138,17.162
139,17.039
140,16.904
141,16.757
142,16.598
143,16.424
144,16.236
145,16.032
146,15.811
147,15.573
148,15.315
149,15.038
150,14.741
151,14.421
152,14.079
153,13.713
154,13.322
155,12.907
156,12.465
157,11.997
158,11.502
159,10.98
160,10.429
161,9.8499
162,9.2425
163,8.6065
164,7.9419
165,7.2489
166,6.5274
167,5.7778
168,5.0004
169,4.1954
170,3.3633
171,2.5046
172,1.6197
173,0.70919
174,-0.2264
175,-1.1865
176,-2.1704
177,-3.1776
178,-4.2075
179,-5.2593
180,-6.3325
181,-7.4265
182,-8.5406
183,-9.6741
184,-10.827
185,-11.997
186,-13.186
187,-14.391
188,-15.614
189,-16.852
190,-18.106
191,-19.375
192,-20.658
193,-21.955
194,-23.266
195,-24.59
196,-25.927
197,-27.276
198,-28.637
199,-30.009
200,-31.393
