0,23.732
1,23.73
2,23.728
3,23.726
4,23.724
5,23.722
6,23.721
7,23.719
8,23.717
9,23.715
10,23.713
11,23.711
12,23.71
13,23.708
14,23.706
15,23.704
16,23.702
17,23.7
18,23.699
19,23.697
20,23.695
21,23.693
22,23.691
23,23.689
24,23.688
25,23.686
26,23.684
27,23.682
28,23.68
29,23.678
30,23.677
31,23.675
32,23.673
33,23.671
34,23.669
35,23.667
36,23.666
37,23.664
38,23.662
39,23.66
40,23.658
41,23.656
42,23.655
43,23.653
44,23.651
45,23.649
46,23.647
47,23.645
48,23.644
49,23.642
50,23.64
51,23.638
52,23.636
53,23.634
54,23.633
55,23.631
56,23.629
57,23.627
58,23.625
59,23.623
60,23.621
61,23.62
62,23.618
63,23.616
64,23.614
65,23.612
66,23.61
67,23.608
68,23.607
69,23.605
70,23.603
71,23.601
72,23.599
73,23.597
74,23.595
75,23.593
76,23.591
77,23.589
78,23.587
79,23.585
80,23.584
81,23.582
82,23.58
83,23.577
84,23.575
85,23.573
86,23.571
87,23.569
88,23.567
89,23.565
90,23.562
91,23.56
92,23.558
93,23.555
94,23.553
95,23.55
96,23.548
97,23.545
98,23.542
99,23.539
100,23.536
101,23.533
102,23.53
103,23.526
104,23.523
105,23.519
106,23.515
107,23.511
108,23.506
109,23.501
110,23.496
111,23.491
112,23.485
113,23.478
114,23.472
115,23.464
116,23.456
117,23.448
118,23.438
119,23.428
120,23.417
121,23.405
122,23.392
123,23.377
124,23.361
125,23.344
126,23.325
127,23.305
128,23.282
129,23.257
130,23.23
131,23.2
132,23.167
133,23.13
134,23.09
135,23.047
136,22.998
137,22.946
138,22.887
139,22.823
140,22.753
141,22.676
142,22.592
143,22.499
144,22.398
145,22.286
146,22.165
147,22.032
148,21.887
149,21.729
150,21.556
151,21.369
152,21.165
153,20.945
154,20.706
155,20.447
156,20.169
157,19.868
158,19.546
159,19.2
160,18.829
161,18.434
162,18.012
163,17.563
164,17.088
165,16.584
166,16.051
167,15.49
168,14.9
169,14.28
170,13.631
171,12.953
172,12.245
173,11.509
174,10.744
175,9.9499
176,9.1282
177,8.279
178,7.4028
179,6.5001
180,5.5714
181,4.6175
182,3.6389
183,2.6363
184,1.6103
185,0.56163
186,-0.50907
187,-1.6011
188,-2.7139
189,-3.8467
190,-4.999
191,-6.17
192,-7.3592
193,-8.5659
194,-9.7897
195,-11.03
196,-12.286
197,-13.557
198,-14.843
199,-16.144
200,-17.458
