0,23.247
1,23.245
2,23.244
3,23.242
4,23.24
5,23.238
6,23.236
7,23.234
8,23.233
9,23.231
10,23.229
11,23.227
12,23.225
13,23.223
14,23.222
15,23.22
16,23.218
17,23.216
18,23.214
19,23.212
20,23.211
21,23.209
22,23.207
23,23.205
24,23.203
25,23.201
26,23.2
27,23.198
28,23.196
29,23.194
30,23.192
31,23.19
32,23.189
33,23.187
34,23.185
35,23.183
36,23.181
37,23.18
38,23.178
39,23.176
40,23.174
41,23.172
42,23.17
43,23.169
44,23.167
45,23.165
46,23.163
47,23.161
48,23.159
49,23.158
50,23.156
51,23.154
52,23.152
53,23.15
54,23.148
55,23.147
56,23.145
57,23.143
58,23.141
59,23.139
60,23.137
61,23.136
62,23.134
63,23.132
64,23.13
65,23.128
66,23.126
67,23.125
68,23.123
69,23.121
70,23.119
71,23.117
72,23.115
73,23.113
74,23.112
75,23.11
76,23.108
77,23.106
78,23.104
79,23.102
80,23.101
81,23.099
82,23.097
83,23.095
84,23.093
85,23.091
86,23.089
87,23.087
88,23.086
89,23.084
90,23.082
91,23.08
92,23.078
93,23.076
94,23.074
95,23.072
96,23.07
97,23.068
98,23.066
99,23.064
100,23.062
101,23.06
102,23.058
103,23.056
104,23.053
105,23.051
106,23.049
107,23.047
108,23.044
109,23.042
110,23.039
111,23.037
112,23.034
113,23.031
114,23.029
115,23.026
116,23.022
117,23.019
118,23.016
119,23.012
120,23.008
121,23.005
122,23
123,22.996
124,22.991
125,22.986
126,22.98
127,22.974
128,22.968
129,22.961
130,22.954
131,22.946
132,22.937
133,22.927
134,22.917
135,22.906
136,22.893
137,22.879
138,22.864
139,22.848
140,22.83
141,22.81
142,22.788
143,22.764
144,22.738
145,22.709
146,22.676
147,22.641
148,22.602
149,22.559
150,22.511
151,22.458
152,22.4
153,22.337
154,22.266
155,22.189
156,22.103
157,22.009
158,21.906
159,21.793
160,21.668
161,21.532
162,21.382
163,21.219
164,21.04
165,20.846
166,20.634
167,20.404
168,20.154
169,19.883
170,19.591
171,19.276
172,18.936
173,18.572
174,18.182
175,17.764
176,17.319
177,16.846
178,16.343
179,15.811
180,15.25
181,14.657
182,14.035
183,13.382
184,12.699
185,11.985
186,11.241
187,10.468
188,9.6647
189,8.8329
190,7.9727
191,7.0847
192,6.1695
193,5.2276
194,4.2599
195,3.267
196,2.2495
197,1.2083
198,0.14393
199,-0.94277
200,-2.0511
