0,16.691
1,16.689
2,16.687
3,16.685
4,16.684
5,16.682
6,16.68
7,16.678
8,16.676
9,16.674
10,16.673
11,16.671
12,16.669
13,16.667
14,16.665
15,16.663
16,16.662
17,16.66
18,16.658
19,16.656
20,16.654
21,16.652
22,16.651
23,16.649
24,16.647
25,16.645
26,16.643
27,16.641
28,16.64
29,16.638
30,16.636
31,16.634
32,16.632
33,16.63
34,16.629
35,16.627
36,16.625
37,16.623
38,16.621
39,16.619
40,16.618
41,16.616
42,16.614
43,16.612
44,16.61
45,16.608
46,16.607
47,16.605
48,16.603
49,16.601
50,16.599
51,16.597
52,16.596
53,16.594
54,16.592
55,16.59
56,16.588
57,16.587
58,16.585
59,16.583
60,16.581
61,16.579
62,16.577
63,16.576
64,16.574
65,16.572
66,16.57
67,16.568
68,16.566
69,16.565
70,16.563
71,16.561
72,16.559
73,16.557
74,16.555
75,16.553
76,16.552
77,16.55
78,16.548
79,16.546
80,16.544
81,16.542
82,16.541
83,16.539
84,16.537
85,16.535
86,16.533
87,16.531
88,16.529
89,16.528
90,16.526
91,16.524
92,16.522
93,16.52
94,16.518
95,16.516
96,16.514
97,16.512
98,16.51
99,16.508
100,16.506
101,16.504
102,16.502
103,16.5
104,16.498
105,16.496
106,16.494
107,16.492
108,16.49
109,16.488
110,16.486
111,16.483
112,16.481
113,16.479
114,16.476
115,16.474
116,16.471
117,16.468
118,16.466
119,16.463
120,16.46
121,16.457
122,16.453
123,16.45
124,16.446
125,16.443
126,16.439
127,16.434
128,16.43
129,16.425
130,16.42
131,16.414
132,16.408
133,16.401
134,16.394
135,16.387
136,16.379
137,16.37
138,16.36
139,16.349
140,16.337
141,16.325
142,16.311
143,16.295
144,16.278
145,16.26
146,16.239
147,16.217
148,16.192
149,16.165
150,16.135
151,16.102
152,16.065
153,16.025
154,15.98
155,15.931
156,15.877
157,15.817
158,15.751
159,15.678
160,15.598
161,15.509
162,15.412
163,15.305
164,15.188
165,15.059
166,14.918
167,14.764
168,14.595
169,14.411
170,14.21
171,13.991
172,13.753
173,13.495
174,13.216
175,12.915
176,12.59
177,12.241
178,11.866
179,11.464
180,11.036
181,10.579
182,10.093
183,9.578
184,9.0332
185,8.4583
186,7.8529
187,7.2169
188,6.5504
189,5.8535
190,5.1262
191,4.3689
192,3.5819
193,2.7656
194,1.9205
195,1.0473
196,0.14632
197,-0.78162
198,-1.7359
199,-2.7159
200,-3.7208
