0,13.188
1,13.186
2,13.185
3,13.183
4,13.181
5,13.179
6,13.177
7,13.175
8,13.174
9,13.172
10,13.17
11,13.168
12,13.166
13,13.164
14,13.163
15,13.161
16,13.159
17,13.157
18,13.155
19,13.153
20,13.152
21,13.15
22,13.148
23,13.146
24,13.144
25,13.142
26,13.141
27,13.139
28,13.137
29,13.135
30,13.133
31,13.131
32,13.13
33,13.128
34,13.126
35,13.124
36,13.122
37,13.12
38,13.119
39,13.117
40,13.115
41,13.113
42,13.111
43,13.109
44,13.108
45,13.106
46,13.104
47,13.102
48,13.1
49,13.098
50,13.097
51,13.095
52,13.093
53,13.091
54,13.089
55,13.087
56,13.086
57,13.084
58,13.082
59,13.08
60,13.078
61,13.076
62,13.075
63,13.073
64,13.071
65,13.069
66,13.067
67,13.065
68,13.064
69,13.062
70,13.06
71,13.058
72,13.056
73,13.054
74,13.053
75,13.051
76,13.049
77,13.047
78,13.045
79,13.043
80,13.041
81,13.04
82,13.038
83,13.036
84,13.034
85,13.032
86,13.03
87,13.028
88,13.026
89,13.024
90,13.023
91,13.021
92,13.019
93,13.017
94,13.015
95,13.013
96,13.011
97,13.009
98,13.007
99,13.005
100,13.003
101,13.001
102,12.998
103,12.996
104,12.994
105,12.992
106,12.99
107,12.987
108,12.985
109,12.982
110,12.98
111,12.977
112,12.975
113,12.972
114,12.969
115,12.966
116,12.963
117,12.96
118,12.956
119,12.953
120,12.949
121,12.945
122,12.94
123,12.936
124,12.931
125,12.926
126,12.92
127,12.914
128,12.908
129,12.901
130,12.893
131,12.885
132,12.877
133,12.867
134,12.856
135,12.845
136,12.833
137,12.819
138,12.804
139,12.788
140,12.77
141,12.75
142,12.728
143,12.705
144,12.678
145,12.65
146,12.618
147,12.583
148,12.544
149,12.502
150,12.455
151,12.404
152,12.347
153,12.285
154,12.216
155,12.14
156,12.057
157,11.966
158,11.865
159,11.755
160,11.635
161,11.502
162,11.358
163,11.2
164,11.027
165,10.839
166,10.634
167,10.412
168,10.171
169,9.91
170,9.628
171,9.3239
172,8.9965
173,8.645
174,8.2682
175,7.8654
176,7.4357
177,6.9783
178,6.4927
179,5.9782
180,5.4344
181,4.8609
182,4.2576
183,3.6242
184,2.9608
185,2.2674
186,1.5443
187,0.7915
188,0.009503
189,-0.80134
190,-1.6406
191,-2.5077
192,-3.4021
193,-4.3232
194,-5.2704
195,-6.243
196,-7.2404
197,-8.2618
198,-9.3066
199,-10.374
200,-11.463
