0,23.439
1,23.438
2,23.436
3,23.434
4,23.432
5,23.43
6,23.428
7,23.427
8,23.425
9,23.423
10,23.421
11,23.419
12,23.417
13,23.416
14,23.414
15,23.412
16,23.41
17,23.408
18,23.406
19,23.405
20,23.403
21,23.401
22,23.399
23,23.397
24,23.395
25,23.394
26,23.392
27,23.39
28,23.388
29,23.386
30,23.384
31,23.383
32,23.381
33,23.379
34,23.377
35,23.375
36,23.373
37,23.372
38,23.37
39,23.368
40,23.366
41,23.364
42,23.362
43,23.361
44,23.359
45,23.357
46,23.355
47,23.353
48,23.351
49,23.35
50,23.348
51,23.346
52,23.344
53,23.342
54,23.34
55,23.338
56,23.337
57,23.335
58,23.333
59,23.331
60,23.329
61,23.327
62,23.325
63,23.324
64,23.322
65,23.32
66,23.318
67,23.316
68,23.314
69,23.312
70,23.31
71,23.308
72,23.306
73,23.305
74,23.303
75,23.301
76,23.299
77,23.297
78,23.295
79,23.293
80,23.291
81,23.288
82,23.286
83,23.284
84,23.282
85,23.28
86,23.277
87,23.275
88,23.273
89,23.27
90,23.268
91,23.265
92,23.263
93,23.26
94,23.257
95,23.254
96,23.251
97,23.248
98,23.245
99,23.241
100,23.238
101,23.234
102,23.23
103,23.226
104,23.221
105,23.216
106,23.211
107,23.206
108,23.2
109,23.194
110,23.187
111,23.18
112,23.172
113,23.163
114,23.154
115,23.144
116,23.133
117,23.121
118,23.108
119,23.094
120,23.079
121,23.062
122,23.044
123,23.023
124,23.001
125,22.977
126,22.95
127,22.921
128,22.889
129,22.854
130,22.815
131,22.773
132,22.727
133,22.675
134,22.619
135,22.558
136,22.49
137,22.416
138,22.335
139,22.246
140,22.148
141,22.041
142,21.925
143,21.797
144,21.658
145,21.507
146,21.342
147,21.162
148,20.967
149,20.755
150,20.527
151,20.279
152,20.012
153,19.724
154,19.415
155,19.083
156,18.727
157,18.347
158,17.941
159,17.51
160,17.052
161,16.566
162,16.052
163,15.51
164,14.94
165,14.34
166,13.712
167,13.055
168,12.368
169,11.653
170,10.909
171,10.136
172,9.3359
173,8.5079
174,7.6526
175,6.7707
176,5.8628
177,4.9292
178,3.9708
179,2.988
180,1.9816
181,0.95212
182,-0.099709
183,-1.1733
184,-2.2679
185,-3.3829
186,-4.5178
187,-5.6718
188,-6.8443
189,-8.0348
190,-9.2426
191,-10.467
192,-11.708
193,-12.965
194,-14.236
195,-15.523
196,-16.823
197,-18.137
198,-19.465
199,-20.805
200,-22.158
