0,21.096
1,21.094
2,21.093
3,21.091
4,21.089
5,21.087
6,21.085
7,21.083
8,21.082
9,21.08
10,21.078
11,21.076
12,21.074
13,21.072
14,21.071
15,21.069
16,21.067
17,21.065
18,21.063
19,21.061
20,21.06
21,21.058
22,21.056
23,21.054
24,21.052
25,21.05
26,21.049
27,21.047
28,21.045
29,21.043
30,21.041
31,21.039
32,21.037
33,21.036
34,21.034
35,21.032
36,21.03
37,21.028
38,21.026
39,21.025
40,21.023
41,21.021
42,21.019
43,21.017
44,21.015
45,21.013
46,21.011
47,21.01
48,21.008
49,21.006
50,21.004
51,21.002
52,21
53,20.998
54,20.996
55,20.994
56,20.992
57,20.99
58,20.988
59,20.986
60,20.984
61,20.982
62,20.98
63,20.978
64,20.976
65,20.974
66,20.971
67,20.969
68,20.967
69,20.965
70,20.962
71,20.96
72,20.957
73,20.955
74,20.952
75,20.949
76,20.946
77,20.944
78,20.94
79,20.937
80,20.934
81,20.931
82,20.927
83,20.923
84,20.919
85,20.915
86,20.911
87,20.906
88,20.901
89,20.895
90,20.89
91,20.884
92,20.877
93,20.87
94,20.863
95,20.854
96,20.846
97,20.836
98,20.826
99,20.815
100,20.803
101,20.79
102,20.776
103,20.76
104,20.743
105,20.725
106,20.705
107,20.683
108,20.659
109,20.633
110,20.605
111,20.574
112,20.54
113,20.502
114,20.462
115,20.417
116,20.369
117,20.316
118,20.257
119,20.194
120,20.125
121,20.049
122,19.966
123,19.876
124,19.777
125,19.67
126,19.553
127,19.426
128,19.287
129,19.137
130,18.974
131,18.797
132,18.606
133,18.4
134,18.177
135,17.936
136,17.677
137,17.399
138,17.101
139,16.781
140,16.44
141,16.075
142,15.687
143,15.275
144,14.837
145,14.374
146,13.884
147,13.368
148,12.825
149,12.254
150,11.656
151,11.03
152,10.376
153,9.6942
154,8.985
155,8.2483
156,7.4844
157,6.6936
158,5.8763
159,5.0328
160,4.1636
161,3.2691
162,2.35
163,1.4067
164,0.43976
165,-0.5502
166,-1.5626
167,-2.5969
168,-3.6524
169,-4.7287
170,-5.8249
171,-6.9407
172,-8.0754
173,-9.2284
174,-10.399
175,-11.587
176,-12.792
177,-14.013
178,-15.249
179,-16.501
180,-17.767
181,-19.048
182,-20.342
183,-21.649
184,-22.97
185,-24.302
186,-25.647
187,-27.004
188,-28.372
189,-29.751
190,-31.14
191,-32.54
192,-33.95
193,-35.369
194,-36.798
195,-38.236
196,-39.682
197,-41.137
198,-42.601
199,-44.072
200,-45.552
