0,22.956
1,22.955
2,22.953
3,22.951
4,22.949
5,22.947
6,22.945
7,22.944
8,22.942
9,22.94
10,22.938
11,22.936
12,22.934
13,22.933
14,22.931
15,22.929
16,22.927
17,22.925
18,22.923
19,22.922
20,22.92
21,22.918
22,22.916
23,22.914
24,22.912
25,22.911
26,22.909
27,22.907
28,22.905
29,22.903
30,22.901
31,22.9
32,22.898
33,22.896
34,22.894
35,22.892
36,22.89
37,22.889
38,22.887
39,22.885
40,22.883
41,22.881
42,22.879
43,22.878
44,22.876
45,22.874
46,22.872
47,22.87
48,22.868
49,22.867
50,22.865
51,22.863
52,22.861
53,22.859
54,22.857
55,22.855
56,22.854
57,22.852
58,22.85
59,22.848
60,22.846
61,22.844
62,22.842
63,22.841
64,22.839
65,22.837
66,22.835
67,22.833
68,22.831
69,22.829
70,22.827
71,22.825
72,22.823
73,22.821
74,22.819
75,22.817
76,22.815
77,22.813
78,22.811
79,22.809
80,22.807
81,22.805
82,22.803
83,22.801
84,22.799
85,22.796
86,22.794
87,22.792
88,22.789
89,22.787
90,22.784
91,22.782
92,22.779
93,22.776
94,22.773
95,22.77
96,22.767
97,22.764
98,22.76
99,22.756
100,22.753
101,22.749
102,22.744
103,22.74
104,22.735
105,22.73
106,22.724
107,22.718
108,22.712
109,22.705
110,22.698
111,22.69
112,22.681
113,22.672
114,22.662
115,22.651
116,22.639
117,22.626
118,22.612
119,22.597
120,22.58
121,22.561
122,22.541
123,22.519
124,22.494
125,22.468
126,22.438
127,22.406
128,22.371
129,22.332
130,22.29
131,22.243
132,22.192
133,22.136
134,22.074
135,22.007
136,21.933
137,21.852
138,21.763
139,21.665
140,21.559
141,21.442
142,21.315
143,21.176
144,21.025
145,20.86
146,20.681
147,20.487
148,20.276
149,20.048
150,19.802
151,19.536
152,19.249
153,18.941
154,18.61
155,18.256
156,17.878
157,17.474
158,17.045
159,16.589
160,16.105
161,15.594
162,15.055
163,14.487
164,13.891
165,13.265
166,12.611
167,11.927
168,11.215
169,10.474
170,9.705
171,8.9079
172,8.0832
173,7.2314
174,6.353
175,5.4484
176,4.5183
177,3.5633
178,2.584
179,1.5809
180,0.55488
181,-0.49358
182,-1.5638
183,-2.6551
184,-3.7669
185,-4.8985
186,-6.0493
187,-7.2187
188,-8.406
189,-9.6108
190,-10.832
191,-12.07
192,-13.324
193,-14.593
194,-15.876
195,-17.174
196,-18.485
197,-19.81
198,-21.148
199,-22.498
200,-23.86
