0,13.302
1,13.3
2,13.298
3,13.296
4,13.295
5,13.293
6,13.291
7,13.289
8,13.287
9,13.285
10,13.284
11,13.282
12,13.28
13,13.278
14,13.276
15,13.275
16,13.273
17,13.271
18,13.269
19,13.267
20,13.265
21,13.264
22,13.262
23,13.26
24,13.258
25,13.256
26,13.254
27,13.253
28,13.251
29,13.249
30,13.247
31,13.245
32,13.243
33,13.242
34,13.24
35,13.238
36,13.236
37,13.234
38,13.232
39,13.231
40,13.229
41,13.227
42,13.225
43,13.223
44,13.221
45,13.22
46,13.218
47,13.216
48,13.214
49,13.212
50,13.21
51,13.208
52,13.207
53,13.205
54,13.203
55,13.201
56,13.199
57,13.197
58,13.196
59,13.194
60,13.192
61,13.19
62,13.188
63,13.186
64,13.184
65,13.182
66,13.181
67,13.179
68,13.177
69,13.175
70,13.173
71,13.171
72,13.169
73,13.167
74,13.165
75,13.163
76,13.161
77,13.159
78,13.157
79,13.155
80,13.153
81,13.151
82,13.149
83,13.147
84,13.145
85,13.143
86,13.141
87,13.138
88,13.136
89,13.134
90,13.131
91,13.129
92,13.126
93,13.124
94,13.121
95,13.118
96,13.115
97,13.112
98,13.109
99,13.106
100,13.102
101,13.099
102,13.095
103,13.091
104,13.087
105,13.082
106,13.078
107,13.073
108,13.067
109,13.061
110,13.055
111,13.049
112,13.042
113,13.034
114,13.026
115,13.017
116,13.007
117,12.996
118,12.985
119,12.972
120,12.958
121,12.943
122,12.927
123,12.909
124,12.89
125,12.869
126,12.845
127,12.82
128,12.792
129,12.761
130,12.727
131,12.69
132,12.65
133,12.605
134,12.556
135,12.503
136,12.444
137,12.38
138,12.309
139,12.232
140,12.147
141,12.054
142,11.953
143,11.842
144,11.721
145,11.589
146,11.445
147,11.289
148,11.118
149,10.933
150,10.732
151,10.515
152,10.28
153,10.026
154,9.7529
155,9.4586
156,9.1427
157,8.804
158,8.4417
159,8.055
160,7.643
161,7.205
162,6.7403
163,6.2484
164,5.7288
165,5.181
166,4.6049
167,4.0001
168,3.3666
169,2.7043
170,2.0133
171,1.2937
172,0.5458
173,-0.23019
174,-1.0339
175,-1.8649
176,-2.7227
177,-3.6069
178,-4.5169
179,-5.4522
180,-6.4121
181,-7.396
182,-8.4033
183,-9.4334
184,-10.486
185,-11.559
186,-12.654
187,-13.769
188,-14.903
189,-16.057
190,-17.229
191,-18.418
192,-19.625
193,-20.848
194,-22.088
195,-23.343
196,-24.613
197,-25.898
198,-27.197
199,-28.51
200,-29.835
