0,15.448
1,15.446
2,15.445
3,15.443
4,15.441
5,15.439
6,15.437
7,15.436
8,15.434
9,15.432
10,15.43
11,15.428
12,15.426
13,15.425
14,15.423
15,15.421
16,15.419
17,15.417
18,15.415
19,15.414
20,15.412
21,15.41
22,15.408
23,15.406
24,15.404
25,15.403
26,15.401
27,15.399
28,15.397
29,15.395
30,15.393
31,15.392
32,15.39
33,15.388
34,15.386
35,15.384
36,15.382
37,15.381
38,15.379
39,15.377
40,15.375
41,15.373
42,15.371
43,15.37
44,15.368
45,15.366
46,15.364
47,15.362
48,15.36
49,15.359
50,15.357
51,15.355
52,15.353
53,15.351
54,15.349
55,15.348
56,15.346
57,15.344
58,15.342
59,15.34
60,15.338
61,15.337
62,15.335
63,15.333
64,15.331
65,15.329
66,15.327
67,15.326
68,15.324
69,15.322
70,15.32
71,15.318
72,15.316
73,15.314
74,15.313
75,15.311
76,15.309
77,15.307
78,15.305
79,15.303
80,15.301
81,15.3
82,15.298
83,15.296
84,15.294
85,15.292
86,15.29
87,15.288
88,15.286
89,15.284
90,15.282
91,15.28
92,15.279
93,15.277
94,15.275
95,15.273
96,15.27
97,15.268
98,15.266
99,15.264
100,15.262
101,15.26
102,15.258
103,15.255
104,15.253
105,15.251
106,15.248
107,15.246
108,15.243
109,15.241
110,15.238
111,15.235
112,15.232
113,15.229
114,15.226
115,15.222
116,15.219
117,15.215
118,15.211
119,15.207
120,15.203
121,15.198
122,15.193
123,15.188
124,15.182
125,15.176
126,15.169
127,15.162
128,15.154
129,15.146
130,15.136
131,15.126
132,15.115
133,15.104
134,15.091
135,15.076
136,15.061
137,15.044
138,15.025
139,15.004
140,14.982
141,14.957
142,14.929
143,14.899
144,14.866
145,14.83
146,14.789
147,14.745
148,14.696
149,14.643
150,14.584
151,14.519
152,14.447
153,14.368
154,14.282
155,14.187
156,14.083
157,13.968
158,13.843
159,13.706
160,13.556
161,13.393
162,13.214
163,13.02
164,12.809
165,12.579
166,12.331
167,12.062
168,11.772
169,11.46
170,11.124
171,10.763
172,10.377
173,9.9653
174,9.5261
175,9.059
176,8.5636
177,8.0393
178,7.4856
179,6.9023
180,6.2891
181,5.646
182,4.973
183,4.2702
184,3.5377
185,2.7758
186,1.9849
187,1.1654
188,0.31779
189,-0.55747
190,-1.4598
191,-2.3885
192,-3.3431
193,-4.3228
194,-5.3269
195,-6.3549
196,-7.4059
197,-8.4793
198,-9.5745
199,-10.691
200,-11.827
