0,11.726
1,11.724
2,11.722
3,11.721
4,11.719
5,11.717
6,11.715
7,11.713
8,11.711
9,11.71
10,11.708
11,11.706
12,11.704
13,11.702
14,11.7
15,11.699
16,11.697
17,11.695
18,11.693
19,11.691
20,11.689
21,11.688
22,11.686
23,11.684
24,11.682
25,11.68
26,11.678
27,11.677
28,11.675
29,11.673
30,11.671
31,11.669
32,11.667
33,11.666
34,11.664
35,11.662
36,11.66
37,11.658
38,11.656
39,11.655
40,11.653
41,11.651
42,11.649
43,11.647
44,11.645
45,11.644
46,11.642
47,11.64
48,11.638
49,11.636
50,11.634
51,11.633
52,11.631
53,11.629
54,11.627
55,11.625
56,11.623
57,11.622
58,11.62
59,11.618
60,11.616
61,11.614
62,11.612
63,11.611
64,11.609
65,11.607
66,11.605
67,11.603
68,11.601
69,11.6
70,11.598
71,11.596
72,11.594
73,11.592
74,11.59
75,11.588
76,11.587
77,11.585
78,11.583
79,11.581
80,11.579
81,11.577
82,11.575
83,11.573
84,11.571
85,11.57
86,11.568
87,11.566
88,11.564
89,11.562
90,11.56
91,11.558
92,11.556
93,11.554
94,11.552
95,11.55
96,11.548
97,11.545
98,11.543
99,11.541
100,11.539
101,11.537
102,11.534
103,11.532
104,11.529
105,11.527
106,11.524
107,11.522
108,11.519
109,11.516
110,11.513
111,11.51
112,11.507
113,11.503
114,11.5
115,11.496
116,11.492
117,11.488
118,11.483
119,11.479
120,11.474
121,11.468
122,11.462
123,11.456
124,11.45
125,11.442
126,11.434
127,11.426
128,11.417
129,11.407
130,11.396
131,11.384
132,11.371
133,11.357
134,11.341
135,11.324
136,11.306
137,11.285
138,11.263
139,11.238
140,11.211
141,11.181
142,11.148
143,11.112
144,11.072
145,11.029
146,10.981
147,10.928
148,10.87
149,10.806
150,10.736
151,10.659
152,10.574
153,10.481
154,10.379
155,10.267
156,10.145
157,10.011
158,9.8647
159,9.7052
160,9.5313
161,9.342
162,9.1363
163,8.913
164,8.6712
165,8.4097
166,8.1275
167,7.8233
168,7.4964
169,7.1455
170,6.7699
171,6.3686
172,5.9408
173,5.4857
174,5.0028
175,4.4915
176,3.9513
177,3.3819
178,2.7831
179,2.1547
180,1.4966
181,0.80892
182,0.091807
183,-0.65454
184,-1.4298
185,-2.2336
186,-3.0656
187,-3.9252
188,-4.8119
189,-5.7251
190,-6.6642
191,-7.6287
192,-8.6177
193,-9.6307
194,-10.667
195,-11.726
196,-12.807
197,-13.909
198,-15.032
199,-16.174
200,-17.336
