0,16.504
1,16.502
2,16.501
3,16.499
4,16.497
5,16.495
6,16.493
7,16.491
8,16.49
9,16.488
10,16.486
11,16.484
12,16.482
13,16.48
14,16.479
15,16.477
16,16.475
17,16.473
18,16.471
19,16.469
20,16.468
21,16.466
22,16.464
23,16.462
24,16.46
25,16.458
26,16.457
27,16.455
28,16.453
29,16.451
30,16.449
31,16.447
32,16.446
33,16.444
34,16.442
35,16.44
36,16.438
37,16.436
38,16.435
39,16.433
40,16.431
41,16.429
42,16.427
43,16.425
44,16.424
45,16.422
46,16.42
47,16.418
48,16.416
49,16.414
50,16.412
51,16.411
52,16.409
53,16.407
54,16.405
55,16.403
56,16.401
57,16.399
58,16.398
59,16.396
60,16.394
61,16.392
62,16.39
63,16.388
64,16.386
65,16.384
66,16.382
67,16.38
68,16.378
69,16.376
70,16.374
71,16.372
72,16.37
73,16.368
74,16.366
75,16.364
76,16.362
77,16.359
78,16.357
79,16.355
80,16.352
81,16.35
82,16.348
83,16.345
84,16.343
85,16.34
86,16.337
87,16.334
88,16.331
89,16.328
90,16.325
91,16.322
92,16.318
93,16.315
94,16.311
95,16.307
96,16.302
97,16.298
98,16.293
99,16.288
100,16.282
101,16.276
102,16.27
103,16.263
104,16.256
105,16.248
106,16.239
107,16.23
108,16.22
109,16.209
110,16.197
111,16.185
112,16.171
113,16.156
114,16.139
115,16.121
116,16.101
117,16.08
118,16.056
119,16.03
120,16.002
121,15.971
122,15.937
123,15.9
124,15.86
125,15.815
126,15.766
127,15.713
128,15.655
129,15.591
130,15.521
131,15.444
132,15.36
133,15.269
134,15.169
135,15.059
136,14.94
137,14.81
138,14.669
139,14.515
140,14.348
141,14.167
142,13.971
143,13.759
144,13.529
145,13.282
146,13.015
147,12.728
148,12.421
149,12.091
150,11.738
151,11.362
152,10.961
153,10.535
154,10.083
155,9.6042
156,9.0986
157,8.5654
158,8.0045
159,7.4154
160,6.7982
161,6.1526
162,5.4788
163,4.7767
164,4.0467
165,3.2888
166,2.5034
167,1.6909
168,0.8516
169,-0.013929
170,-0.90524
171,-1.8218
172,-2.763
173,-3.7284
174,-4.7173
175,-5.7291
176,-6.7631
177,-7.8189
178,-8.8957
179,-9.9929
180,-11.11
181,-12.246
182,-13.401
183,-14.574
184,-15.765
185,-16.972
186,-18.196
187,-19.435
188,-20.69
189,-21.96
190,-23.244
191,-24.542
192,-25.854
193,-27.178
194,-28.515
195,-29.864
196,-31.225
197,-32.597
198,-33.98
199,-35.374
200,-36.779
