0,13.028
1,13.027
2,13.025
3,13.023
4,13.021
5,13.019
6,13.017
7,13.016
8,13.014
9,13.012
10,13.01
11,13.008
12,13.006
13,13.005
14,13.003
15,13.001
16,12.999
17,12.997
18,12.995
19,12.994
20,12.992
21,12.99
22,12.988
23,12.986
24,12.985
25,12.983
26,12.981
27,12.979
28,12.977
29,12.975
30,12.974
31,12.972
32,12.97
33,12.968
34,12.966
35,12.964
36,12.963
37,12.961
38,12.959
39,12.957
40,12.955
41,12.953
42,12.952
43,12.95
44,12.948
45,12.946
46,12.944
47,12.942
48,12.941
49,12.939
50,12.937
51,12.935
52,12.933
53,12.931
54,12.93
55,12.928
56,12.926
57,12.924
58,12.922
59,12.92
60,12.919
61,12.917
62,12.915
63,12.913
64,12.911
65,12.909
66,12.908
67,12.906
68,12.904
69,12.902
70,12.9
71,12.898
72,12.897
73,12.895
74,12.893
75,12.891
76,12.889
77,12.887
78,12.886
79,12.884
80,12.882
81,12.88
82,12.878
83,12.876
84,12.874
85,12.873
86,12.871
87,12.869
88,12.867
89,12.865
90,12.863
91,12.861
92,12.859
93,12.857
94,12.856
95,12.854
96,12.852
97,12.85
98,12.848
99,12.846
100,12.844
101,12.842
102,12.84
103,12.838
104,12.836
105,12.834
106,12.832
107,12.829
108,12.827
109,12.825
110,12.823
111,12.82
112,12.818
113,12.816
114,12.813
115,12.811
116,12.808
117,12.805
118,12.802
119,12.799
120,12.796
121,12.793
122,12.79
123,12.786
124,12.782
125,12.778
126,12.774
127,12.769
128,12.765
129,12.76
130,12.754
131,12.748
132,12.742
133,12.735
134,12.727
135,12.719
136,12.711
137,12.701
138,12.691
139,12.679
140,12.667
141,12.653
142,12.638
143,12.622
144,12.604
145,12.584
146,12.562
147,12.538
148,12.512
149,12.483
150,12.451
151,12.415
152,12.376
153,12.334
154,12.286
155,12.234
156,12.176
157,12.113
158,12.043
159,11.966
160,11.881
161,11.788
162,11.686
163,11.573
164,11.45
165,11.315
166,11.167
167,11.005
168,10.828
169,10.635
170,10.425
171,10.197
172,9.9499
173,9.682
174,9.3925
175,9.0803
176,8.7442
177,8.3834
178,7.9967
179,7.5834
180,7.1425
181,6.6735
182,6.1756
183,5.6483
184,5.0913
185,4.5042
186,3.8868
187,3.2391
188,2.5611
189,1.8528
190,1.1146
191,0.34659
192,-0.45074
193,-1.277
194,-2.1316
195,-3.0141
196,-3.9238
197,-4.8602
198,-5.8225
199,-6.8101
200,-7.8223
