0,16.386
1,16.384
2,16.382
3,16.381
4,16.379
5,16.377
6,16.375
7,16.373
8,16.371
9,16.37
10,16.368
11,16.366
12,16.364
13,16.362
14,16.36
15,16.359
16,16.357
17,16.355
18,16.353
19,16.351
20,16.349
21,16.348
22,16.346
23,16.344
24,16.342
25,16.34
26,16.338
27,16.337
28,16.335
29,16.333
30,16.331
31,16.329
32,16.327
33,16.326
34,16.324
35,16.322
36,16.32
37,16.318
38,16.316
39,16.315
40,16.313
41,16.311
42,16.309
43,16.307
44,16.305
45,16.304
46,16.302
47,16.3
48,16.298
49,16.296
50,16.294
51,16.293
52,16.291
53,16.289
54,16.287
55,16.285
56,16.283
57,16.282
58,16.28
59,16.278
60,16.276
61,16.274
62,16.272
63,16.271
64,16.269
65,16.267
66,16.265
67,16.263
68,16.261
69,16.259
70,16.258
71,16.256
72,16.254
73,16.252
74,16.25
75,16.248
76,16.246
77,16.244
78,16.242
79,16.24
80,16.239
81,16.237
82,16.235
83,16.233
84,16.231
85,16.229
86,16.227
87,16.225
88,16.223
89,16.22
90,16.218
91,16.216
92,16.214
93,16.212
94,16.21
95,16.207
96,16.205
97,16.202
98,16.2
99,16.197
100,16.195
101,16.192
102,16.189
103,16.186
104,16.183
105,16.18
106,16.177
107,16.173
108,16.17
109,16.166
110,16.162
111,16.157
112,16.153
113,16.148
114,16.143
115,16.137
116,16.131
117,16.125
118,16.118
119,16.11
120,16.102
121,16.093
122,16.084
123,16.074
124,16.062
125,16.05
126,16.037
127,16.022
128,16.006
129,15.989
130,15.969
131,15.948
132,15.925
133,15.9
134,15.872
135,15.842
136,15.808
137,15.771
138,15.731
139,15.686
140,15.637
141,15.583
142,15.524
143,15.459
144,15.388
145,15.309
146,15.223
147,15.129
148,15.026
149,14.913
150,14.79
151,14.655
152,14.507
153,14.347
154,14.172
155,13.982
156,13.775
157,13.551
158,13.309
159,13.047
160,12.765
161,12.461
162,12.134
163,11.784
164,11.409
165,11.009
166,10.582
167,10.129
168,9.6481
169,9.1391
170,8.6016
171,8.0353
172,7.4398
173,6.815
174,6.1609
175,5.4774
176,4.7648
177,4.0232
178,3.2529
179,2.4543
180,1.6277
181,0.77367
182,-0.1073
183,-1.0147
184,-1.9478
185,-2.9061
186,-3.889
187,-4.8958
188,-5.9259
189,-6.9785
190,-8.053
191,-9.1488
192,-10.265
193,-11.401
194,-12.557
195,-13.731
196,-14.924
197,-16.133
198,-17.36
199,-18.603
200,-19.862
