0,14.126
1,14.124
2,14.122
3,14.12
4,14.119
5,14.117
6,14.115
7,14.113
8,14.111
9,14.109
10,14.108
11,14.106
12,14.104
13,14.102
14,14.1
15,14.098
16,14.097
17,14.095
18,14.093
19,14.091
20,14.089
21,14.087
22,14.086
23,14.084
24,14.082
25,14.08
26,14.078
27,14.076
28,14.075
29,14.073
30,14.071
31,14.069
32,14.067
33,14.065
34,14.064
35,14.062
36,14.06
37,14.058
38,14.056
39,14.054
40,14.053
41,14.051
42,14.049
43,14.047
44,14.045
45,14.043
46,14.042
47,14.04
48,14.038
49,14.036
50,14.034
51,14.032
52,14.031
53,14.029
54,14.027
55,14.025
56,14.023
57,14.021
58,14.02
59,14.018
60,14.016
61,14.014
62,14.012
63,14.01
64,14.009
65,14.007
66,14.005
67,14.003
68,14.001
69,13.999
70,13.997
71,13.996
72,13.994
73,13.992
74,13.99
75,13.988
76,13.986
77,13.984
78,13.982
79,13.98
80,13.979
81,13.977
82,13.975
83,13.973
84,13.971
85,13.969
86,13.967
87,13.965
88,13.963
89,13.961
90,13.959
91,13.956
92,13.954
93,13.952
94,13.95
95,13.948
96,13.945
97,13.943
98,13.941
99,13.938
100,13.936
101,13.933
102,13.93
103,13.927
104,13.925
105,13.922
106,13.918
107,13.915
108,13.912
109,13.908
110,13.904
111,13.9
112,13.896
113,13.891
114,13.887
115,13.881
116,13.876
117,13.87
118,13.864
119,13.857
120,13.849
121,13.841
122,13.833
123,13.823
124,13.813
125,13.802
126,13.79
127,13.777
128,13.762
129,13.747
130,13.729
131,13.711
132,13.69
133,13.667
134,13.642
135,13.615
136,13.585
137,13.552
138,13.516
139,13.476
140,13.432
141,13.384
142,13.331
143,13.273
144,13.209
145,13.138
146,13.061
147,12.977
148,12.884
149,12.783
150,12.672
151,12.55
152,12.417
153,12.272
154,12.114
155,11.941
156,11.754
157,11.55
158,11.33
159,11.091
160,10.832
161,10.554
162,10.254
163,9.9309
164,9.5849
165,9.2145
166,8.8188
167,8.3971
168,7.9486
169,7.4726
170,6.9687
171,6.4362
172,5.875
173,5.2846
174,4.665
175,4.0161
176,3.3378
177,2.6303
178,1.8938
179,1.1285
180,0.33488
181,-0.48679
182,-1.336
183,-2.2123
184,-3.115
185,-4.0437
186,-4.9976
187,-5.9762
188,-6.9788
189,-8.0048
190,-9.0535
191,-10.124
192,-11.216
193,-12.329
194,-13.462
195,-14.614
196,-15.785
197,-16.974
198,-18.181
199,-19.405
200,-20.645
