0,26.033
1,26.031
2,26.029
3,26.027
4,26.026
5,26.024
6,26.022
7,26.02
8,26.018
9,26.016
10,26.015
11,26.013
12,26.011
13,26.009
14,26.007
15,26.005
16,26.004
17,26.002
18,26
19,25.998
20,25.996
21,25.994
22,25.993
23,25.991
24,25.989
25,25.987
26,25.985
27,25.983
28,25.982
29,25.98
30,25.978
31,25.976
32,25.974
33,25.972
34,25.971
35,25.969
36,25.967
37,25.965
38,25.963
39,25.961
40,25.959
41,25.958
42,25.956
43,25.954
44,25.952
45,25.95
46,25.948
47,25.946
48,25.945
49,25.943
50,25.941
51,25.939
52,25.937
53,25.935
54,25.933
55,25.931
56,25.929
57,25.928
58,25.926
59,25.924
60,25.922
61,25.92
62,25.918
63,25.916
64,25.914
65,25.912
66,25.91
67,25.907
68,25.905
69,25.903
70,25.901
71,25.899
72,25.897
73,25.894
74,25.892
75,25.889
76,25.887
77,25.884
78,25.882
79,25.879
80,25.876
81,25.873
82,25.87
83,25.867
84,25.864
85,25.861
86,25.857
87,25.853
88,25.849
89,25.845
90,25.841
91,25.836
92,25.831
93,25.826
94,25.82
95,25.814
96,25.808
97,25.801
98,25.793
99,25.785
100,25.777
101,25.767
102,25.757
103,25.746
104,25.734
105,25.721
106,25.707
107,25.691
108,25.674
109,25.656
110,25.635
111,25.613
112,25.589
113,25.563
114,25.534
115,25.503
116,25.468
117,25.43
118,25.389
119,25.343
120,25.293
121,25.239
122,25.179
123,25.114
124,25.043
125,24.965
126,24.879
127,24.786
128,24.684
129,24.573
130,24.452
131,24.32
132,24.177
133,24.021
134,23.851
135,23.668
136,23.469
137,23.254
138,23.021
139,22.771
140,22.501
141,22.211
142,21.9
143,21.567
144,21.211
145,20.831
146,20.427
147,19.997
148,19.542
149,19.059
150,18.55
151,18.014
152,17.45
153,16.857
154,16.237
155,15.588
156,14.911
157,14.206
158,13.473
159,12.713
160,11.925
161,11.11
162,10.268
163,9.4006
164,8.5072
165,7.5887
166,6.6456
167,5.6785
168,4.6881
169,3.6748
170,2.6394
171,1.5824
172,0.5044
173,-0.5939
174,-1.7119
175,-2.8491
176,-4.0048
177,-5.1785
178,-6.3696
179,-7.5775
180,-8.8018
181,-10.042
182,-11.297
183,-12.567
184,-13.851
185,-15.15
186,-16.461
187,-17.786
188,-19.123
189,-20.472
190,-21.833
191,-23.205
192,-24.588
193,-25.982
194,-27.386
195,-28.8
196,-30.224
197,-31.657
198,-33.099
199,-34.551
200,-36.01
