0,11.943
1,11.941
2,11.939
3,11.937
4,11.935
5,11.934
6,11.932
7,11.93
8,11.928
9,11.926
10,11.924
11,11.923
12,11.921
13,11.919
14,11.917
15,11.915
16,11.913
17,11.912
18,11.91
19,11.908
20,11.906
21,11.904
22,11.902
23,11.901
24,11.899
25,11.897
26,11.895
27,11.893
28,11.891
29,11.89
30,11.888
31,11.886
32,11.884
33,11.882
34,11.88
35,11.879
36,11.877
37,11.875
38,11.873
39,11.871
40,11.87
41,11.868
42,11.866
43,11.864
44,11.862
45,11.86
46,11.859
47,11.857
48,11.855
49,11.853
50,11.851
51,11.849
52,11.848
53,11.846
54,11.844
55,11.842
56,11.84
57,11.838
58,11.837
59,11.835
60,11.833
61,11.831
62,11.829
63,11.827
64,11.826
65,11.824
66,11.822
67,11.82
68,11.818
69,11.816
70,11.815
71,11.813
72,11.811
73,11.809
74,11.807
75,11.805
76,11.803
77,11.802
78,11.8
79,11.798
80,11.796
81,11.794
82,11.792
83,11.791
84,11.789
85,11.787
86,11.785
87,11.783
88,11.781
89,11.779
90,11.777
91,11.776
92,11.774
93,11.772
94,11.77
95,11.768
96,11.766
97,11.764
98,11.762
99,11.76
100,11.758
101,11.756
102,11.754
103,11.752
104,11.75
105,11.748
106,11.746
107,11.744
108,11.742
109,11.74
110,11.737
111,11.735
112,11.733
113,11.73
114,11.728
115,11.725
116,11.723
117,11.72
118,11.717
119,11.714
120,11.711
121,11.708
122,11.705
123,11.701
124,11.698
125,11.694
126,11.69
127,11.685
128,11.681
129,11.676
130,11.67
131,11.665
132,11.659
133,11.652
134,11.645
135,11.637
136,11.629
137,11.62
138,11.61
139,11.599
140,11.587
141,11.574
142,11.56
143,11.544
144,11.527
145,11.509
146,11.488
147,11.465
148,11.44
149,11.413
150,11.383
151,11.349
152,11.312
153,11.272
154,11.227
155,11.177
156,11.123
157,11.063
158,10.997
159,10.924
160,10.843
161,10.755
162,10.658
163,10.551
164,10.434
165,10.306
166,10.165
167,10.011
168,9.8429
169,9.6593
170,9.4593
171,9.2417
172,9.0054
173,8.7492
174,8.4721
175,8.1728
176,7.8504
177,7.5037
178,7.1317
179,6.7335
180,6.3083
181,5.8553
182,5.3738
183,4.8632
184,4.323
185,3.7529
186,3.1527
187,2.5222
188,1.8612
189,1.17
190,0.4487
191,-0.30253
192,-1.0833
193,-1.8933
194,-2.7319
195,-3.5987
196,-4.4932
197,-5.4145
198,-6.3623
199,-7.3357
200,-8.334
