0,16.552
1,16.55
2,16.548
3,16.546
4,16.544
5,16.543
6,16.541
7,16.539
8,16.537
9,16.535
10,16.533
11,16.532
12,16.53
13,16.528
14,16.526
15,16.524
16,16.522
17,16.521
18,16.519
19,16.517
20,16.515
21,16.513
22,16.511
23,16.51
24,16.508
25,16.506
26,16.504
27,16.502
28,16.501
29,16.499
30,16.497
31,16.495
32,16.493
33,16.491
34,16.49
35,16.488
36,16.486
37,16.484
38,16.482
39,16.48
40,16.479
41,16.477
42,16.475
43,16.473
44,16.471
45,16.469
46,16.468
47,16.466
48,16.464
49,16.462
50,16.46
51,16.458
52,16.457
53,16.455
54,16.453
55,16.451
56,16.449
57,16.447
58,16.446
59,16.444
60,16.442
61,16.44
62,16.438
63,16.436
64,16.435
65,16.433
66,16.431
67,16.429
68,16.427
69,16.425
70,16.423
71,16.422
72,16.42
73,16.418
74,16.416
75,16.414
76,16.412
77,16.411
78,16.409
79,16.407
80,16.405
81,16.403
82,16.401
83,16.399
84,16.397
85,16.395
86,16.394
87,16.392
88,16.39
89,16.388
90,16.386
91,16.384
92,16.382
93,16.38
94,16.378
95,16.376
96,16.374
97,16.372
98,16.37
99,16.368
100,16.365
101,16.363
102,16.361
103,16.359
104,16.356
105,16.354
106,16.351
107,16.349
108,16.346
109,16.344
110,16.341
111,16.338
112,16.335
113,16.332
114,16.328
115,16.325
116,16.321
117,16.317
118,16.313
119,16.309
120,16.305
121,16.3
122,16.294
123,16.289
124,16.283
125,16.276
126,16.269
127,16.262
128,16.254
129,16.245
130,16.235
131,16.225
132,16.213
133,16.201
134,16.187
135,16.172
136,16.156
137,16.138
138,16.118
139,16.096
140,16.072
141,16.046
142,16.017
143,15.985
144,15.95
145,15.912
146,15.869
147,15.822
148,15.771
149,15.714
150,15.652
151,15.583
152,15.507
153,15.424
154,15.333
155,15.233
156,15.123
157,15.002
158,14.87
159,14.726
160,14.568
161,14.396
162,14.209
163,14.005
164,13.784
165,13.544
166,13.284
167,13.003
168,12.7
169,12.374
170,12.024
171,11.649
172,11.249
173,10.821
174,10.366
175,9.8825
176,9.3705
177,8.8294
178,8.2587
179,7.6583
180,7.0279
181,6.3677
182,5.6775
183,4.9576
184,4.2082
185,3.4296
186,2.6222
187,1.7865
188,0.92294
189,0.032072
190,-0.8855
191,-1.8291
192,-2.7982
193,-3.792
194,-4.8099
195,-5.8512
196,-6.9152
197,-8.0012
198,-9.1085
199,-10.236
200,-11.384
