0,19.155
1,19.153
2,19.151
3,19.15
4,19.148
5,19.146
6,19.144
7,19.142
8,19.14
9,19.139
10,19.137
11,19.135
12,19.133
13,19.131
14,19.129
15,19.128
16,19.126
17,19.124
18,19.122
19,19.12
20,19.118
21,19.117
22,19.115
23,19.113
24,19.111
25,19.109
26,19.108
27,19.106
28,19.104
29,19.102
30,19.1
31,19.098
32,19.097
33,19.095
34,19.093
35,19.091
36,19.089
37,19.087
38,19.086
39,19.084
40,19.082
41,19.08
42,19.078
43,19.076
44,19.075
45,19.073
46,19.071
47,19.069
48,19.067
49,19.065
50,19.064
51,19.062
52,19.06
53,19.058
54,19.056
55,19.054
56,19.053
57,19.051
58,19.049
59,19.047
60,19.045
61,19.043
62,19.042
63,19.04
64,19.038
65,19.036
66,19.034
67,19.032
68,19.031
69,19.029
70,19.027
71,19.025
72,19.023
73,19.021
74,19.019
75,19.018
76,19.016
77,19.014
78,19.012
79,19.01
80,19.008
81,19.006
82,19.005
83,19.003
84,19.001
85,18.999
86,18.997
87,18.995
88,18.993
89,18.991
90,18.989
91,18.987
92,18.985
93,18.983
94,18.982
95,18.98
96,18.977
97,18.975
98,18.973
99,18.971
100,18.969
101,18.967
102,18.965
103,18.963
104,18.96
105,18.958
106,18.956
107,18.953
108,18.951
109,18.948
110,18.946
111,18.943
112,18.94
113,18.937
114,18.934
115,18.931
116,18.927
117,18.924
118,18.92
119,18.916
120,18.912
121,18.907
122,18.902
123,18.897
124,18.892
125,18.886
126,18.88
127,18.873
128,18.866
129,18.858
130,18.849
131,18.84
132,18.829
133,18.818
134,18.806
135,18.792
136,18.778
137,18.762
138,18.744
139,18.725
140,18.703
141,18.68
142,18.654
143,18.626
144,18.595
145,18.56
146,18.522
147,18.481
148,18.435
149,18.384
150,18.328
151,18.266
152,18.199
153,18.124
154,18.042
155,17.952
156,17.852
157,17.744
158,17.624
159,17.493
160,17.35
161,17.194
162,17.023
163,16.836
164,16.633
165,16.413
166,16.174
167,15.915
168,15.634
169,15.332
170,15.007
171,14.657
172,14.282
173,13.881
174,13.453
175,12.998
176,12.514
177,12.001
178,11.459
179,10.887
180,10.285
181,9.6526
182,8.9904
183,8.2981
184,7.5759
185,6.824
186,6.0427
187,5.2325
188,4.3938
189,3.5271
190,2.633
191,1.7121
192,0.76504
193,-0.20754
194,-1.205
195,-2.2265
196,-3.2715
197,-4.3392
198,-5.429
199,-6.5401
200,-7.6718
