0,26.926
1,26.924
2,26.922
3,26.92
4,26.919
5,26.917
6,26.915
7,26.913
8,26.911
9,26.909
10,26.908
11,26.906
12,26.904
13,26.902
14,26.9
15,26.898
16,26.897
17,26.895
18,26.893
19,26.891
20,26.889
21,26.887
22,26.886
23,26.884
24,26.882
25,26.88
26,26.878
27,26.876
28,26.875
29,26.873
30,26.871
31,26.869
32,26.867
33,26.865
34,26.864
35,26.862
36,26.86
37,26.858
38,26.856
39,26.854
40,26.853
41,26.851
42,26.849
43,26.847
44,26.845
45,26.843
46,26.842
47,26.84
48,26.838
49,26.836
50,26.834
51,26.832
52,26.831
53,26.829
54,26.827
55,26.825
56,26.823
57,26.821
58,26.82
59,26.818
60,26.816
61,26.814
62,26.812
63,26.81
64,26.809
65,26.807
66,26.805
67,26.803
68,26.801
69,26.799
70,26.797
71,26.796
72,26.794
73,26.792
74,26.79
75,26.788
76,26.786
77,26.784
78,26.783
79,26.781
80,26.779
81,26.777
82,26.775
83,26.773
84,26.771
85,26.769
86,26.767
87,26.765
88,26.763
89,26.761
90,26.759
91,26.757
92,26.755
93,26.753
94,26.751
95,26.749
96,26.747
97,26.745
98,26.742
99,26.74
100,26.738
101,26.735
102,26.733
103,26.73
104,26.728
105,26.725
106,26.722
107,26.719
108,26.716
109,26.713
110,26.71
111,26.706
112,26.703
113,26.699
114,26.695
115,26.691
116,26.686
117,26.681
118,26.676
119,26.67
120,26.664
121,26.658
122,26.651
123,26.643
124,26.635
125,26.626
126,26.616
127,26.606
128,26.594
129,26.581
130,26.568
131,26.553
132,26.536
133,26.518
134,26.498
135,26.476
136,26.452
137,26.425
138,26.396
139,26.364
140,26.328
141,26.289
142,26.246
143,26.199
144,26.146
145,26.089
146,26.025
147,25.956
148,25.879
149,25.795
150,25.702
151,25.6
152,25.489
153,25.366
154,25.232
155,25.086
156,24.925
157,24.751
158,24.56
159,24.353
160,24.128
161,23.884
162,23.62
163,23.334
164,23.027
165,22.696
166,22.341
167,21.96
168,21.553
169,21.119
170,20.658
171,20.168
172,19.649
173,19.101
174,18.523
175,17.915
176,17.277
177,16.609
178,15.911
179,15.184
180,14.427
181,13.64
182,12.825
183,11.982
184,11.11
185,10.212
186,9.2868
187,8.3357
188,7.3593
189,6.3583
190,5.3333
191,4.285
192,3.2142
193,2.1216
194,1.0077
195,-0.12658
196,-1.2807
197,-2.454
198,-3.6459
199,-4.8556
200,-6.0826
