0,28.433
1,28.432
2,28.43
3,28.428
4,28.426
5,28.424
6,28.422
7,28.421
8,28.419
9,28.417
10,28.415
11,28.413
12,28.411
13,28.41
14,28.408
15,28.406
16,28.404
17,28.402
18,28.4
19,28.399
20,28.397
21,28.395
22,28.393
23,28.391
24,28.389
25,28.388
26,28.386
27,28.384
28,28.382
29,28.38
30,28.378
31,28.377
32,28.375
33,28.373
34,28.371
35,28.369
36,28.367
37,28.365
38,28.363
39,28.362
40,28.36
41,28.358
42,28.356
43,28.354
44,28.352
45,28.35
46,28.348
47,28.346
48,28.344
49,28.342
50,28.341
51,28.339
52,28.337
53,28.335
54,28.333
55,28.33
56,28.328
57,28.326
58,28.324
59,28.322
60,28.32
61,28.318
62,28.315
63,28.313
64,28.311
65,28.308
66,28.306
67,28.303
68,28.301
69,28.298
70,28.295
71,28.293
72,28.29
73,28.287
74,28.283
75,28.28
76,28.277
77,28.273
78,28.269
79,28.265
80,28.261
81,28.256
82,28.252
83,28.247
84,28.241
85,28.235
86,28.229
87,28.223
88,28.215
89,28.208
90,28.2
91,28.191
92,28.181
93,28.171
94,28.16
95,28.147
96,28.134
97,28.12
98,28.104
99,28.087
100,28.069
101,28.048
102,28.026
103,28.002
104,27.976
105,27.947
106,27.916
107,27.882
108,27.844
109,27.803
110,27.758
111,27.709
112,27.656
113,27.597
114,27.533
115,27.464
116,27.387
117,27.304
118,27.213
119,27.114
120,27.006
121,26.889
122,26.761
123,26.622
124,26.472
125,26.308
126,26.131
127,25.939
128,25.732
129,25.509
130,25.268
131,25.009
132,24.73
133,24.431
134,24.112
135,23.77
136,23.406
137,23.017
138,22.605
139,22.168
140,21.704
141,21.215
142,20.699
143,20.156
144,19.586
145,18.988
146,18.363
147,17.71
148,17.029
149,16.321
150,15.586
151,14.823
152,14.033
153,13.217
154,12.375
155,11.507
156,10.614
157,9.6966
158,8.7549
159,7.7895
160,6.8012
161,5.7904
162,4.7578
163,3.7039
164,2.6294
165,1.5348
166,0.42075
167,-0.7122
168,-1.8635
169,-3.0325
170,-4.2188
171,-5.4218
172,-6.6409
173,-7.8756
174,-9.1255
175,-10.39
176,-11.669
177,-12.961
178,-14.267
179,-15.586
180,-16.917
181,-18.26
182,-19.615
183,-20.982
184,-22.359
185,-23.747
186,-25.145
187,-26.553
188,-27.971
189,-29.398
190,-30.835
191,-32.28
192,-33.734
193,-35.196
194,-36.666
195,-38.144
196,-39.629
197,-41.122
198,-42.622
199,-44.129
200,-45.643
