0,22.621
1,22.619
2,22.617
3,22.615
4,22.613
5,22.612
6,22.61
7,22.608
8,22.606
9,22.604
10,22.602
11,22.601
12,22.599
13,22.597
14,22.595
15,22.593
16,22.591
17,22.59
18,22.588
19,22.586
20,22.584
21,22.582
22,22.58
23,22.579
24,22.577
25,22.575
26,22.573
27,22.571
28,22.569
29,22.568
30,22.566
31,22.564
32,22.562
33,22.56
34,22.559
35,22.557
36,22.555
37,22.553
38,22.551
39,22.549
40,22.548
41,22.546
42,22.544
43,22.542
44,22.54
45,22.538
46,22.537
47,22.535
48,22.533
49,22.531
50,22.529
51,22.527
52,22.526
53,22.524
54,22.522
55,22.52
56,22.518
57,22.516
58,22.515
59,22.513
60,22.511
61,22.509
62,22.507
63,22.505
64,22.503
65,22.502
66,22.5
67,22.498
68,22.496
69,22.494
70,22.492
71,22.491
72,22.489
73,22.487
74,22.485
75,22.483
76,22.481
77,22.479
78,22.477
79,22.476
80,22.474
81,22.472
82,22.47
83,22.468
84,22.466
85,22.464
86,22.462
87,22.46
88,22.458
89,22.456
90,22.454
91,22.452
92,22.45
93,22.448
94,22.446
95,22.444
96,22.442
97,22.44
98,22.438
99,22.435
100,22.433
101,22.431
102,22.428
103,22.426
104,22.423
105,22.421
106,22.418
107,22.415
108,22.412
109,22.409
110,22.406
111,22.403
112,22.399
113,22.396
114,22.392
115,22.388
116,22.383
117,22.379
118,22.374
119,22.368
120,22.363
121,22.357
122,22.35
123,22.343
124,22.335
125,22.327
126,22.318
127,22.308
128,22.298
129,22.286
130,22.273
131,22.259
132,22.244
133,22.228
134,22.209
135,22.189
136,22.167
137,22.143
138,22.116
139,22.087
140,22.055
141,22.019
142,21.98
143,21.937
144,21.889
145,21.837
146,21.779
147,21.716
148,21.646
149,21.569
150,21.485
151,21.392
152,21.291
153,21.179
154,21.057
155,20.923
156,20.777
157,20.617
158,20.443
159,20.253
160,20.046
161,19.822
162,19.578
163,19.315
164,19.031
165,18.725
166,18.395
167,18.041
168,17.662
169,17.257
170,16.825
171,16.366
172,15.878
173,15.361
174,14.815
175,14.24
176,13.635
177,13
178,12.335
179,11.64
180,10.915
181,10.161
182,9.378
183,8.5661
184,7.7259
185,6.858
186,5.9628
187,5.0411
188,4.0933
189,3.1203
190,2.1226
191,1.1009
192,0.055987
193,-1.0115
194,-2.101
195,-3.2116
196,-4.3427
197,-5.4938
198,-6.664
199,-7.8527
200,-9.0594
