0,25.935
1,25.933
2,25.932
3,25.93
4,25.928
5,25.926
6,25.924
7,25.922
8,25.921
9,25.919
10,25.917
11,25.915
12,25.913
13,25.911
14,25.91
15,25.908
16,25.906
17,25.904
18,25.902
19,25.901
20,25.899
21,25.897
22,25.895
23,25.893
24,25.891
25,25.89
26,25.888
27,25.886
28,25.884
29,25.882
30,25.88
31,25.878
32,25.877
33,25.875
34,25.873
35,25.871
36,25.869
37,25.867
38,25.866
39,25.864
40,25.862
41,25.86
42,25.858
43,25.856
44,25.855
45,25.853
46,25.851
47,25.849
48,25.847
49,25.845
50,25.843
51,25.841
52,25.84
53,25.838
54,25.836
55,25.834
56,25.832
57,25.83
58,25.828
59,25.826
60,25.824
61,25.822
62,25.82
63,25.818
64,25.816
65,25.814
66,25.812
67,25.81
68,25.808
69,25.806
70,25.804
71,25.802
72,25.8
73,25.797
74,25.795
75,25.793
76,25.79
77,25.788
78,25.785
79,25.783
80,25.78
81,25.777
82,25.775
83,25.772
84,25.769
85,25.765
86,25.762
87,25.759
88,25.755
89,25.751
90,25.747
91,25.743
92,25.738
93,25.733
94,25.728
95,25.723
96,25.717
97,25.71
98,25.704
99,25.696
100,25.689
101,25.68
102,25.671
103,25.661
104,25.65
105,25.639
106,25.626
107,25.612
108,25.597
109,25.581
110,25.563
111,25.543
112,25.522
113,25.498
114,25.473
115,25.445
116,25.414
117,25.381
118,25.344
119,25.304
120,25.259
121,25.211
122,25.158
123,25.1
124,25.037
125,24.967
126,24.891
127,24.808
128,24.717
129,24.618
130,24.51
131,24.391
132,24.263
133,24.122
134,23.97
135,23.804
136,23.625
137,23.43
138,23.219
139,22.991
140,22.745
141,22.48
142,22.195
143,21.89
144,21.562
145,21.211
146,20.837
147,20.439
148,20.015
149,19.565
150,19.089
151,18.586
152,18.055
153,17.497
154,16.91
155,16.296
156,15.653
157,14.981
158,14.282
159,13.554
160,12.799
161,12.016
162,11.206
163,10.369
164,9.5061
165,8.6171
166,7.7028
167,6.7638
168,5.8006
169,4.8139
170,3.8042
171,2.7721
172,1.7183
173,0.64337
174,-0.45204
175,-1.5673
176,-2.7019
177,-3.8552
178,-5.0265
179,-6.2154
180,-7.4213
181,-8.6435
182,-9.8817
183,-11.135
184,-12.404
185,-13.686
186,-14.983
187,-16.293
188,-17.617
189,-18.952
190,-20.3
191,-21.66
192,-23.032
193,-24.414
194,-25.807
195,-27.21
196,-28.624
197,-30.047
198,-31.479
199,-32.921
200,-34.372
