0,26.802
1,26.8
2,26.799
3,26.797
4,26.795
5,26.793
6,26.791
7,26.789
8,26.788
9,26.786
10,26.784
11,26.782
12,26.78
13,26.778
14,26.777
15,26.775
16,26.773
17,26.771
18,26.769
19,26.768
20,26.766
21,26.764
22,26.762
23,26.76
24,26.758
25,26.757
26,26.755
27,26.753
28,26.751
29,26.749
30,26.747
31,26.746
32,26.744
33,26.742
34,26.74
35,26.738
36,26.736
37,26.735
38,26.733
39,26.731
40,26.729
41,26.727
42,26.725
43,26.724
44,26.722
45,26.72
46,26.718
47,26.716
48,26.714
49,26.713
50,26.711
51,26.709
52,26.707
53,26.705
54,26.703
55,26.702
56,26.7
57,26.698
58,26.696
59,26.694
60,26.692
61,26.69
62,26.689
63,26.687
64,26.685
65,26.683
66,26.681
67,26.679
68,26.677
69,26.676
70,26.674
71,26.672
72,26.67
73,26.668
74,26.666
75,26.664
76,26.662
77,26.66
78,26.659
79,26.657
80,26.655
81,26.653
82,26.651
83,26.649
84,26.647
85,26.645
86,26.643
87,26.641
88,26.639
89,26.636
90,26.634
91,26.632
92,26.63
93,26.628
94,26.625
95,26.623
96,26.62
97,26.618
98,26.615
99,26.613
100,26.61
101,26.607
102,26.604
103,26.601
104,26.598
105,26.595
106,26.591
107,26.587
108,26.583
109,26.579
110,26.575
111,26.57
112,26.565
113,26.56
114,26.554
115,26.548
116,26.541
117,26.534
118,26.526
119,26.518
120,26.509
121,26.499
122,26.488
123,26.476
124,26.464
125,26.45
126,26.434
127,26.418
128,26.399
129,26.379
130,26.357
131,26.333
132,26.306
133,26.276
134,26.244
135,26.209
136,26.169
137,26.126
138,26.079
139,26.027
140,25.97
141,25.907
142,25.838
143,25.761
144,25.678
145,25.586
146,25.486
147,25.376
148,25.255
149,25.123
150,24.979
151,24.821
152,24.649
153,24.463
154,24.259
155,24.039
156,23.8
157,23.542
158,23.263
159,22.962
160,22.639
161,22.291
162,21.92
163,21.522
164,21.099
165,20.648
166,20.169
167,19.662
168,19.126
169,18.562
170,17.967
171,17.343
172,16.69
173,16.007
174,15.294
175,14.552
176,13.781
177,12.982
178,12.154
179,11.299
180,10.416
181,9.5068
182,8.5716
183,7.611
184,6.6257
185,5.6163
186,4.5835
187,3.528
188,2.4504
189,1.3515
190,0.23183
191,-0.90783
192,-2.0669
193,-3.2447
194,-4.4406
195,-5.654
196,-6.8844
197,-8.1311
198,-9.3936
199,-10.671
200,-11.964
