0,17.018
1,17.016
2,17.014
3,17.012
4,17.01
5,17.008
6,17.007
7,17.005
8,17.003
9,17.001
10,16.999
11,16.998
12,16.996
13,16.994
14,16.992
15,16.99
16,16.988
17,16.987
18,16.985
19,16.983
20,16.981
21,16.979
22,16.977
23,16.976
24,16.974
25,16.972
26,16.97
27,16.968
28,16.966
29,16.965
30,16.963
31,16.961
32,16.959
33,16.957
34,16.955
35,16.954
36,16.952
37,16.95
38,16.948
39,16.946
40,16.944
41,16.943
42,16.941
43,16.939
44,16.937
45,16.935
46,16.933
47,16.932
48,16.93
49,16.928
50,16.926
51,16.924
52,16.922
53,16.921
54,16.919
55,16.917
56,16.915
57,16.913
58,16.911
59,16.909
60,16.908
61,16.906
62,16.904
63,16.902
64,16.9
65,16.898
66,16.897
67,16.895
68,16.893
69,16.891
70,16.889
71,16.887
72,16.885
73,16.883
74,16.881
75,16.88
76,16.878
77,16.876
78,16.874
79,16.872
80,16.87
81,16.868
82,16.866
83,16.864
84,16.862
85,16.86
86,16.858
87,16.856
88,16.854
89,16.852
90,16.849
91,16.847
92,16.845
93,16.843
94,16.84
95,16.838
96,16.835
97,16.833
98,16.83
99,16.828
100,16.825
101,16.822
102,16.819
103,16.816
104,16.812
105,16.809
106,16.805
107,16.802
108,16.798
109,16.793
110,16.789
111,16.784
112,16.779
113,16.774
114,16.768
115,16.761
116,16.755
117,16.747
118,16.74
119,16.731
120,16.722
121,16.712
122,16.701
123,16.689
124,16.676
125,16.662
126,16.646
127,16.629
128,16.611
129,16.59
130,16.568
131,16.544
132,16.517
133,16.488
134,16.455
135,16.42
136,16.381
137,16.338
138,16.291
139,16.239
140,16.182
141,16.119
142,16.051
143,15.976
144,15.893
145,15.803
146,15.703
147,15.595
148,15.476
149,15.346
150,15.205
151,15.05
152,14.882
153,14.699
154,14.5
155,14.284
156,14.051
157,13.798
158,13.526
159,13.232
160,12.917
161,12.578
162,12.215
163,11.828
164,11.414
165,10.974
166,10.507
167,10.013
168,9.4898
169,8.9383
170,8.3578
171,7.7482
172,7.1094
173,6.4414
174,5.7442
175,5.0179
176,4.263
177,3.4795
178,2.668
179,1.8289
180,0.96268
181,0.069815
182,-0.84909
183,-1.7934
184,-2.7626
185,-3.756
186,-4.7729
187,-5.8127
188,-6.8747
189,-7.9582
190,-9.0627
191,-10.187
192,-11.332
193,-12.495
194,-13.677
195,-14.876
196,-16.093
197,-17.326
198,-18.575
199,-19.84
200,-21.12
