0,14.847
1,14.845
2,14.843
3,14.841
4,14.84
5,14.838
6,14.836
7,14.834
8,14.832
9,14.83
10,14.829
11,14.827
12,14.825
13,14.823
14,14.821
15,14.819
16,14.818
17,14.816
18,14.814
19,14.812
20,14.81
21,14.808
22,14.807
23,14.805
24,14.803
25,14.801
26,14.799
27,14.797
28,14.796
29,14.794
30,14.792
31,14.79
32,14.788
33,14.786
34,14.785
35,14.783
36,14.781
37,14.779
38,14.777
39,14.775
40,14.774
41,14.772
42,14.77
43,14.768
44,14.766
45,14.764
46,14.762
47,14.761
48,14.759
49,14.757
50,14.755
51,14.753
52,14.751
53,14.749
54,14.748
55,14.746
56,14.744
57,14.742
58,14.74
59,14.738
60,14.736
61,14.734
62,14.732
63,14.73
64,14.728
65,14.726
66,14.724
67,14.722
68,14.72
69,14.718
70,14.716
71,14.714
72,14.712
73,14.71
74,14.708
75,14.706
76,14.703
77,14.701
78,14.699
79,14.696
80,14.694
81,14.691
82,14.689
83,14.686
84,14.683
85,14.681
86,14.678
87,14.675
88,14.671
89,14.668
90,14.665
91,14.661
92,14.657
93,14.653
94,14.649
95,14.644
96,14.639
97,14.634
98,14.629
99,14.623
100,14.617
101,14.61
102,14.603
103,14.595
104,14.587
105,14.577
106,14.568
107,14.557
108,14.546
109,14.533
110,14.519
111,14.504
112,14.488
113,14.471
114,14.451
115,14.43
116,14.407
117,14.382
118,14.355
119,14.325
120,14.292
121,14.256
122,14.216
123,14.173
124,14.126
125,14.074
126,14.017
127,13.956
128,13.888
129,13.814
130,13.732
131,13.644
132,13.547
133,13.442
134,13.327
135,13.201
136,13.065
137,12.916
138,12.755
139,12.58
140,12.391
141,12.185
142,11.964
143,11.725
144,11.467
145,11.19
146,10.892
147,10.573
148,10.232
149,9.867
150,9.4785
151,9.0653
152,8.6265
153,8.1618
154,7.6704
155,7.1519
156,6.6059
157,6.0322
158,5.4305
159,4.8007
160,4.1428
161,3.4568
162,2.7429
163,2.0011
164,1.2319
165,0.4355
166,-0.38772
167,-1.2373
168,-2.1129
169,-3.0138
170,-3.9396
171,-4.8898
172,-5.8637
173,-6.8607
174,-7.8803
175,-8.9218
176,-9.9847
177,-11.068
178,-12.172
179,-13.295
180,-14.437
181,-15.598
182,-16.776
183,-17.971
184,-19.183
185,-20.412
186,-21.655
187,-22.914
188,-24.188
189,-25.475
190,-26.777
191,-28.091
192,-29.419
193,-30.758
194,-32.11
195,-33.473
196,-34.848
197,-36.233
198,-37.629
199,-39.036
200,-40.452
