0,14.114
1,14.112
2,14.11
3,14.109
4,14.107
5,14.105
6,14.103
7,14.101
8,14.1
9,14.098
10,14.096
11,14.094
12,14.092
13,14.09
14,14.089
15,14.087
16,14.085
17,14.083
18,14.081
19,14.079
20,14.078
21,14.076
22,14.074
23,14.072
24,14.07
25,14.068
26,14.067
27,14.065
28,14.063
29,14.061
30,14.059
31,14.057
32,14.056
33,14.054
34,14.052
35,14.05
36,14.048
37,14.046
38,14.045
39,14.043
40,14.041
41,14.039
42,14.037
43,14.035
44,14.034
45,14.032
46,14.03
47,14.028
48,14.026
49,14.024
50,14.023
51,14.021
52,14.019
53,14.017
54,14.015
55,14.013
56,14.012
57,14.01
58,14.008
59,14.006
60,14.004
61,14.002
62,14.001
63,13.999
64,13.997
65,13.995
66,13.993
67,13.991
68,13.99
69,13.988
70,13.986
71,13.984
72,13.982
73,13.98
74,13.979
75,13.977
76,13.975
77,13.973
78,13.971
79,13.969
80,13.968
81,13.966
82,13.964
83,13.962
84,13.96
85,13.958
86,13.956
87,13.954
88,13.953
89,13.951
90,13.949
91,13.947
92,13.945
93,13.943
94,13.941
95,13.939
96,13.937
97,13.935
98,13.933
99,13.931
100,13.929
101,13.927
102,13.925
103,13.923
104,13.921
105,13.919
106,13.917
107,13.915
108,13.913
109,13.91
110,13.908
111,13.906
112,13.903
113,13.901
114,13.898
115,13.896
116,13.893
117,13.89
118,13.887
119,13.884
120,13.881
121,13.878
122,13.874
123,13.871
124,13.867
125,13.863
126,13.858
127,13.854
128,13.849
129,13.843
130,13.837
131,13.831
132,13.825
133,13.817
134,13.81
135,13.801
136,13.792
137,13.782
138,13.771
139,13.759
140,13.746
141,13.732
142,13.716
143,13.699
144,13.68
145,13.659
146,13.636
147,13.61
148,13.583
149,13.552
150,13.518
151,13.481
152,13.439
153,13.394
154,13.344
155,13.289
156,13.228
157,13.161
158,13.087
159,13.006
160,12.916
161,12.818
162,12.71
163,12.592
164,12.462
165,12.319
166,12.164
167,11.993
168,11.808
169,11.605
170,11.385
171,11.147
172,10.888
173,10.608
174,10.306
175,9.9801
176,9.6301
177,9.2548
178,8.8532
179,8.4244
180,7.9677
181,7.4824
182,6.968
183,6.424
184,5.85
185,5.2458
186,4.6113
187,3.9464
188,3.2513
189,2.526
190,1.7709
191,0.98633
192,0.17261
193,-0.66973
194,-1.5402
195,-2.4381
196,-3.363
197,-4.3141
198,-5.2908
199,-6.2924
200,-7.3181
