0,16.064
1,16.063
2,16.061
3,16.059
4,16.057
5,16.055
6,16.053
7,16.052
8,16.05
9,16.048
10,16.046
11,16.044
12,16.042
13,16.041
14,16.039
15,16.037
16,16.035
17,16.033
18,16.031
19,16.03
20,16.028
21,16.026
22,16.024
23,16.022
24,16.02
25,16.019
26,16.017
27,16.015
28,16.013
29,16.011
30,16.009
31,16.008
32,16.006
33,16.004
34,16.002
35,16
36,15.998
37,15.997
38,15.995
39,15.993
40,15.991
41,15.989
42,15.987
43,15.986
44,15.984
45,15.982
46,15.98
47,15.978
48,15.976
49,15.975
50,15.973
51,15.971
52,15.969
53,15.967
54,15.965
55,15.964
56,15.962
57,15.96
58,15.958
59,15.956
60,15.954
61,15.953
62,15.951
63,15.949
64,15.947
65,15.945
66,15.943
67,15.942
68,15.94
69,15.938
70,15.936
71,15.934
72,15.932
73,15.931
74,15.929
75,15.927
76,15.925
77,15.923
78,15.921
79,15.919
80,15.917
81,15.916
82,15.914
83,15.912
84,15.91
85,15.908
86,15.906
87,15.904
88,15.902
89,15.9
90,15.898
91,15.896
92,15.894
93,15.892
94,15.89
95,15.888
96,15.886
97,15.884
98,15.882
99,15.88
100,15.877
101,15.875
102,15.873
103,15.871
104,15.868
105,15.866
106,15.863
107,15.861
108,15.858
109,15.855
110,15.852
111,15.849
112,15.846
113,15.843
114,15.839
115,15.835
116,15.832
117,15.828
118,15.823
119,15.819
120,15.814
121,15.808
122,15.803
123,15.797
124,15.79
125,15.783
126,15.776
127,15.767
128,15.759
129,15.749
130,15.738
131,15.727
132,15.714
133,15.7
134,15.685
135,15.669
136,15.651
137,15.631
138,15.609
139,15.585
140,15.559
141,15.53
142,15.498
143,15.463
144,15.424
145,15.382
146,15.335
147,15.283
148,15.227
149,15.164
150,15.095
151,15.02
152,14.937
153,14.846
154,14.746
155,14.636
156,14.516
157,14.384
158,14.24
159,14.083
160,13.912
161,13.725
162,13.522
163,13.302
164,13.063
165,12.804
166,12.524
167,12.223
168,11.899
169,11.55
170,11.177
171,10.779
172,10.353
173,9.9003
174,9.4195
175,8.9102
176,8.3718
177,7.804
178,7.2066
179,6.5794
180,5.9223
181,5.2355
182,4.519
183,3.7731
184,2.998
185,2.1942
186,1.3621
187,0.50211
188,-0.38511
189,-1.299
190,-2.239
191,-3.2044
192,-4.1946
193,-5.2089
194,-6.2466
195,-7.3071
196,-8.3895
197,-9.4934
198,-10.618
199,-11.762
200,-12.926
