0,14.459
1,14.457
2,14.455
3,14.453
4,14.451
5,14.45
6,14.448
7,14.446
8,14.444
9,14.442
10,14.44
11,14.439
12,14.437
13,14.435
14,14.433
15,14.431
16,14.429
17,14.428
18,14.426
19,14.424
20,14.422
21,14.42
22,14.418
23,14.417
24,14.415
25,14.413
26,14.411
27,14.409
28,14.407
29,14.406
30,14.404
31,14.402
32,14.4
33,14.398
34,14.396
35,14.395
36,14.393
37,14.391
38,14.389
39,14.387
40,14.385
41,14.384
42,14.382
43,14.38
44,14.378
45,14.376
46,14.374
47,14.373
48,14.371
49,14.369
50,14.367
51,14.365
52,14.363
53,14.361
54,14.36
55,14.358
56,14.356
57,14.354
58,14.352
59,14.35
60,14.349
61,14.347
62,14.345
63,14.343
64,14.341
65,14.339
66,14.337
67,14.335
68,14.333
69,14.332
70,14.33
71,14.328
72,14.326
73,14.324
74,14.322
75,14.32
76,14.318
77,14.316
78,14.314
79,14.312
80,14.31
81,14.308
82,14.306
83,14.304
84,14.301
85,14.299
86,14.297
87,14.295
88,14.292
89,14.29
90,14.288
91,14.285
92,14.282
93,14.28
94,14.277
95,14.274
96,14.271
97,14.268
98,14.265
99,14.262
100,14.258
101,14.254
102,14.25
103,14.246
104,14.242
105,14.237
106,14.232
107,14.227
108,14.222
109,14.216
110,14.209
111,14.202
112,14.195
113,14.187
114,14.178
115,14.169
116,14.158
117,14.147
118,14.135
119,14.122
120,14.107
121,14.092
122,14.074
123,14.056
124,14.035
125,14.013
126,13.988
127,13.961
128,13.931
129,13.899
130,13.863
131,13.824
132,13.781
133,13.734
134,13.683
135,13.626
136,13.564
137,13.496
138,13.421
139,13.339
140,13.25
141,13.152
142,13.045
143,12.928
144,12.801
145,12.662
146,12.51
147,12.346
148,12.166
149,11.972
150,11.761
151,11.534
152,11.287
153,11.022
154,10.736
155,10.429
156,10.099
157,9.7466
158,9.3697
159,8.9678
160,8.5402
161,8.0862
162,7.6052
163,7.0967
164,6.5602
165,5.9954
166,5.402
167,4.7799
168,4.1291
169,3.4495
170,2.7413
171,2.0046
172,1.2397
173,0.44704
174,-0.37315
175,-1.2204
176,-2.0941
177,-2.9939
178,-3.9192
179,-4.8694
180,-5.8438
181,-6.8419
182,-7.863
183,-8.9065
184,-9.9718
185,-11.058
186,-12.165
187,-13.292
188,-14.438
189,-15.602
190,-16.785
191,-17.985
192,-19.202
193,-20.435
194,-21.684
195,-22.948
196,-24.227
197,-25.521
198,-26.828
199,-28.148
200,-29.482
