0,13.774
1,13.772
2,13.77
3,13.768
4,13.767
5,13.765
6,13.763
7,13.761
8,13.759
9,13.757
10,13.756
11,13.754
12,13.752
13,13.75
14,13.748
15,13.746
16,13.745
17,13.743
18,13.741
19,13.739
20,13.737
21,13.735
22,13.734
23,13.732
24,13.73
25,13.728
26,13.726
27,13.724
28,13.723
29,13.721
30,13.719
31,13.717
32,13.715
33,13.713
34,13.712
35,13.71
36,13.708
37,13.706
38,13.704
39,13.702
40,13.701
41,13.699
42,13.697
43,13.695
44,13.693
45,13.691
46,13.69
47,13.688
48,13.686
49,13.684
50,13.682
51,13.68
52,13.679
53,13.677
54,13.675
55,13.673
56,13.671
57,13.669
58,13.667
59,13.666
60,13.664
61,13.662
62,13.66
63,13.658
64,13.656
65,13.654
66,13.653
67,13.651
68,13.649
69,13.647
70,13.645
71,13.643
72,13.641
73,13.639
74,13.637
75,13.636
76,13.634
77,13.632
78,13.63
79,13.628
80,13.626
81,13.624
82,13.622
83,13.62
84,13.618
85,13.615
86,13.613
87,13.611
88,13.609
89,13.607
90,13.604
91,13.602
92,13.6
93,13.597
94,13.595
95,13.592
96,13.59
97,13.587
98,13.584
99,13.581
100,13.578
101,13.575
102,13.572
103,13.568
104,13.564
105,13.56
106,13.556
107,13.552
108,13.547
109,13.543
110,13.537
111,13.532
112,13.526
113,13.519
114,13.512
115,13.505
116,13.497
117,13.488
118,13.479
119,13.468
120,13.457
121,13.445
122,13.432
123,13.417
124,13.402
125,13.384
126,13.366
127,13.345
128,13.322
129,13.297
130,13.27
131,13.24
132,13.208
133,13.172
134,13.132
135,13.089
136,13.041
137,12.989
138,12.932
139,12.869
140,12.8
141,12.724
142,12.641
143,12.551
144,12.451
145,12.343
146,12.224
147,12.094
148,11.953
149,11.799
150,11.631
151,11.449
152,11.251
153,11.036
154,10.804
155,10.553
156,10.283
157,9.9917
158,9.6787
159,9.343
160,8.9837
161,8.5998
162,8.1906
163,7.7553
164,7.2932
165,6.8038
166,6.2865
167,5.7409
168,5.1667
169,4.5637
170,3.9319
171,3.271
172,2.5812
173,1.8627
174,1.1157
175,0.34034
176,-0.46288
177,-1.2936
178,-2.1513
179,-3.0356
180,-3.9458
181,-4.8815
182,-5.8419
183,-6.8265
184,-7.8347
185,-8.8657
186,-9.919
187,-10.994
188,-12.09
189,-13.206
190,-14.342
191,-15.497
192,-16.67
193,-17.862
194,-19.07
195,-20.295
196,-21.537
197,-22.794
198,-24.066
199,-25.353
200,-26.653
