0,18.273
1,18.271
2,18.269
3,18.267
4,18.265
5,18.263
6,18.262
7,18.26
8,18.258
9,18.256
10,18.254
11,18.252
12,18.251
13,18.249
14,18.247
15,18.245
16,18.243
17,18.241
18,18.24
19,18.238
20,18.236
21,18.234
22,18.232
23,18.23
24,18.229
25,18.227
26,18.225
27,18.223
28,18.221
29,18.219
30,18.218
31,18.216
32,18.214
33,18.212
34,18.21
35,18.208
36,18.207
37,18.205
38,18.203
39,18.201
40,18.199
41,18.197
42,18.196
43,18.194
44,18.192
45,18.19
46,18.188
47,18.186
48,18.184
49,18.183
50,18.181
51,18.179
52,18.177
53,18.175
54,18.173
55,18.171
56,18.17
57,18.168
58,18.166
59,18.164
60,18.162
61,18.16
62,18.158
63,18.156
64,18.154
65,18.152
66,18.15
67,18.148
68,18.146
69,18.144
70,18.142
71,18.14
72,18.138
73,18.136
74,18.134
75,18.132
76,18.13
77,18.127
78,18.125
79,18.123
80,18.12
81,18.118
82,18.115
83,18.113
84,18.11
85,18.107
86,18.104
87,18.102
88,18.098
89,18.095
90,18.092
91,18.088
92,18.085
93,18.081
94,18.077
95,18.073
96,18.068
97,18.063
98,18.058
99,18.053
100,18.047
101,18.04
102,18.034
103,18.026
104,18.018
105,18.01
106,18.001
107,17.991
108,17.98
109,17.968
110,17.956
111,17.942
112,17.927
113,17.91
114,17.893
115,17.873
116,17.852
117,17.828
118,17.803
119,17.774
120,17.744
121,17.71
122,17.673
123,17.633
124,17.589
125,17.541
126,17.488
127,17.43
128,17.366
129,17.296
130,17.22
131,17.137
132,17.046
133,16.947
134,16.838
135,16.72
136,16.591
137,16.451
138,16.298
139,16.132
140,15.952
141,15.757
142,15.546
143,15.318
144,15.072
145,14.807
146,14.522
147,14.216
148,13.888
149,13.537
150,13.163
151,12.764
152,12.34
153,11.89
154,11.413
155,10.91
156,10.379
157,9.8201
158,9.2333
159,8.6183
160,7.975
161,7.3035
162,6.6037
163,5.8758
164,5.1201
165,4.3369
166,3.5265
167,2.6894
168,1.8259
169,0.93664
170,0.02208
171,-0.91722
172,-1.8807
173,-2.8677
174,-3.8777
175,-4.91
176,-5.9641
177,-7.0392
178,-8.1349
179,-9.2504
180,-10.385
181,-11.539
182,-12.71
183,-13.899
184,-15.105
185,-16.328
186,-17.566
187,-18.82
188,-20.088
189,-21.371
190,-22.668
191,-23.979
192,-25.302
193,-26.638
194,-27.986
195,-29.346
196,-30.717
197,-32.1
198,-33.493
199,-34.897
200,-36.31
