0,16.069
1,16.068
2,16.066
3,16.064
4,16.062
5,16.06
6,16.058
7,16.057
8,16.055
9,16.053
10,16.051
11,16.049
12,16.048
13,16.046
14,16.044
15,16.042
16,16.04
17,16.038
18,16.037
19,16.035
20,16.033
21,16.031
22,16.029
23,16.027
24,16.026
25,16.024
26,16.022
27,16.02
28,16.018
29,16.016
30,16.015
31,16.013
32,16.011
33,16.009
34,16.007
35,16.005
36,16.004
37,16.002
38,16
39,15.998
40,15.996
41,15.994
42,15.993
43,15.991
44,15.989
45,15.987
46,15.985
47,15.983
48,15.982
49,15.98
50,15.978
51,15.976
52,15.974
53,15.972
54,15.97
55,15.969
56,15.967
57,15.965
58,15.963
59,15.961
60,15.959
61,15.958
62,15.956
63,15.954
64,15.952
65,15.95
66,15.948
67,15.946
68,15.944
69,15.943
70,15.941
71,15.939
72,15.937
73,15.935
74,15.933
75,15.931
76,15.929
77,15.927
78,15.925
79,15.923
80,15.921
81,15.919
82,15.917
83,15.915
84,15.913
85,15.911
86,15.909
87,15.906
88,15.904
89,15.902
90,15.9
91,15.897
92,15.895
93,15.892
94,15.89
95,15.887
96,15.884
97,15.881
98,15.878
99,15.875
100,15.872
101,15.869
102,15.865
103,15.861
104,15.858
105,15.853
106,15.849
107,15.844
108,15.839
109,15.834
110,15.828
111,15.822
112,15.816
113,15.809
114,15.801
115,15.793
116,15.784
117,15.775
118,15.764
119,15.753
120,15.74
121,15.727
122,15.712
123,15.696
124,15.679
125,15.659
126,15.638
127,15.615
128,15.59
129,15.562
130,15.532
131,15.499
132,15.462
133,15.422
134,15.378
135,15.329
136,15.276
137,15.218
138,15.154
139,15.083
140,15.006
141,14.922
142,14.83
143,14.729
144,14.618
145,14.497
146,14.365
147,14.222
148,14.065
149,13.894
150,13.709
151,13.508
152,13.29
153,13.055
154,12.8
155,12.526
156,12.23
157,11.913
158,11.573
159,11.209
160,10.82
161,10.406
162,9.9652
163,9.4978
164,9.003
165,8.4802
166,7.9291
167,7.3493
168,6.7407
169,6.1032
170,5.4367
171,4.7413
172,4.0172
173,3.2646
174,2.4838
175,1.6752
176,0.83919
177,-0.023764
178,-0.91313
179,-1.8284
180,-2.7689
181,-3.7341
182,-4.7233
183,-5.736
184,-6.7714
185,-7.829
186,-8.9081
187,-10.008
188,-11.128
189,-12.268
190,-13.426
191,-14.603
192,-15.798
193,-17.01
194,-18.238
195,-19.483
196,-20.743
197,-22.018
198,-23.307
199,-24.611
200,-25.928
