0,15.51
1,15.509
2,15.507
3,15.505
4,15.503
5,15.501
6,15.499
7,15.498
8,15.496
9,15.494
10,15.492
11,15.49
12,15.488
13,15.487
14,15.485
15,15.483
16,15.481
17,15.479
18,15.477
19,15.476
20,15.474
21,15.472
22,15.47
23,15.468
24,15.466
25,15.465
26,15.463
27,15.461
28,15.459
29,15.457
30,15.456
31,15.454
32,15.452
33,15.45
34,15.448
35,15.446
36,15.445
37,15.443
38,15.441
39,15.439
40,15.437
41,15.435
42,15.434
43,15.432
44,15.43
45,15.428
46,15.426
47,15.424
48,15.423
49,15.421
50,15.419
51,15.417
52,15.415
53,15.413
54,15.412
55,15.41
56,15.408
57,15.406
58,15.404
59,15.402
60,15.401
61,15.399
62,15.397
63,15.395
64,15.393
65,15.391
66,15.39
67,15.388
68,15.386
69,15.384
70,15.382
71,15.38
72,15.378
73,15.377
74,15.375
75,15.373
76,15.371
77,15.369
78,15.367
79,15.365
80,15.364
81,15.362
82,15.36
83,15.358
84,15.356
85,15.354
86,15.352
87,15.35
88,15.348
89,15.346
90,15.344
91,15.342
92,15.34
93,15.338
94,15.336
95,15.334
96,15.332
97,15.33
98,15.328
99,15.326
100,15.324
101,15.321
102,15.319
103,15.317
104,15.314
105,15.312
106,15.309
107,15.307
108,15.304
109,15.301
110,15.299
111,15.296
112,15.292
113,15.289
114,15.286
115,15.282
116,15.278
117,15.274
118,15.27
119,15.266
120,15.261
121,15.256
122,15.25
123,15.244
124,15.238
125,15.231
126,15.223
127,15.215
128,15.207
129,15.197
130,15.187
131,15.176
132,15.163
133,15.15
134,15.135
135,15.119
136,15.102
137,15.082
138,15.061
139,15.038
140,15.012
141,14.984
142,14.953
143,14.919
144,14.881
145,14.84
146,14.794
147,14.744
148,14.689
149,14.628
150,14.561
151,14.488
152,14.407
153,14.319
154,14.221
155,14.114
156,13.997
157,13.869
158,13.729
159,13.576
160,13.408
161,13.226
162,13.028
163,12.813
164,12.579
165,12.326
166,12.053
167,11.758
168,11.44
169,11.099
170,10.733
171,10.342
172,9.9241
173,9.4793
174,9.0066
175,8.5055
176,7.9756
177,7.4163
178,6.8274
179,6.2088
180,5.5604
181,4.8821
182,4.1741
183,3.4367
184,2.67
185,1.8744
186,1.0504
187,0.1984
188,-0.68101
189,-1.5873
190,-2.5198
191,-3.478
192,-4.4611
193,-5.4685
194,-6.4996
195,-7.5535
196,-8.6297
197,-9.7274
198,-10.846
199,-11.985
200,-13.143
