0,26.244
1,26.242
2,26.24
3,26.238
4,26.237
5,26.235
6,26.233
7,26.231
8,26.229
9,26.227
10,26.226
11,26.224
12,26.222
13,26.22
14,26.218
15,26.216
16,26.215
17,26.213
18,26.211
19,26.209
20,26.207
21,26.205
22,26.204
23,26.202
24,26.2
25,26.198
26,26.196
27,26.194
28,26.193
29,26.191
30,26.189
31,26.187
32,26.185
33,26.183
34,26.182
35,26.18
36,26.178
37,26.176
38,26.174
39,26.172
40,26.171
41,26.169
42,26.167
43,26.165
44,26.163
45,26.161
46,26.16
47,26.158
48,26.156
49,26.154
50,26.152
51,26.15
52,26.149
53,26.147
54,26.145
55,26.143
56,26.141
57,26.139
58,26.138
59,26.136
60,26.134
61,26.132
62,26.13
63,26.128
64,26.127
65,26.125
66,26.123
67,26.121
68,26.119
69,26.117
70,26.115
71,26.113
72,26.112
73,26.11
74,26.108
75,26.106
76,26.104
77,26.102
78,26.1
79,26.098
80,26.096
81,26.094
82,26.092
83,26.09
84,26.088
85,26.086
86,26.084
87,26.082
88,26.08
89,26.078
90,26.076
91,26.074
92,26.072
93,26.069
94,26.067
95,26.065
96,26.062
97,26.06
98,26.057
99,26.055
100,26.052
101,26.049
102,26.046
103,26.043
104,26.04
105,26.037
106,26.033
107,26.029
108,26.026
109,26.022
110,26.017
111,26.013
112,26.008
113,26.002
114,25.997
115,25.991
116,25.984
117,25.977
118,25.97
119,25.962
120,25.953
121,25.943
122,25.933
123,25.921
124,25.909
125,25.895
126,25.88
127,25.864
128,25.846
129,25.826
130,25.805
131,25.781
132,25.755
133,25.726
134,25.695
135,25.66
136,25.622
137,25.58
138,25.534
139,25.484
140,25.428
141,25.367
142,25.299
143,25.225
144,25.144
145,25.055
146,24.957
147,24.85
148,24.732
149,24.604
150,24.463
151,24.309
152,24.142
153,23.96
154,23.761
155,23.546
156,23.313
157,23.06
158,22.787
159,22.493
160,22.176
161,21.836
162,21.471
163,21.082
164,20.666
165,20.223
166,19.752
167,19.254
168,18.726
169,18.17
170,17.584
171,16.969
172,16.324
173,15.649
174,14.945
175,14.212
176,13.449
177,12.658
178,11.839
179,10.991
180,10.116
181,9.2149
182,8.2872
183,7.3339
184,6.3557
185,5.3532
186,4.3271
187,3.2781
188,2.2069
189,1.1141
190,0.00041766
191,-1.1335
192,-2.287
193,-3.4594
194,-4.6501
195,-5.8585
196,-7.084
197,-8.326
198,-9.584
199,-10.857
200,-12.146
