0,27.495
1,27.493
2,27.491
3,27.49
4,27.488
5,27.486
6,27.484
7,27.482
8,27.48
9,27.479
10,27.477
11,27.475
12,27.473
13,27.471
14,27.469
15,27.468
16,27.466
17,27.464
18,27.462
19,27.46
20,27.458
21,27.457
22,27.455
23,27.453
24,27.451
25,27.449
26,27.447
27,27.446
28,27.444
29,27.442
30,27.44
31,27.438
32,27.436
33,27.435
34,27.433
35,27.431
36,27.429
37,27.427
38,27.425
39,27.424
40,27.422
41,27.42
42,27.418
43,27.416
44,27.414
45,27.412
46,27.411
47,27.409
48,27.407
49,27.405
50,27.403
51,27.401
52,27.399
53,27.398
54,27.396
55,27.394
56,27.392
57,27.39
58,27.388
59,27.386
60,27.384
61,27.382
62,27.38
63,27.378
64,27.376
65,27.375
66,27.373
67,27.37
68,27.368
69,27.366
70,27.364
71,27.362
72,27.36
73,27.358
74,27.356
75,27.353
76,27.351
77,27.349
78,27.346
79,27.344
80,27.342
81,27.339
82,27.336
83,27.334
84,27.331
85,27.328
86,27.325
87,27.321
88,27.318
89,27.315
90,27.311
91,27.307
92,27.303
93,27.299
94,27.294
95,27.289
96,27.284
97,27.279
98,27.273
99,27.266
100,27.259
101,27.252
102,27.244
103,27.236
104,27.226
105,27.216
106,27.205
107,27.193
108,27.181
109,27.167
110,27.151
111,27.134
112,27.116
113,27.096
114,27.074
115,27.051
116,27.024
117,26.996
118,26.964
119,26.93
120,26.892
121,26.851
122,26.806
123,26.756
124,26.702
125,26.642
126,26.577
127,26.506
128,26.427
129,26.342
130,26.248
131,26.146
132,26.034
133,25.912
134,25.78
135,25.635
136,25.478
137,25.307
138,25.121
139,24.92
140,24.703
141,24.468
142,24.214
143,23.941
144,23.648
145,23.333
146,22.995
147,22.634
148,22.249
149,21.839
150,21.404
151,20.942
152,20.453
153,19.936
154,19.392
155,18.82
156,18.219
157,17.59
158,16.933
159,16.247
160,15.533
161,14.79
162,14.02
163,13.222
164,12.397
165,11.546
166,10.668
167,9.7645
168,8.8359
169,7.8826
170,6.9055
171,5.9049
172,4.8816
173,3.8362
174,2.7693
175,1.6815
176,0.57353
177,-0.5541
178,-1.7008
179,-2.8658
180,-4.0487
181,-5.2489
182,-6.4658
183,-7.6989
184,-8.9476
185,-10.211
186,-11.49
187,-12.782
188,-14.089
189,-15.408
190,-16.741
191,-18.085
192,-19.442
193,-20.81
194,-22.19
195,-23.58
196,-24.981
197,-26.392
198,-27.813
199,-29.244
200,-30.684
