0,28.4
1,28.398
2,28.396
3,28.394
4,28.392
5,28.39
6,28.389
7,28.387
8,28.385
9,28.383
10,28.381
11,28.379
12,28.378
13,28.376
14,28.374
15,28.372
16,28.37
17,28.368
18,28.367
19,28.365
20,28.363
21,28.361
22,28.359
23,28.357
24,28.356
25,28.354
26,28.352
27,28.35
28,28.348
29,28.346
30,28.345
31,28.343
32,28.341
33,28.339
34,28.337
35,28.335
36,28.333
37,28.332
38,28.33
39,28.328
40,28.326
41,28.324
42,28.322
43,28.321
44,28.319
45,28.317
46,28.315
47,28.313
48,28.311
49,28.309
50,28.307
51,28.306
52,28.304
53,28.302
54,28.3
55,28.298
56,28.296
57,28.294
58,28.292
59,28.29
60,28.288
61,28.286
62,28.284
63,28.282
64,28.28
65,28.278
66,28.276
67,28.274
68,28.272
69,28.269
70,28.267
71,28.265
72,28.263
73,28.26
74,28.258
75,28.255
76,28.253
77,28.25
78,28.247
79,28.245
80,28.242
81,28.239
82,28.236
83,28.232
84,28.229
85,28.225
86,28.221
87,28.217
88,28.213
89,28.209
90,28.204
91,28.199
92,28.194
93,28.188
94,28.182
95,28.175
96,28.168
97,28.16
98,28.152
99,28.143
100,28.134
101,28.123
102,28.112
103,28.1
104,28.086
105,28.072
106,28.056
107,28.039
108,28.02
109,27.999
110,27.977
111,27.952
112,27.925
113,27.896
114,27.864
115,27.828
116,27.79
117,27.747
118,27.701
119,27.65
120,27.595
121,27.534
122,27.467
123,27.394
124,27.314
125,27.227
126,27.132
127,27.028
128,26.915
129,26.792
130,26.657
131,26.511
132,26.352
133,26.179
134,25.992
135,25.789
136,25.57
137,25.334
138,25.079
139,24.804
140,24.51
141,24.194
142,23.855
143,23.494
144,23.108
145,22.698
146,22.263
147,21.801
148,21.313
149,20.797
150,20.254
151,19.684
152,19.085
153,18.458
154,17.803
155,17.119
156,16.408
157,15.668
158,14.901
159,14.107
160,13.286
161,12.438
162,11.565
163,10.665
164,9.7411
165,8.7924
166,7.8199
167,6.8241
168,5.8056
169,4.7651
170,3.7032
171,2.6205
172,1.5175
173,0.395
174,-0.74652
175,-1.9065
176,-3.0842
177,-4.2793
178,-5.491
179,-6.7189
180,-7.9625
181,-9.2213
182,-10.495
183,-11.782
184,-13.084
185,-14.398
186,-15.726
187,-17.065
188,-18.417
189,-19.781
190,-21.156
191,-22.541
192,-23.938
193,-25.344
194,-26.76
195,-28.187
196,-29.622
197,-31.066
198,-32.519
199,-33.981
200,-35.451
