0,16.708
1,16.706
2,16.704
3,16.702
4,16.7
5,16.699
6,16.697
7,16.695
8,16.693
9,16.691
10,16.689
11,16.688
12,16.686
13,16.684
14,16.682
15,16.68
16,16.678
17,16.677
18,16.675
19,16.673
20,16.671
21,16.669
22,16.667
23,16.666
24,16.664
25,16.662
26,16.66
27,16.658
28,16.656
29,16.655
30,16.653
31,16.651
32,16.649
33,16.647
34,16.645
35,16.644
36,16.642
37,16.64
38,16.638
39,16.636
40,16.634
41,16.633
42,16.631
43,16.629
44,16.627
45,16.625
46,16.623
47,16.622
48,16.62
49,16.618
50,16.616
51,16.614
52,16.612
53,16.611
54,16.609
55,16.607
56,16.605
57,16.603
58,16.601
59,16.599
60,16.598
61,16.596
62,16.594
63,16.592
64,16.59
65,16.588
66,16.586
67,16.584
68,16.583
69,16.581
70,16.579
71,16.577
72,16.575
73,16.573
74,16.571
75,16.569
76,16.567
77,16.565
78,16.563
79,16.561
80,16.559
81,16.557
82,16.555
83,16.553
84,16.551
85,16.548
86,16.546
87,16.544
88,16.542
89,16.539
90,16.537
91,16.534
92,16.532
93,16.529
94,16.526
95,16.523
96,16.521
97,16.518
98,16.514
99,16.511
100,16.508
101,16.504
102,16.5
103,16.496
104,16.492
105,16.487
106,16.482
107,16.477
108,16.471
109,16.466
110,16.459
111,16.452
112,16.445
113,16.437
114,16.428
115,16.419
116,16.409
117,16.398
118,16.386
119,16.373
120,16.359
121,16.343
122,16.326
123,16.307
124,16.287
125,16.265
126,16.24
127,16.214
128,16.184
129,16.152
130,16.117
131,16.078
132,16.036
133,15.989
134,15.938
135,15.882
136,15.82
137,15.753
138,15.678
139,15.597
140,15.508
141,15.411
142,15.305
143,15.189
144,15.062
145,14.923
146,14.772
147,14.608
148,14.43
149,14.236
150,14.026
151,13.799
152,13.553
153,13.288
154,13.003
155,12.696
156,12.367
157,12.015
158,11.638
159,11.236
160,10.809
161,10.355
162,9.8739
163,9.3652
164,8.8285
165,8.2633
166,7.6695
167,7.0469
168,6.3955
169,5.7152
170,5.0061
171,4.2686
172,3.5028
173,2.709
174,1.8877
175,1.0393
176,0.16423
177,-0.73688
178,-1.6635
179,-2.6151
180,-3.591
181,-4.5906
182,-5.6132
183,-6.6583
184,-7.7252
185,-8.8132
186,-9.9217
187,-11.05
188,-12.198
189,-13.364
190,-14.548
191,-15.75
192,-16.968
193,-18.203
194,-19.454
195,-20.72
196,-22.001
197,-23.296
198,-24.604
199,-25.926
200,-27.261
