0,20.116
1,20.115
2,20.113
3,20.111
4,20.109
5,20.107
6,20.105
7,20.104
8,20.102
9,20.1
10,20.098
11,20.096
12,20.094
13,20.093
14,20.091
15,20.089
16,20.087
17,20.085
18,20.083
19,20.082
20,20.08
21,20.078
22,20.076
23,20.074
24,20.072
25,20.071
26,20.069
27,20.067
28,20.065
29,20.063
30,20.061
31,20.06
32,20.058
33,20.056
34,20.054
35,20.052
36,20.05
37,20.049
38,20.047
39,20.045
40,20.043
41,20.041
42,20.039
43,20.037
44,20.036
45,20.034
46,20.032
47,20.03
48,20.028
49,20.026
50,20.024
51,20.023
52,20.021
53,20.019
54,20.017
55,20.015
56,20.013
57,20.011
58,20.009
59,20.007
60,20.005
61,20.004
62,20.002
63,20
64,19.998
65,19.996
66,19.994
67,19.992
68,19.99
69,19.988
70,19.985
71,19.983
72,19.981
73,19.979
74,19.977
75,19.975
76,19.972
77,19.97
78,19.967
79,19.965
80,19.962
81,19.96
82,19.957
83,19.954
84,19.951
85,19.949
86,19.945
87,19.942
88,19.939
89,19.935
90,19.932
91,19.928
92,19.923
93,19.919
94,19.914
95,19.91
96,19.904
97,19.899
98,19.893
99,19.886
100,19.879
101,19.872
102,19.864
103,19.855
104,19.846
105,19.836
106,19.825
107,19.813
108,19.8
109,19.786
110,19.77
111,19.753
112,19.735
113,19.715
114,19.693
115,19.669
116,19.643
117,19.614
118,19.583
119,19.549
120,19.511
121,19.47
122,19.425
123,19.375
124,19.321
125,19.262
126,19.197
127,19.126
128,19.049
129,18.964
130,18.872
131,18.771
132,18.66
133,18.54
134,18.409
135,18.266
136,18.111
137,17.943
138,17.761
139,17.563
140,17.349
141,17.118
142,16.869
143,16.601
144,16.313
145,16.003
146,15.672
147,15.318
148,14.94
149,14.538
150,14.11
151,13.657
152,13.177
153,12.67
154,12.135
155,11.573
156,10.983
157,10.365
158,9.7185
159,9.0439
160,8.3412
161,7.6105
162,6.8521
163,6.0663
164,5.2535
165,4.414
166,3.5483
167,2.657
168,1.7404
169,0.7993
170,-0.16587
171,-1.1545
172,-2.166
173,-3.1997
174,-4.255
175,-5.3313
176,-6.428
177,-7.5445
178,-8.6802
179,-9.8344
180,-11.007
181,-12.196
182,-13.403
183,-14.626
184,-15.865
185,-17.119
186,-18.388
187,-19.671
188,-20.968
189,-22.279
190,-23.602
191,-24.938
192,-26.286
193,-27.646
194,-29.017
195,-30.4
196,-31.793
197,-33.196
198,-34.61
199,-36.033
200,-37.465
