0,25.526
1,25.525
2,25.523
3,25.521
4,25.519
5,25.517
6,25.515
7,25.514
8,25.512
9,25.51
10,25.508
11,25.506
12,25.504
13,25.503
14,25.501
15,25.499
16,25.497
17,25.495
18,25.494
19,25.492
20,25.49
21,25.488
22,25.486
23,25.484
24,25.483
25,25.481
26,25.479
27,25.477
28,25.475
29,25.473
30,25.472
31,25.47
32,25.468
33,25.466
34,25.464
35,25.462
36,25.461
37,25.459
38,25.457
39,25.455
40,25.453
41,25.451
42,25.45
43,25.448
44,25.446
45,25.444
46,25.442
47,25.44
48,25.439
49,25.437
50,25.435
51,25.433
52,25.431
53,25.429
54,25.427
55,25.426
56,25.424
57,25.422
58,25.42
59,25.418
60,25.416
61,25.415
62,25.413
63,25.411
64,25.409
65,25.407
66,25.405
67,25.403
68,25.401
69,25.399
70,25.398
71,25.396
72,25.394
73,25.392
74,25.39
75,25.388
76,25.386
77,25.384
78,25.382
79,25.38
80,25.378
81,25.376
82,25.374
83,25.372
84,25.37
85,25.368
86,25.365
87,25.363
88,25.361
89,25.359
90,25.356
91,25.354
92,25.351
93,25.349
94,25.346
95,25.343
96,25.34
97,25.338
98,25.334
99,25.331
100,25.328
101,25.324
102,25.321
103,25.317
104,25.313
105,25.308
106,25.304
107,25.299
108,25.294
109,25.288
110,25.282
111,25.276
112,25.269
113,25.261
114,25.253
115,25.244
116,25.234
117,25.224
118,25.213
119,25.2
120,25.187
121,25.172
122,25.156
123,25.139
124,25.119
125,25.098
126,25.075
127,25.05
128,25.022
129,24.991
130,24.957
131,24.92
132,24.88
133,24.835
134,24.786
135,24.732
136,24.673
137,24.608
138,24.536
139,24.458
140,24.372
141,24.278
142,24.175
143,24.062
144,23.939
145,23.804
146,23.657
147,23.497
148,23.322
149,23.132
150,22.927
151,22.703
152,22.462
153,22.201
154,21.919
155,21.616
156,21.291
157,20.942
158,20.569
159,20.17
160,19.746
161,19.294
162,18.816
163,18.309
164,17.774
165,17.21
166,16.617
167,15.995
168,15.343
169,14.663
170,13.953
171,13.215
172,12.447
173,11.652
174,10.829
175,9.9777
176,9.1
177,8.1959
178,7.266
179,6.3109
180,5.3313
181,4.3277
182,3.3009
183,2.2516
184,1.1802
185,0.087626
186,-1.0256
187,-2.1588
188,-3.3113
189,-4.4826
190,-5.6719
191,-6.8788
192,-8.1026
193,-9.3427
194,-10.599
195,-11.87
196,-13.156
197,-14.456
198,-15.77
199,-17.098
200,-18.438
