0,12.089
1,12.087
2,12.086
3,12.084
4,12.082
5,12.08
6,12.078
7,12.076
8,12.075
9,12.073
10,12.071
11,12.069
12,12.067
13,12.065
14,12.064
15,12.062
16,12.06
17,12.058
18,12.056
19,12.054
20,12.053
21,12.051
22,12.049
23,12.047
24,12.045
25,12.043
26,12.042
27,12.04
28,12.038
29,12.036
30,12.034
31,12.032
32,12.031
33,12.029
34,12.027
35,12.025
36,12.023
37,12.021
38,12.02
39,12.018
40,12.016
41,12.014
42,12.012
43,12.01
44,12.009
45,12.007
46,12.005
47,12.003
48,12.001
49,11.999
50,11.998
51,11.996
52,11.994
53,11.992
54,11.99
55,11.988
56,11.987
57,11.985
58,11.983
59,11.981
60,11.979
61,11.977
62,11.976
63,11.974
64,11.972
65,11.97
66,11.968
67,11.966
68,11.965
69,11.963
70,11.961
71,11.959
72,11.957
73,11.955
74,11.954
75,11.952
76,11.95
77,11.948
78,11.946
79,11.944
80,11.942
81,11.941
82,11.939
83,11.937
84,11.935
85,11.933
86,11.931
87,11.929
88,11.927
89,11.926
90,11.924
91,11.922
92,11.92
93,11.918
94,11.916
95,11.914
96,11.912
97,11.91
98,11.908
99,11.906
100,11.904
101,11.902
102,11.9
103,11.897
104,11.895
105,11.893
106,11.891
107,11.889
108,11.886
109,11.884
110,11.881
111,11.879
112,11.876
113,11.873
114,11.871
115,11.868
116,11.865
117,11.861
118,11.858
119,11.855
120,11.851
121,11.847
122,11.843
123,11.838
124,11.834
125,11.829
126,11.823
127,11.818
128,11.812
129,11.805
130,11.798
131,11.79
132,11.782
133,11.772
134,11.763
135,11.752
136,11.74
137,11.727
138,11.713
139,11.697
140,11.68
141,11.662
142,11.641
143,11.618
144,11.594
145,11.566
146,11.536
147,11.503
148,11.467
149,11.427
150,11.382
151,11.334
152,11.28
153,11.221
154,11.156
155,11.084
156,11.006
157,10.919
158,10.824
159,10.719
160,10.605
161,10.479
162,10.342
163,10.192
164,10.027
165,9.8484
166,9.6535
167,9.4414
168,9.2112
169,8.9618
170,8.6919
171,8.4006
172,8.0866
173,7.749
174,7.3868
175,6.999
176,6.5848
177,6.1433
178,5.6739
179,5.176
180,4.649
181,4.0925
182,3.5063
183,2.8901
184,2.2439
185,1.5677
186,0.86152
187,0.12564
188,-0.63967
189,-1.4341
190,-2.2571
191,-3.1083
192,-3.9872
193,-4.8931
194,-5.8255
195,-6.7837
196,-7.7669
197,-8.7747
198,-9.8062
199,-10.861
200,-11.938
