0,24.622
1,24.62
2,24.618
3,24.616
4,24.614
5,24.613
6,24.611
7,24.609
8,24.607
9,24.605
10,24.603
11,24.602
12,24.6
13,24.598
14,24.596
15,24.594
16,24.592
17,24.591
18,24.589
19,24.587
20,24.585
21,24.583
22,24.581
23,24.58
24,24.578
25,24.576
26,24.574
27,24.572
28,24.57
29,24.569
30,24.567
31,24.565
32,24.563
33,24.561
34,24.559
35,24.557
36,24.556
37,24.554
38,24.552
39,24.55
40,24.548
41,24.546
42,24.544
43,24.543
44,24.541
45,24.539
46,24.537
47,24.535
48,24.533
49,24.531
50,24.529
51,24.527
52,24.526
53,24.524
54,24.522
55,24.52
56,24.518
57,24.516
58,24.514
59,24.512
60,24.51
61,24.508
62,24.505
63,24.503
64,24.501
65,24.499
66,24.497
67,24.495
68,24.492
69,24.49
70,24.487
71,24.485
72,24.482
73,24.48
74,24.477
75,24.474
76,24.472
77,24.469
78,24.465
79,24.462
80,24.459
81,24.455
82,24.452
83,24.448
84,24.444
85,24.439
86,24.435
87,24.43
88,24.425
89,24.419
90,24.413
91,24.407
92,24.4
93,24.393
94,24.385
95,24.377
96,24.368
97,24.358
98,24.347
99,24.336
100,24.323
101,24.309
102,24.294
103,24.278
104,24.261
105,24.241
106,24.22
107,24.198
108,24.173
109,24.145
110,24.115
111,24.083
112,24.047
113,24.008
114,23.965
115,23.918
116,23.867
117,23.811
118,23.75
119,23.683
120,23.61
121,23.53
122,23.443
123,23.348
124,23.244
125,23.131
126,23.008
127,22.874
128,22.729
129,22.571
130,22.4
131,22.214
132,22.013
133,21.796
134,21.563
135,21.311
136,21.04
137,20.749
138,20.437
139,20.103
140,19.747
141,19.367
142,18.963
143,18.534
144,18.08
145,17.599
146,17.092
147,16.557
148,15.996
149,15.406
150,14.789
151,14.144
152,13.471
153,12.771
154,12.042
155,11.287
156,10.504
157,9.6944
158,8.8586
159,7.9968
160,7.1096
161,6.1975
162,5.2609
163,4.3005
164,3.3169
165,2.3105
166,1.2821
167,0.23215
168,-0.83868
169,-1.9298
170,-3.0406
171,-4.1706
172,-5.3191
173,-6.4855
174,-7.6693
175,-8.87
176,-10.087
177,-11.32
178,-12.568
179,-13.831
180,-15.108
181,-16.4
182,-17.704
183,-19.022
184,-20.352
185,-21.694
186,-23.049
187,-24.414
188,-25.791
189,-27.178
190,-28.576
191,-29.984
192,-31.402
193,-32.829
194,-34.265
195,-35.71
196,-37.164
197,-38.626
198,-40.096
199,-41.574
200,-43.059
