0,12.284
1,12.283
2,12.281
3,12.279
4,12.277
5,12.275
6,12.273
7,12.272
8,12.27
9,12.268
10,12.266
11,12.264
12,12.262
13,12.261
14,12.259
15,12.257
16,12.255
17,12.253
18,12.251
19,12.25
20,12.248
21,12.246
22,12.244
23,12.242
24,12.24
25,12.239
26,12.237
27,12.235
28,12.233
29,12.231
30,12.229
31,12.228
32,12.226
33,12.224
34,12.222
35,12.22
36,12.218
37,12.217
38,12.215
39,12.213
40,12.211
41,12.209
42,12.207
43,12.206
44,12.204
45,12.202
46,12.2
47,12.198
48,12.196
49,12.195
50,12.193
51,12.191
52,12.189
53,12.187
54,12.185
55,12.184
56,12.182
57,12.18
58,12.178
59,12.176
60,12.174
61,12.173
62,12.171
63,12.169
64,12.167
65,12.165
66,12.163
67,12.162
68,12.16
69,12.158
70,12.156
71,12.154
72,12.152
73,12.15
74,12.149
75,12.147
76,12.145
77,12.143
78,12.141
79,12.139
80,12.137
81,12.136
82,12.134
83,12.132
84,12.13
85,12.128
86,12.126
87,12.124
88,12.122
89,12.12
90,12.118
91,12.116
92,12.114
93,12.112
94,12.11
95,12.108
96,12.106
97,12.104
98,12.102
99,12.099
100,12.097
101,12.095
102,12.092
103,12.09
104,12.088
105,12.085
106,12.082
107,12.08
108,12.077
109,12.074
110,12.071
111,12.068
112,12.065
113,12.061
114,12.058
115,12.054
116,12.05
117,12.046
118,12.041
119,12.036
120,12.031
121,12.026
122,12.02
123,12.013
124,12.006
125,11.999
126,11.991
127,11.982
128,11.973
129,11.963
130,11.951
131,11.939
132,11.926
133,11.911
134,11.895
135,11.878
136,11.859
137,11.838
138,11.815
139,11.789
140,11.761
141,11.731
142,11.697
143,11.66
144,11.619
145,11.574
146,11.525
147,11.471
148,11.411
149,11.345
150,11.273
151,11.194
152,11.107
153,11.011
154,10.906
155,10.792
156,10.666
157,10.529
158,10.379
159,10.215
160,10.037
161,9.8428
162,9.6322
163,9.4036
164,9.1562
165,8.8888
166,8.6003
167,8.2896
168,7.9558
169,7.5979
170,7.2149
171,6.8059
172,6.3703
173,5.9072
174,5.4161
175,4.8964
176,4.3478
177,3.7698
178,3.1624
179,2.5254
180,1.8587
181,1.1624
182,0.43681
183,-0.31798
184,-1.1016
185,-1.9136
186,-2.7537
187,-3.6212
188,-4.5157
189,-5.4365
190,-6.383
191,-7.3547
192,-8.3508
193,-9.3707
194,-10.414
195,-11.479
196,-12.566
197,-13.674
198,-14.803
199,-15.951
200,-17.119
