0,15.441
1,15.439
2,15.437
3,15.435
4,15.433
5,15.432
6,15.43
7,15.428
8,15.426
9,15.424
10,15.422
11,15.421
12,15.419
13,15.417
14,15.415
15,15.413
16,15.411
17,15.41
18,15.408
19,15.406
20,15.404
21,15.402
22,15.4
23,15.399
24,15.397
25,15.395
26,15.393
27,15.391
28,15.389
29,15.388
30,15.386
31,15.384
32,15.382
33,15.38
34,15.378
35,15.377
36,15.375
37,15.373
38,15.371
39,15.369
40,15.367
41,15.366
42,15.364
43,15.362
44,15.36
45,15.358
46,15.356
47,15.354
48,15.353
49,15.351
50,15.349
51,15.347
52,15.345
53,15.343
54,15.341
55,15.34
56,15.338
57,15.336
58,15.334
59,15.332
60,15.33
61,15.328
62,15.326
63,15.324
64,15.322
65,15.32
66,15.318
67,15.316
68,15.314
69,15.312
70,15.31
71,15.308
72,15.306
73,15.304
74,15.302
75,15.299
76,15.297
77,15.295
78,15.292
79,15.29
80,15.288
81,15.285
82,15.282
83,15.28
84,15.277
85,15.274
86,15.271
87,15.268
88,15.265
89,15.261
90,15.258
91,15.254
92,15.25
93,15.246
94,15.242
95,15.237
96,15.232
97,15.227
98,15.221
99,15.215
100,15.209
101,15.202
102,15.195
103,15.187
104,15.178
105,15.169
106,15.159
107,15.148
108,15.136
109,15.123
110,15.109
111,15.094
112,15.077
113,15.059
114,15.04
115,15.018
116,14.994
117,14.968
118,14.94
119,14.909
120,14.875
121,14.838
122,14.798
123,14.753
124,14.705
125,14.652
126,14.593
127,14.53
128,14.46
129,14.384
130,14.3
131,14.209
132,14.11
133,14.002
134,13.883
135,13.755
136,13.615
137,13.462
138,13.297
139,13.118
140,12.923
141,12.713
142,12.486
143,12.241
144,11.978
145,11.694
146,11.39
147,11.064
148,10.716
149,10.344
150,9.9479
151,9.5268
152,9.0801
153,8.6072
154,8.1074
155,7.5805
156,7.026
157,6.4436
158,5.8333
159,5.1948
160,4.5282
161,3.8335
162,3.111
163,2.3607
164,1.5831
165,0.77832
166,-0.053104
167,-0.91078
168,-1.7942
169,-2.7029
170,-3.6363
171,-4.5939
172,-5.575
173,-6.579
174,-7.6055
175,-8.6537
176,-9.723
177,-10.813
178,-11.923
179,-13.052
180,-14.2
181,-15.366
182,-16.549
183,-17.75
184,-18.967
185,-20.2
186,-21.448
187,-22.712
188,-23.99
189,-25.282
190,-26.587
191,-27.906
192,-29.237
193,-30.58
194,-31.936
195,-33.303
196,-34.681
197,-36.069
198,-37.469
199,-38.878
200,-40.297
