0,23.223
1,23.221
2,23.219
3,23.217
4,23.215
5,23.213
6,23.212
7,23.21
8,23.208
9,23.206
10,23.204
11,23.202
12,23.201
13,23.199
14,23.197
15,23.195
16,23.193
17,23.191
18,23.19
19,23.188
20,23.186
21,23.184
22,23.182
23,23.18
24,23.179
25,23.177
26,23.175
27,23.173
28,23.171
29,23.169
30,23.168
31,23.166
32,23.164
33,23.162
34,23.16
35,23.158
36,23.157
37,23.155
38,23.153
39,23.151
40,23.149
41,23.147
42,23.146
43,23.144
44,23.142
45,23.14
46,23.138
47,23.136
48,23.135
49,23.133
50,23.131
51,23.129
52,23.127
53,23.125
54,23.123
55,23.122
56,23.12
57,23.118
58,23.116
59,23.114
60,23.112
61,23.11
62,23.108
63,23.106
64,23.105
65,23.103
66,23.101
67,23.099
68,23.097
69,23.095
70,23.093
71,23.091
72,23.089
73,23.087
74,23.085
75,23.083
76,23.081
77,23.078
78,23.076
79,23.074
80,23.072
81,23.07
82,23.067
83,23.065
84,23.062
85,23.06
86,23.057
87,23.055
88,23.052
89,23.049
90,23.046
91,23.043
92,23.04
93,23.037
94,23.033
95,23.029
96,23.025
97,23.021
98,23.017
99,23.012
100,23.008
101,23.002
102,22.997
103,22.991
104,22.984
105,22.978
106,22.97
107,22.962
108,22.953
109,22.944
110,22.934
111,22.923
112,22.911
113,22.898
114,22.884
115,22.868
116,22.851
117,22.833
118,22.812
119,22.79
120,22.766
121,22.739
122,22.71
123,22.678
124,22.643
125,22.604
126,22.562
127,22.516
128,22.465
129,22.409
130,22.348
131,22.281
132,22.208
133,22.128
134,22.04
135,21.944
136,21.839
137,21.724
138,21.599
139,21.462
140,21.314
141,21.152
142,20.976
143,20.785
144,20.578
145,20.355
146,20.113
147,19.852
148,19.571
149,19.269
150,18.946
151,18.599
152,18.228
153,17.833
154,17.412
155,16.965
156,16.491
157,15.99
158,15.462
159,14.905
160,14.319
161,13.705
162,13.063
163,12.392
164,11.692
165,10.964
166,10.207
167,9.4231
168,8.6113
169,7.7724
170,6.9069
171,6.0153
172,5.0982
173,4.156
174,3.1895
175,2.1991
176,1.1856
177,0.14958
178,-0.90836
179,-1.9876
180,-3.0874
181,-4.2072
182,-5.3465
183,-6.5044
184,-7.6806
185,-8.8744
186,-10.085
187,-11.312
188,-12.556
189,-13.814
190,-15.088
191,-16.376
192,-17.678
193,-18.993
194,-20.321
195,-21.662
196,-23.015
197,-24.38
198,-25.756
199,-27.144
200,-28.542
