0,28.991
1,28.989
2,28.988
3,28.986
4,28.984
5,28.982
6,28.98
7,28.978
8,28.977
9,28.975
10,28.973
11,28.971
12,28.969
13,28.967
14,28.966
15,28.964
16,28.962
17,28.96
18,28.958
19,28.956
20,28.955
21,28.953
22,28.951
23,28.949
24,28.947
25,28.945
26,28.944
27,28.942
28,28.94
29,28.938
30,28.936
31,28.934
32,28.933
33,28.931
34,28.929
35,28.927
36,28.925
37,28.923
38,28.921
39,28.92
40,28.918
41,28.916
42,28.914
43,28.912
44,28.91
45,28.908
46,28.907
47,28.905
48,28.903
49,28.901
50,28.899
51,28.897
52,28.895
53,28.893
54,28.891
55,28.89
56,28.888
57,28.886
58,28.884
59,28.882
60,28.88
61,28.878
62,28.876
63,28.874
64,28.872
65,28.87
66,28.867
67,28.865
68,28.863
69,28.861
70,28.859
71,28.856
72,28.854
73,28.852
74,28.849
75,28.847
76,28.844
77,28.841
78,28.839
79,28.836
80,28.833
81,28.83
82,28.827
83,28.823
84,28.82
85,28.816
86,28.812
87,28.808
88,28.804
89,28.8
90,28.795
91,28.79
92,28.784
93,28.778
94,28.772
95,28.765
96,28.758
97,28.75
98,28.742
99,28.733
100,28.723
101,28.712
102,28.701
103,28.688
104,28.674
105,28.659
106,28.643
107,28.625
108,28.606
109,28.585
110,28.562
111,28.536
112,28.509
113,28.479
114,28.445
115,28.409
116,28.369
117,28.326
118,28.278
119,28.226
120,28.169
121,28.106
122,28.038
123,27.963
124,27.881
125,27.791
126,27.693
127,27.587
128,27.47
129,27.344
130,27.205
131,27.055
132,26.892
133,26.715
134,26.523
135,26.316
136,26.091
137,25.849
138,25.589
139,25.308
140,25.007
141,24.684
142,24.339
143,23.97
144,23.577
145,23.159
146,22.716
147,22.246
148,21.749
149,21.225
150,20.674
151,20.094
152,19.487
153,18.851
154,18.187
155,17.495
156,16.775
157,16.027
158,15.252
159,14.449
160,13.62
161,12.764
162,11.883
163,10.976
164,10.044
165,9.0877
166,8.1079
167,7.105
168,6.0797
169,5.0326
170,3.9642
171,2.8752
172,1.7661
173,0.63768
174,-0.50957
175,-1.6751
176,-2.8582
177,-4.0584
178,-5.2752
179,-6.508
180,-7.7564
181,-9.0197
182,-10.297
183,-11.589
184,-12.895
185,-14.213
186,-15.545
187,-16.888
188,-18.244
189,-19.611
190,-20.989
191,-22.378
192,-23.777
193,-25.187
194,-26.606
195,-28.035
196,-29.473
197,-30.921
198,-32.376
199,-33.84
200,-35.313
