0,25.155
1,25.153
2,25.151
3,25.15
4,25.148
5,25.146
6,25.144
7,25.142
8,25.14
9,25.139
10,25.137
11,25.135
12,25.133
13,25.131
14,25.129
15,25.128
16,25.126
17,25.124
18,25.122
19,25.12
20,25.118
21,25.117
22,25.115
23,25.113
24,25.111
25,25.109
26,25.107
27,25.106
28,25.104
29,25.102
30,25.1
31,25.098
32,25.096
33,25.095
34,25.093
35,25.091
36,25.089
37,25.087
38,25.085
39,25.084
40,25.082
41,25.08
42,25.078
43,25.076
44,25.074
45,25.073
46,25.071
47,25.069
48,25.067
49,25.065
50,25.063
51,25.061
52,25.06
53,25.058
54,25.056
55,25.054
56,25.052
57,25.05
58,25.048
59,25.046
60,25.044
61,25.042
62,25.041
63,25.039
64,25.037
65,25.035
66,25.033
67,25.031
68,25.029
69,25.027
70,25.025
71,25.023
72,25.02
73,25.018
74,25.016
75,25.014
76,25.012
77,25.009
78,25.007
79,25.005
80,25.002
81,25
82,24.997
83,24.995
84,24.992
85,24.989
86,24.986
87,24.983
88,24.98
89,24.977
90,24.973
91,24.97
92,24.966
93,24.962
94,24.957
95,24.953
96,24.948
97,24.943
98,24.938
99,24.932
100,24.925
101,24.919
102,24.911
103,24.904
104,24.895
105,24.886
106,24.876
107,24.866
108,24.854
109,24.841
110,24.827
111,24.812
112,24.796
113,24.778
114,24.759
115,24.737
116,24.714
117,24.688
118,24.66
119,24.629
120,24.596
121,24.559
122,24.518
123,24.474
124,24.425
125,24.372
126,24.314
127,24.25
128,24.179
129,24.103
130,24.019
131,23.927
132,23.827
133,23.717
134,23.598
135,23.467
136,23.325
137,23.171
138,23.003
139,22.821
140,22.623
141,22.41
142,22.179
143,21.929
144,21.66
145,21.371
146,21.061
147,20.729
148,20.373
149,19.993
150,19.589
151,19.159
152,18.702
153,18.219
154,17.709
155,17.171
156,16.605
157,16.011
158,15.388
159,14.736
160,14.057
161,13.349
162,12.612
163,11.848
164,11.056
165,10.237
166,9.3915
167,8.5193
168,7.6214
169,6.6982
170,5.7502
171,4.7782
172,3.7827
173,2.7643
174,1.7237
175,0.66141
176,-0.42186
177,-1.5255
178,-2.6489
179,-3.7915
180,-4.9526
181,-6.1317
182,-7.3281
183,-8.5414
184,-9.771
185,-11.016
186,-12.277
187,-13.552
188,-14.842
189,-16.145
190,-17.462
191,-18.791
192,-20.133
193,-21.488
194,-22.853
195,-24.231
196,-25.619
197,-27.017
198,-28.426
199,-29.845
200,-31.273
