0,18.016
1,18.014
2,18.012
3,18.01
4,18.009
5,18.007
6,18.005
7,18.003
8,18.001
9,17.999
10,17.998
11,17.996
12,17.994
13,17.992
14,17.99
15,17.988
16,17.987
17,17.985
18,17.983
19,17.981
20,17.979
21,17.977
22,17.976
23,17.974
24,17.972
25,17.97
26,17.968
27,17.966
28,17.965
29,17.963
30,17.961
31,17.959
32,17.957
33,17.955
34,17.954
35,17.952
36,17.95
37,17.948
38,17.946
39,17.944
40,17.942
41,17.941
42,17.939
43,17.937
44,17.935
45,17.933
46,17.931
47,17.929
48,17.928
49,17.926
50,17.924
51,17.922
52,17.92
53,17.918
54,17.916
55,17.914
56,17.912
57,17.91
58,17.908
59,17.906
60,17.904
61,17.902
62,17.9
63,17.898
64,17.896
65,17.894
66,17.892
67,17.89
68,17.888
69,17.886
70,17.883
71,17.881
72,17.879
73,17.876
74,17.874
75,17.871
76,17.869
77,17.866
78,17.863
79,17.861
80,17.858
81,17.855
82,17.852
83,17.848
84,17.845
85,17.841
86,17.837
87,17.833
88,17.829
89,17.825
90,17.82
91,17.815
92,17.81
93,17.804
94,17.798
95,17.791
96,17.784
97,17.777
98,17.768
99,17.76
100,17.75
101,17.74
102,17.729
103,17.716
104,17.703
105,17.689
106,17.673
107,17.656
108,17.638
109,17.618
110,17.596
111,17.572
112,17.545
113,17.517
114,17.485
115,17.451
116,17.413
117,17.372
118,17.327
119,17.278
120,17.224
121,17.165
122,17.101
123,17.031
124,16.954
125,16.87
126,16.778
127,16.679
128,16.57
129,16.451
130,16.322
131,16.182
132,16.029
133,15.864
134,15.685
135,15.491
136,15.281
137,15.055
138,14.811
139,14.549
140,14.267
141,13.964
142,13.64
143,13.294
144,12.925
145,12.531
146,12.113
147,11.67
148,11.201
149,10.705
150,10.183
151,9.6332
152,9.0559
153,8.4509
154,7.8181
155,7.1574
156,6.4689
157,5.7527
158,5.0091
159,4.2382
160,3.4404
161,2.616
162,1.7656
163,0.88947
164,-0.01181
165,-0.93773
166,-1.8877
167,-2.8613
168,-3.8578
169,-4.8766
170,-5.9172
171,-6.9789
172,-8.0612
173,-9.1635
174,-10.285
175,-11.426
176,-12.584
177,-13.76
178,-14.954
179,-16.164
180,-17.39
181,-18.631
182,-19.888
183,-21.159
184,-22.444
185,-23.743
186,-25.055
187,-26.38
188,-27.717
189,-29.066
190,-30.426
191,-31.798
192,-33.181
193,-34.574
194,-35.978
195,-37.391
196,-38.814
197,-40.246
198,-41.688
199,-43.137
200,-44.596
