0,24.471
1,24.469
2,24.467
3,24.466
4,24.464
5,24.462
6,24.46
7,24.458
8,24.457
9,24.455
10,24.453
11,24.451
12,24.449
13,24.447
14,24.446
15,24.444
16,24.442
17,24.44
18,24.438
19,24.436
20,24.435
21,24.433
22,24.431
23,24.429
24,24.427
25,24.425
26,24.424
27,24.422
28,24.42
29,24.418
30,24.416
31,24.414
32,24.413
33,24.411
34,24.409
35,24.407
36,24.405
37,24.403
38,24.402
39,24.4
40,24.398
41,24.396
42,24.394
43,24.392
44,24.391
45,24.389
46,24.387
47,24.385
48,24.383
49,24.381
50,24.38
51,24.378
52,24.376
53,24.374
54,24.372
55,24.37
56,24.369
57,24.367
58,24.365
59,24.363
60,24.361
61,24.359
62,24.358
63,24.356
64,24.354
65,24.352
66,24.35
67,24.348
68,24.346
69,24.345
70,24.343
71,24.341
72,24.339
73,24.337
74,24.335
75,24.333
76,24.331
77,24.33
78,24.328
79,24.326
80,24.324
81,24.322
82,24.32
83,24.318
84,24.316
85,24.314
86,24.312
87,24.31
88,24.308
89,24.306
90,24.304
91,24.302
92,24.3
93,24.298
94,24.295
95,24.293
96,24.291
97,24.288
98,24.286
99,24.284
100,24.281
101,24.278
102,24.276
103,24.273
104,24.27
105,24.267
106,24.264
107,24.261
108,24.257
109,24.254
110,24.25
111,24.246
112,24.242
113,24.237
114,24.232
115,24.227
116,24.222
117,24.216
118,24.209
119,24.202
120,24.195
121,24.187
122,24.178
123,24.169
124,24.159
125,24.147
126,24.135
127,24.122
128,24.107
129,24.091
130,24.074
131,24.054
132,24.033
133,24.01
134,23.984
135,23.956
136,23.926
137,23.892
138,23.854
139,23.813
140,23.768
141,23.718
142,23.663
143,23.603
144,23.537
145,23.464
146,23.384
147,23.296
148,23.2
149,23.094
150,22.978
151,22.851
152,22.712
153,22.561
154,22.395
155,22.215
156,22.019
157,21.806
158,21.574
159,21.324
160,21.054
161,20.762
162,20.448
163,20.11
164,19.748
165,19.361
166,18.948
167,18.507
168,18.039
169,17.543
170,17.018
171,16.464
172,15.881
173,15.268
174,14.625
175,13.952
176,13.25
177,12.519
178,11.758
179,10.968
180,10.15
181,9.3038
182,8.4303
183,7.5298
184,6.6031
185,5.6506
186,4.6731
187,3.6713
188,2.6458
189,1.5972
190,0.52638
191,-0.56613
192,-1.6796
193,-2.8134
194,-3.9668
195,-5.1392
196,-6.33
197,-7.5385
198,-8.7642
199,-10.006
200,-11.265
