0,25.409
1,25.407
2,25.405
3,25.403
4,25.401
5,25.399
6,25.398
7,25.396
8,25.394
9,25.392
10,25.39
11,25.388
12,25.387
13,25.385
14,25.383
15,25.381
16,25.379
17,25.377
18,25.376
19,25.374
20,25.372
21,25.37
22,25.368
23,25.366
24,25.365
25,25.363
26,25.361
27,25.359
28,25.357
29,25.355
30,25.354
31,25.352
32,25.35
33,25.348
34,25.346
35,25.344
36,25.342
37,25.341
38,25.339
39,25.337
40,25.335
41,25.333
42,25.331
43,25.329
44,25.327
45,25.326
46,25.324
47,25.322
48,25.32
49,25.318
50,25.316
51,25.314
52,25.312
53,25.31
54,25.308
55,25.306
56,25.304
57,25.302
58,25.3
59,25.298
60,25.296
61,25.293
62,25.291
63,25.289
64,25.287
65,25.284
66,25.282
67,25.28
68,25.277
69,25.275
70,25.272
71,25.269
72,25.267
73,25.264
74,25.261
75,25.258
76,25.254
77,25.251
78,25.247
79,25.244
80,25.24
81,25.236
82,25.231
83,25.227
84,25.222
85,25.217
86,25.211
87,25.205
88,25.199
89,25.192
90,25.185
91,25.177
92,25.168
93,25.159
94,25.149
95,25.138
96,25.127
97,25.114
98,25.101
99,25.086
100,25.069
101,25.052
102,25.033
103,25.012
104,24.989
105,24.964
106,24.936
107,24.907
108,24.874
109,24.838
110,24.8
111,24.757
112,24.71
113,24.66
114,24.604
115,24.543
116,24.477
117,24.404
118,24.325
119,24.239
120,24.144
121,24.042
122,23.93
123,23.808
124,23.676
125,23.532
126,23.376
127,23.207
128,23.024
129,22.825
130,22.611
131,22.381
132,22.132
133,21.865
134,21.578
135,21.27
136,20.941
137,20.59
138,20.216
139,19.817
140,19.394
141,18.946
142,18.472
143,17.971
144,17.444
145,16.889
146,16.307
147,15.698
148,15.061
149,14.396
150,13.704
151,12.984
152,12.237
153,11.462
154,10.662
155,9.8343
156,8.9811
157,8.1026
158,7.199
159,6.271
160,5.3192
161,4.344
162,3.346
163,2.3258
164,1.2841
165,0.22138
166,-0.86175
167,-1.9647
168,-3.0869
169,-4.2277
170,-5.3866
171,-6.563
172,-7.7565
173,-8.9664
174,-10.192
175,-11.433
176,-12.69
177,-13.96
178,-15.245
179,-16.543
180,-17.855
181,-19.179
182,-20.515
183,-21.863
184,-23.223
185,-24.594
186,-25.976
187,-27.368
188,-28.771
189,-30.183
190,-31.605
191,-33.036
192,-34.476
193,-35.925
194,-37.382
195,-38.848
196,-40.321
197,-41.803
198,-43.291
199,-44.787
200,-46.29
