0,16.965
1,16.963
2,16.961
3,16.96
4,16.958
5,16.956
6,16.954
7,16.952
8,16.95
9,16.949
10,16.947
11,16.945
12,16.943
13,16.941
14,16.939
15,16.938
16,16.936
17,16.934
18,16.932
19,16.93
20,16.928
21,16.927
22,16.925
23,16.923
24,16.921
25,16.919
26,16.917
27,16.916
28,16.914
29,16.912
30,16.91
31,16.908
32,16.906
33,16.905
34,16.903
35,16.901
36,16.899
37,16.897
38,16.895
39,16.894
40,16.892
41,16.89
42,16.888
43,16.886
44,16.884
45,16.883
46,16.881
47,16.879
48,16.877
49,16.875
50,16.873
51,16.871
52,16.87
53,16.868
54,16.866
55,16.864
56,16.862
57,16.86
58,16.858
59,16.857
60,16.855
61,16.853
62,16.851
63,16.849
64,16.847
65,16.845
66,16.843
67,16.841
68,16.839
69,16.837
70,16.835
71,16.833
72,16.831
73,16.829
74,16.827
75,16.825
76,16.823
77,16.821
78,16.819
79,16.817
80,16.814
81,16.812
82,16.81
83,16.808
84,16.805
85,16.803
86,16.8
87,16.797
88,16.795
89,16.792
90,16.789
91,16.786
92,16.783
93,16.78
94,16.776
95,16.773
96,16.769
97,16.765
98,16.761
99,16.756
100,16.752
101,16.747
102,16.741
103,16.735
104,16.729
105,16.723
106,16.716
107,16.708
108,16.7
109,16.691
110,16.681
111,16.671
112,16.659
113,16.647
114,16.633
115,16.619
116,16.603
117,16.585
118,16.566
119,16.545
120,16.522
121,16.497
122,16.47
123,16.44
124,16.407
125,16.371
126,16.331
127,16.288
128,16.241
129,16.189
130,16.132
131,16.069
132,16.001
133,15.926
134,15.844
135,15.754
136,15.656
137,15.549
138,15.432
139,15.305
140,15.166
141,15.015
142,14.851
143,14.672
144,14.479
145,14.27
146,14.043
147,13.799
148,13.535
149,13.252
150,12.947
151,12.62
152,12.271
153,11.897
154,11.5
155,11.076
156,10.627
157,10.151
158,9.6481
159,9.1173
160,8.5586
161,7.9717
162,7.3564
163,6.7126
164,6.0403
165,5.3396
166,4.6107
167,3.8539
168,3.0693
169,2.2574
170,1.4185
171,0.55327
172,-0.33795
173,-1.2546
174,-2.1961
175,-3.1618
176,-4.1512
177,-5.1636
178,-6.1985
179,-7.2551
180,-8.3329
181,-9.4313
182,-10.55
183,-11.687
184,-12.843
185,-14.018
186,-15.21
187,-16.419
188,-17.644
189,-18.885
190,-20.142
191,-21.413
192,-22.699
193,-23.999
194,-25.312
195,-26.639
196,-27.977
197,-29.328
198,-30.691
199,-32.065
200,-33.451
