0,20.168
1,20.166
2,20.164
3,20.162
4,20.16
5,20.158
6,20.157
7,20.155
8,20.153
9,20.151
10,20.149
11,20.147
12,20.146
13,20.144
14,20.142
15,20.14
16,20.138
17,20.136
18,20.135
19,20.133
20,20.131
21,20.129
22,20.127
23,20.126
24,20.124
25,20.122
26,20.12
27,20.118
28,20.116
29,20.115
30,20.113
31,20.111
32,20.109
33,20.107
34,20.105
35,20.104
36,20.102
37,20.1
38,20.098
39,20.096
40,20.094
41,20.093
42,20.091
43,20.089
44,20.087
45,20.085
46,20.083
47,20.082
48,20.08
49,20.078
50,20.076
51,20.074
52,20.072
53,20.071
54,20.069
55,20.067
56,20.065
57,20.063
58,20.061
59,20.06
60,20.058
61,20.056
62,20.054
63,20.052
64,20.05
65,20.049
66,20.047
67,20.045
68,20.043
69,20.041
70,20.039
71,20.038
72,20.036
73,20.034
74,20.032
75,20.03
76,20.028
77,20.026
78,20.025
79,20.023
80,20.021
81,20.019
82,20.017
83,20.015
84,20.013
85,20.011
86,20.01
87,20.008
88,20.006
89,20.004
90,20.002
91,20
92,19.998
93,19.996
94,19.994
95,19.992
96,19.99
97,19.988
98,19.986
99,19.984
100,19.982
101,19.98
102,19.978
103,19.975
104,19.973
105,19.971
106,19.969
107,19.966
108,19.964
109,19.961
110,19.959
111,19.956
112,19.953
113,19.95
114,19.947
115,19.944
116,19.941
117,19.938
118,19.934
119,19.93
120,19.926
121,19.922
122,19.918
123,19.913
124,19.908
125,19.902
126,19.896
127,19.89
128,19.883
129,19.875
130,19.867
131,19.858
132,19.849
133,19.838
134,19.827
135,19.814
136,19.801
137,19.786
138,19.769
139,19.751
140,19.732
141,19.71
142,19.686
143,19.659
144,19.63
145,19.598
146,19.563
147,19.524
148,19.481
149,19.434
150,19.382
151,19.325
152,19.261
153,19.192
154,19.115
155,19.031
156,18.938
157,18.836
158,18.724
159,18.601
160,18.467
161,18.32
162,18.159
163,17.983
164,17.792
165,17.583
166,17.357
167,17.111
168,16.845
169,16.558
170,16.248
171,15.914
172,15.556
173,15.172
174,14.762
175,14.324
176,13.858
177,13.364
178,12.84
179,12.287
180,11.704
181,11.09
182,10.447
183,9.7731
184,9.0692
185,8.3354
186,7.5719
187,6.7791
188,5.9574
189,5.1073
190,4.2294
191,3.3242
192,2.3923
193,1.4345
194,0.4514
195,-0.55636
196,-1.588
197,-2.6429
198,-3.7203
199,-4.8195
200,-5.9398
