0,12.69
1,12.688
2,12.686
3,12.684
4,12.682
5,12.681
6,12.679
7,12.677
8,12.675
9,12.673
10,12.671
11,12.67
12,12.668
13,12.666
14,12.664
15,12.662
16,12.66
17,12.659
18,12.657
19,12.655
20,12.653
21,12.651
22,12.649
23,12.648
24,12.646
25,12.644
26,12.642
27,12.64
28,12.638
29,12.637
30,12.635
31,12.633
32,12.631
33,12.629
34,12.627
35,12.626
36,12.624
37,12.622
38,12.62
39,12.618
40,12.616
41,12.615
42,12.613
43,12.611
44,12.609
45,12.607
46,12.605
47,12.604
48,12.602
49,12.6
50,12.598
51,12.596
52,12.594
53,12.593
54,12.591
55,12.589
56,12.587
57,12.585
58,12.583
59,12.582
60,12.58
61,12.578
62,12.576
63,12.574
64,12.572
65,12.571
66,12.569
67,12.567
68,12.565
69,12.563
70,12.561
71,12.56
72,12.558
73,12.556
74,12.554
75,12.552
76,12.55
77,12.548
78,12.547
79,12.545
80,12.543
81,12.541
82,12.539
83,12.537
84,12.535
85,12.534
86,12.532
87,12.53
88,12.528
89,12.526
90,12.524
91,12.522
92,12.52
93,12.518
94,12.516
95,12.514
96,12.512
97,12.51
98,12.508
99,12.506
100,12.504
101,12.502
102,12.5
103,12.497
104,12.495
105,12.493
106,12.491
107,12.488
108,12.486
109,12.483
110,12.481
111,12.478
112,12.475
113,12.472
114,12.469
115,12.466
116,12.463
117,12.459
118,12.456
119,12.452
120,12.448
121,12.443
122,12.439
123,12.434
124,12.429
125,12.423
126,12.417
127,12.411
128,12.404
129,12.396
130,12.388
131,12.379
132,12.37
133,12.359
134,12.348
135,12.335
136,12.321
137,12.306
138,12.29
139,12.272
140,12.252
141,12.231
142,12.207
143,12.18
144,12.152
145,12.12
146,12.085
147,12.046
148,12.004
149,11.957
150,11.906
151,11.849
152,11.786
153,11.718
154,11.642
155,11.559
156,11.468
157,11.368
158,11.258
159,11.138
160,11.006
161,10.862
162,10.704
163,10.533
164,10.345
165,10.142
166,9.9203
167,9.6804
168,9.4207
169,9.1401
170,8.8375
171,8.5119
172,8.1623
173,7.7876
174,7.387
175,6.9596
176,6.5048
177,6.0218
178,5.5101
179,4.9693
180,4.3989
181,3.7988
182,3.1688
183,2.5088
184,1.8189
185,1.0993
186,0.35023
187,-0.42805
188,-1.2351
189,-2.0706
190,-2.9339
191,-3.8245
192,-4.7418
193,-5.6851
194,-6.654
195,-7.6475
196,-8.6652
197,-9.7063
198,-10.77
199,-11.856
200,-12.963
