0,29.028
1,29.026
2,29.025
3,29.023
4,29.021
5,29.019
6,29.017
7,29.015
8,29.014
9,29.012
10,29.01
11,29.008
12,29.006
13,29.004
14,29.003
15,29.001
16,28.999
17,28.997
18,28.995
19,28.993
20,28.992
21,28.99
22,28.988
23,28.986
24,28.984
25,28.982
26,28.981
27,28.979
28,28.977
29,28.975
30,28.973
31,28.971
32,28.97
33,28.968
34,28.966
35,28.964
36,28.962
37,28.96
38,28.959
39,28.957
40,28.955
41,28.953
42,28.951
43,28.949
44,28.948
45,28.946
46,28.944
47,28.942
48,28.94
49,28.938
50,28.936
51,28.935
52,28.933
53,28.931
54,28.929
55,28.927
56,28.925
57,28.923
58,28.921
59,28.92
60,28.918
61,28.916
62,28.914
63,28.912
64,28.91
65,28.908
66,28.906
67,28.904
68,28.902
69,28.9
70,28.898
71,28.896
72,28.894
73,28.892
74,28.89
75,28.887
76,28.885
77,28.883
78,28.881
79,28.878
80,28.876
81,28.874
82,28.871
83,28.868
84,28.866
85,28.863
86,28.86
87,28.857
88,28.854
89,28.851
90,28.848
91,28.844
92,28.84
93,28.837
94,28.832
95,28.828
96,28.824
97,28.819
98,28.813
99,28.808
100,28.802
101,28.795
102,28.789
103,28.781
104,28.773
105,28.764
106,28.755
107,28.745
108,28.734
109,28.722
110,28.709
111,28.694
112,28.679
113,28.662
114,28.643
115,28.623
116,28.601
117,28.576
118,28.55
119,28.52
120,28.488
121,28.453
122,28.415
123,28.372
124,28.326
125,28.275
126,28.219
127,28.158
128,28.091
129,28.018
130,27.937
131,27.849
132,27.753
133,27.648
134,27.533
135,27.407
136,27.27
137,27.121
138,26.959
139,26.783
140,26.592
141,26.385
142,26.161
143,25.919
144,25.657
145,25.376
146,25.074
147,24.749
148,24.402
149,24.031
150,23.635
151,23.214
152,22.766
153,22.292
154,21.79
155,21.261
156,20.703
157,20.117
158,19.503
159,18.86
160,18.188
161,17.488
162,16.759
163,16.002
164,15.217
165,14.404
166,13.565
167,12.699
168,11.807
169,10.889
170,9.9464
171,8.9793
172,7.9884
173,6.9744
174,5.9379
175,4.8795
176,3.7998
177,2.6996
178,1.5793
179,0.43967
180,-0.71873
181,-1.8953
182,-3.0895
183,-4.3006
184,-5.5282
185,-6.7718
186,-8.0307
187,-9.3045
188,-10.593
189,-11.895
190,-13.21
191,-14.539
192,-15.88
193,-17.234
194,-18.599
195,-19.975
196,-21.363
197,-22.761
198,-24.17
199,-25.588
200,-27.017
