0,16.194
1,16.192
2,16.19
3,16.188
4,16.186
5,16.185
6,16.183
7,16.181
8,16.179
9,16.177
10,16.175
11,16.174
12,16.172
13,16.17
14,16.168
15,16.166
16,16.164
17,16.163
18,16.161
19,16.159
20,16.157
21,16.155
22,16.153
23,16.152
24,16.15
25,16.148
26,16.146
27,16.144
28,16.142
29,16.141
30,16.139
31,16.137
32,16.135
33,16.133
34,16.131
35,16.13
36,16.128
37,16.126
38,16.124
39,16.122
40,16.12
41,16.119
42,16.117
43,16.115
44,16.113
45,16.111
46,16.109
47,16.108
48,16.106
49,16.104
50,16.102
51,16.1
52,16.098
53,16.097
54,16.095
55,16.093
56,16.091
57,16.089
58,16.087
59,16.085
60,16.084
61,16.082
62,16.08
63,16.078
64,16.076
65,16.074
66,16.072
67,16.07
68,16.068
69,16.067
70,16.065
71,16.063
72,16.061
73,16.059
74,16.057
75,16.055
76,16.053
77,16.051
78,16.049
79,16.047
80,16.045
81,16.043
82,16.04
83,16.038
84,16.036
85,16.034
86,16.032
87,16.029
88,16.027
89,16.024
90,16.022
91,16.019
92,16.017
93,16.014
94,16.011
95,16.008
96,16.005
97,16.002
98,15.999
99,15.995
100,15.991
101,15.988
102,15.983
103,15.979
104,15.975
105,15.97
106,15.964
107,15.959
108,15.953
109,15.947
110,15.94
111,15.932
112,15.924
113,15.916
114,15.906
115,15.896
116,15.885
117,15.873
118,15.86
119,15.845
120,15.83
121,15.813
122,15.794
123,15.774
124,15.752
125,15.727
126,15.7
127,15.671
128,15.639
129,15.603
130,15.565
131,15.522
132,15.476
133,15.424
134,15.368
135,15.307
136,15.239
137,15.165
138,15.084
139,14.996
140,14.899
141,14.793
142,14.677
143,14.55
144,14.412
145,14.262
146,14.099
147,13.921
148,13.728
149,13.519
150,13.293
151,13.049
152,12.785
153,12.501
154,12.196
155,11.869
156,11.518
157,11.144
158,10.745
159,10.32
160,9.8681
161,9.3897
162,8.8839
163,8.3501
164,7.788
165,7.1974
166,6.5782
167,5.9301
168,5.2533
169,4.5478
170,3.8139
171,3.0518
172,2.2618
173,1.4442
174,0.5996
175,-0.27162
176,-1.1689
177,-2.0917
178,-3.0395
179,-4.0116
180,-5.0074
181,-6.0264
182,-7.0677
183,-8.1309
184,-9.2153
185,-10.32
186,-11.445
187,-12.589
188,-13.752
189,-14.933
190,-16.131
191,-17.346
192,-18.578
193,-19.826
194,-21.089
195,-22.366
196,-23.658
197,-24.964
198,-26.283
199,-27.615
200,-28.96
