0,16.152
1,16.151
2,16.149
3,16.147
4,16.145
5,16.143
6,16.141
7,16.14
8,16.138
9,16.136
10,16.134
11,16.132
12,16.13
13,16.129
14,16.127
15,16.125
16,16.123
17,16.121
18,16.12
19,16.118
20,16.116
21,16.114
22,16.112
23,16.11
24,16.109
25,16.107
26,16.105
27,16.103
28,16.101
29,16.099
30,16.098
31,16.096
32,16.094
33,16.092
34,16.09
35,16.088
36,16.087
37,16.085
38,16.083
39,16.081
40,16.079
41,16.077
42,16.076
43,16.074
44,16.072
45,16.07
46,16.068
47,16.066
48,16.065
49,16.063
50,16.061
51,16.059
52,16.057
53,16.055
54,16.054
55,16.052
56,16.05
57,16.048
58,16.046
59,16.044
60,16.043
61,16.041
62,16.039
63,16.037
64,16.035
65,16.033
66,16.032
67,16.03
68,16.028
69,16.026
70,16.024
71,16.022
72,16.021
73,16.019
74,16.017
75,16.015
76,16.013
77,16.011
78,16.01
79,16.008
80,16.006
81,16.004
82,16.002
83,16
84,15.998
85,15.997
86,15.995
87,15.993
88,15.991
89,15.989
90,15.987
91,15.985
92,15.983
93,15.982
94,15.98
95,15.978
96,15.976
97,15.974
98,15.972
99,15.97
100,15.968
101,15.966
102,15.964
103,15.962
104,15.96
105,15.958
106,15.956
107,15.954
108,15.952
109,15.95
110,15.947
111,15.945
112,15.943
113,15.94
114,15.938
115,15.935
116,15.933
117,15.93
118,15.928
119,15.925
120,15.922
121,15.919
122,15.915
123,15.912
124,15.908
125,15.905
126,15.901
127,15.897
128,15.892
129,15.887
130,15.882
131,15.877
132,15.871
133,15.864
134,15.858
135,15.85
136,15.842
137,15.833
138,15.824
139,15.813
140,15.802
141,15.789
142,15.776
143,15.761
144,15.744
145,15.726
146,15.706
147,15.685
148,15.661
149,15.634
150,15.605
151,15.572
152,15.537
153,15.497
154,15.454
155,15.406
156,15.353
157,15.295
158,15.231
159,15.16
160,15.082
161,14.996
162,14.902
163,14.798
164,14.683
165,14.558
166,14.42
167,14.27
168,14.105
169,13.925
170,13.729
171,13.515
172,13.283
173,13.031
174,12.758
175,12.463
176,12.144
177,11.802
178,11.434
179,11.041
180,10.62
181,10.171
182,9.6931
183,9.1864
184,8.65
185,8.0835
186,7.4867
187,6.8593
188,6.2014
189,5.5129
190,4.7941
191,4.0452
192,3.2665
193,2.4583
194,1.6213
195,0.75587
196,-0.13737
197,-1.0578
198,-2.0048
199,-2.9776
200,-3.9757
