0,17.284
1,17.282
2,17.28
3,17.278
4,17.277
5,17.275
6,17.273
7,17.271
8,17.269
9,17.267
10,17.266
11,17.264
12,17.262
13,17.26
14,17.258
15,17.256
16,17.255
17,17.253
18,17.251
19,17.249
20,17.247
21,17.245
22,17.244
23,17.242
24,17.24
25,17.238
26,17.236
27,17.234
28,17.233
29,17.231
30,17.229
31,17.227
32,17.225
33,17.223
34,17.222
35,17.22
36,17.218
37,17.216
38,17.214
39,17.212
40,17.211
41,17.209
42,17.207
43,17.205
44,17.203
45,17.201
46,17.2
47,17.198
48,17.196
49,17.194
50,17.192
51,17.19
52,17.189
53,17.187
54,17.185
55,17.183
56,17.181
57,17.179
58,17.177
59,17.176
60,17.174
61,17.172
62,17.17
63,17.168
64,17.166
65,17.164
66,17.162
67,17.161
68,17.159
69,17.157
70,17.155
71,17.153
72,17.151
73,17.149
74,17.147
75,17.145
76,17.143
77,17.141
78,17.139
79,17.137
80,17.135
81,17.133
82,17.131
83,17.129
84,17.127
85,17.124
86,17.122
87,17.12
88,17.118
89,17.115
90,17.113
91,17.11
92,17.108
93,17.105
94,17.102
95,17.099
96,17.096
97,17.093
98,17.09
99,17.087
100,17.083
101,17.079
102,17.075
103,17.071
104,17.067
105,17.062
106,17.057
107,17.052
108,17.046
109,17.04
110,17.034
111,17.027
112,17.019
113,17.011
114,17.002
115,16.993
116,16.982
117,16.971
118,16.959
119,16.945
120,16.931
121,16.915
122,16.897
123,16.878
124,16.857
125,16.834
126,16.809
127,16.782
128,16.752
129,16.719
130,16.682
131,16.643
132,16.599
133,16.551
134,16.498
135,16.44
136,16.377
137,16.308
138,16.232
139,16.148
140,16.057
141,15.957
142,15.848
143,15.728
144,15.598
145,15.456
146,15.301
147,15.133
148,14.95
149,14.752
150,14.537
151,14.304
152,14.053
153,13.782
154,13.49
155,13.177
156,12.841
157,12.481
158,12.097
159,11.688
160,11.252
161,10.79
162,10.301
163,9.7839
164,9.2387
165,8.665
166,8.0625
167,7.4313
168,6.7712
169,6.0822
170,5.3646
171,4.6186
172,3.8443
173,3.0423
174,2.2128
175,1.3563
176,0.4734
177,-0.43543
178,-1.3696
179,-2.3285
180,-3.3116
181,-4.3182
182,-5.3476
183,-6.3993
184,-7.4726
185,-8.5668
186,-9.6813
187,-10.815
188,-11.969
189,-13.14
190,-14.33
191,-15.537
192,-16.76
193,-18
194,-19.255
195,-20.526
196,-21.811
197,-23.11
198,-24.423
199,-25.749
200,-27.087
