0,11.586
1,11.584
2,11.583
3,11.581
4,11.579
5,11.577
6,11.575
7,11.573
8,11.572
9,11.57
10,11.568
11,11.566
12,11.564
13,11.562
14,11.561
15,11.559
16,11.557
17,11.555
18,11.553
19,11.551
20,11.55
21,11.548
22,11.546
23,11.544
24,11.542
25,11.54
26,11.539
27,11.537
28,11.535
29,11.533
30,11.531
31,11.529
32,11.528
33,11.526
34,11.524
35,11.522
36,11.52
37,11.518
38,11.517
39,11.515
40,11.513
41,11.511
42,11.509
43,11.508
44,11.506
45,11.504
46,11.502
47,11.5
48,11.498
49,11.497
50,11.495
51,11.493
52,11.491
53,11.489
54,11.487
55,11.486
56,11.484
57,11.482
58,11.48
59,11.478
60,11.476
61,11.475
62,11.473
63,11.471
64,11.469
65,11.467
66,11.465
67,11.463
68,11.462
69,11.46
70,11.458
71,11.456
72,11.454
73,11.452
74,11.451
75,11.449
76,11.447
77,11.445
78,11.443
79,11.441
80,11.439
81,11.438
82,11.436
83,11.434
84,11.432
85,11.43
86,11.428
87,11.426
88,11.424
89,11.422
90,11.421
91,11.419
92,11.417
93,11.415
94,11.413
95,11.411
96,11.409
97,11.407
98,11.405
99,11.403
100,11.401
101,11.398
102,11.396
103,11.394
104,11.392
105,11.39
106,11.387
107,11.385
108,11.383
109,11.38
110,11.378
111,11.375
112,11.372
113,11.369
114,11.366
115,11.363
116,11.36
117,11.357
118,11.353
119,11.35
120,11.346
121,11.341
122,11.337
123,11.332
124,11.327
125,11.322
126,11.316
127,11.31
128,11.303
129,11.296
130,11.288
131,11.28
132,11.271
133,11.261
134,11.25
135,11.238
136,11.225
137,11.211
138,11.195
139,11.178
140,11.159
141,11.139
142,11.116
143,11.091
144,11.064
145,11.034
146,11.001
147,10.964
148,10.924
149,10.88
150,10.831
151,10.778
152,10.719
153,10.654
154,10.582
155,10.503
156,10.417
157,10.322
158,10.218
159,10.104
160,9.9787
161,9.8417
162,9.692
163,9.5285
164,9.3503
165,9.1562
166,8.9451
167,8.7161
168,8.4679
169,8.1994
170,7.9096
171,7.5973
172,7.2616
173,6.9014
174,6.5158
175,6.1039
176,5.6649
177,5.1982
178,4.703
179,4.179
180,3.6256
181,3.0426
182,2.4298
183,1.787
184,1.1143
185,0.41174
186,-0.32044
187,-1.082
188,-1.8726
189,-2.6918
190,-3.5392
191,-4.4142
192,-5.3162
193,-6.2447
194,-7.199
195,-8.1784
196,-9.1823
197,-10.21
198,-11.261
199,-12.334
200,-13.429
