0,29.472
1,29.47
2,29.468
3,29.466
4,29.465
5,29.463
6,29.461
7,29.459
8,29.457
9,29.455
10,29.454
11,29.452
12,29.45
13,29.448
14,29.446
15,29.444
16,29.443
17,29.441
18,29.439
19,29.437
20,29.435
21,29.433
22,29.432
23,29.43
24,29.428
25,29.426
26,29.424
27,29.422
28,29.421
29,29.419
30,29.417
31,29.415
32,29.413
33,29.411
34,29.41
35,29.408
36,29.406
37,29.404
38,29.402
39,29.4
40,29.399
41,29.397
42,29.395
43,29.393
44,29.391
45,29.389
46,29.387
47,29.386
48,29.384
49,29.382
50,29.38
51,29.378
52,29.376
53,29.374
54,29.372
55,29.37
56,29.368
57,29.367
58,29.365
59,29.363
60,29.361
61,29.359
62,29.357
63,29.355
64,29.353
65,29.351
66,29.349
67,29.346
68,29.344
69,29.342
70,29.34
71,29.338
72,29.335
73,29.333
74,29.331
75,29.328
76,29.326
77,29.323
78,29.321
79,29.318
80,29.315
81,29.312
82,29.309
83,29.306
84,29.303
85,29.299
86,29.295
87,29.292
88,29.288
89,29.283
90,29.279
91,29.274
92,29.269
93,29.264
94,29.258
95,29.251
96,29.245
97,29.238
98,29.23
99,29.221
100,29.212
101,29.203
102,29.192
103,29.181
104,29.168
105,29.154
106,29.14
107,29.123
108,29.106
109,29.086
110,29.065
111,29.042
112,29.017
113,28.989
114,28.959
115,28.926
116,28.89
117,28.85
118,28.807
119,28.759
120,28.707
121,28.65
122,28.587
123,28.519
124,28.444
125,28.362
126,28.272
127,28.174
128,28.068
129,27.951
130,27.824
131,27.686
132,27.535
133,27.372
134,27.194
135,27.002
136,26.793
137,26.568
138,26.325
139,26.064
140,25.782
141,25.48
142,25.156
143,24.809
144,24.438
145,24.044
146,23.624
147,23.179
148,22.707
149,22.208
150,21.682
151,21.128
152,20.546
153,19.935
154,19.297
155,18.63
156,17.935
157,17.212
158,16.461
159,15.683
160,14.877
161,14.044
162,13.185
163,12.3
164,11.39
165,10.455
166,9.4956
167,8.5125
168,7.5064
169,6.4779
170,5.4275
171,4.3559
172,3.2637
173,2.1515
174,1.02
175,-0.13034
176,-1.2989
177,-2.485
178,-3.6882
179,-4.9079
180,-6.1435
181,-7.3947
182,-8.6607
183,-9.9413
184,-11.236
185,-12.544
186,-13.865
187,-15.199
188,-16.545
189,-17.903
190,-19.272
191,-20.653
192,-22.044
193,-23.446
194,-24.858
195,-26.28
196,-27.711
197,-29.151
198,-30.6
199,-32.058
200,-33.524
