0,18.791
1,18.789
2,18.787
3,18.786
4,18.784
5,18.782
6,18.78
7,18.778
8,18.776
9,18.775
10,18.773
11,18.771
12,18.769
13,18.767
14,18.765
15,18.764
16,18.762
17,18.76
18,18.758
19,18.756
20,18.754
21,18.753
22,18.751
23,18.749
24,18.747
25,18.745
26,18.743
27,18.742
28,18.74
29,18.738
30,18.736
31,18.734
32,18.732
33,18.731
34,18.729
35,18.727
36,18.725
37,18.723
38,18.721
39,18.72
40,18.718
41,18.716
42,18.714
43,18.712
44,18.71
45,18.709
46,18.707
47,18.705
48,18.703
49,18.701
50,18.699
51,18.697
52,18.696
53,18.694
54,18.692
55,18.69
56,18.688
57,18.686
58,18.684
59,18.682
60,18.68
61,18.679
62,18.677
63,18.675
64,18.673
65,18.671
66,18.669
67,18.667
68,18.665
69,18.663
70,18.661
71,18.659
72,18.657
73,18.655
74,18.653
75,18.651
76,18.648
77,18.646
78,18.644
79,18.642
80,18.639
81,18.637
82,18.635
83,18.632
84,18.629
85,18.627
86,18.624
87,18.621
88,18.618
89,18.615
90,18.612
91,18.609
92,18.605
93,18.602
94,18.598
95,18.594
96,18.59
97,18.585
98,18.58
99,18.575
100,18.57
101,18.564
102,18.557
103,18.551
104,18.543
105,18.536
106,18.527
107,18.518
108,18.508
109,18.498
110,18.486
111,18.473
112,18.459
113,18.444
114,18.428
115,18.41
116,18.391
117,18.369
118,18.346
119,18.32
120,18.292
121,18.262
122,18.228
123,18.191
124,18.151
125,18.107
126,18.058
127,18.005
128,17.947
129,17.884
130,17.814
131,17.738
132,17.654
133,17.563
134,17.463
135,17.355
136,17.236
137,17.107
138,16.966
139,16.812
140,16.646
141,16.465
142,16.269
143,16.057
144,15.828
145,15.581
146,15.314
147,15.028
148,14.72
149,14.39
150,14.037
151,13.661
152,13.26
153,12.833
154,12.381
155,11.902
156,11.395
157,10.861
158,10.3
159,9.7096
160,9.0913
161,8.4446
162,7.7696
163,7.0662
164,6.3348
165,5.5754
166,4.7885
167,3.9744
168,3.1335
169,2.2663
170,1.3732
171,0.45485
172,-0.48823
173,-1.4555
174,-2.4462
175,-3.4599
176,-4.4959
177,-5.5536
178,-6.6324
179,-7.7316
180,-8.8507
181,-9.9889
182,-11.146
183,-12.321
184,-13.513
185,-14.723
186,-15.948
187,-17.19
188,-18.447
189,-19.718
190,-21.004
191,-22.304
192,-23.617
193,-24.943
194,-26.282
195,-27.633
196,-28.996
197,-30.37
198,-31.755
199,-33.15
200,-34.556
