0,21.019
1,21.017
2,21.015
3,21.013
4,21.011
5,21.009
6,21.008
7,21.006
8,21.004
9,21.002
10,21
11,20.998
12,20.997
13,20.995
14,20.993
15,20.991
16,20.989
17,20.987
18,20.986
19,20.984
20,20.982
21,20.98
22,20.978
23,20.976
24,20.975
25,20.973
26,20.971
27,20.969
28,20.967
29,20.965
30,20.964
31,20.962
32,20.96
33,20.958
34,20.956
35,20.954
36,20.952
37,20.951
38,20.949
39,20.947
40,20.945
41,20.943
42,20.941
43,20.939
44,20.938
45,20.936
46,20.934
47,20.932
48,20.93
49,20.928
50,20.926
51,20.924
52,20.923
53,20.921
54,20.919
55,20.917
56,20.915
57,20.913
58,20.911
59,20.909
60,20.907
61,20.905
62,20.903
63,20.901
64,20.899
65,20.896
66,20.894
67,20.892
68,20.89
69,20.888
70,20.885
71,20.883
72,20.881
73,20.878
74,20.876
75,20.873
76,20.87
77,20.867
78,20.865
79,20.862
80,20.858
81,20.855
82,20.852
83,20.848
84,20.845
85,20.841
86,20.837
87,20.832
88,20.828
89,20.823
90,20.817
91,20.812
92,20.806
93,20.8
94,20.793
95,20.785
96,20.778
97,20.769
98,20.76
99,20.75
100,20.739
101,20.727
102,20.715
103,20.701
104,20.686
105,20.67
106,20.652
107,20.632
108,20.611
109,20.588
110,20.563
111,20.535
112,20.505
113,20.472
114,20.436
115,20.396
116,20.353
117,20.306
118,20.254
119,20.197
120,20.135
121,20.068
122,19.994
123,19.913
124,19.825
125,19.729
126,19.624
127,19.51
128,19.385
129,19.25
130,19.103
131,18.944
132,18.771
133,18.583
134,18.381
135,18.162
136,17.926
137,17.671
138,17.398
139,17.104
140,16.79
141,16.454
142,16.094
143,15.712
144,15.305
145,14.873
146,14.415
147,13.931
148,13.42
149,12.882
150,12.317
151,11.724
152,11.104
153,10.455
154,9.7788
155,9.0747
156,8.343
157,7.584
158,6.7979
159,5.9851
160,5.146
161,4.2811
162,3.3907
163,2.4755
164,1.536
165,0.57266
166,-0.41386
167,-1.423
168,-2.4542
169,-3.5067
170,-4.5801
171,-5.6737
172,-6.787
173,-7.9192
174,-9.07
175,-10.239
176,-11.425
177,-12.627
178,-13.846
179,-15.081
180,-16.331
181,-17.596
182,-18.875
183,-20.168
184,-21.474
185,-22.793
186,-24.125
187,-25.469
188,-26.825
189,-28.192
190,-29.57
191,-30.959
192,-32.358
193,-33.767
194,-35.185
195,-36.614
196,-38.051
197,-39.497
198,-40.952
199,-42.415
200,-43.886
