0,25.379
1,25.378
2,25.376
3,25.374
4,25.372
5,25.37
6,25.368
7,25.367
8,25.365
9,25.363
10,25.361
11,25.359
12,25.357
13,25.356
14,25.354
15,25.352
16,25.35
17,25.348
18,25.346
19,25.345
20,25.343
21,25.341
22,25.339
23,25.337
24,25.335
25,25.334
26,25.332
27,25.33
28,25.328
29,25.326
30,25.324
31,25.323
32,25.321
33,25.319
34,25.317
35,25.315
36,25.313
37,25.312
38,25.31
39,25.308
40,25.306
41,25.304
42,25.302
43,25.301
44,25.299
45,25.297
46,25.295
47,25.293
48,25.291
49,25.29
50,25.288
51,25.286
52,25.284
53,25.282
54,25.28
55,25.279
56,25.277
57,25.275
58,25.273
59,25.271
60,25.269
61,25.268
62,25.266
63,25.264
64,25.262
65,25.26
66,25.258
67,25.257
68,25.255
69,25.253
70,25.251
71,25.249
72,25.247
73,25.245
74,25.244
75,25.242
76,25.24
77,25.238
78,25.236
79,25.234
80,25.232
81,25.23
82,25.228
83,25.227
84,25.225
85,25.223
86,25.221
87,25.219
88,25.217
89,25.215
90,25.213
91,25.211
92,25.209
93,25.207
94,25.204
95,25.202
96,25.2
97,25.198
98,25.196
99,25.193
100,25.191
101,25.188
102,25.186
103,25.183
104,25.181
105,25.178
106,25.175
107,25.172
108,25.169
109,25.166
110,25.162
111,25.159
112,25.155
113,25.151
114,25.147
115,25.142
116,25.138
117,25.133
118,25.127
119,25.121
120,25.115
121,25.108
122,25.101
123,25.093
124,25.085
125,25.075
126,25.065
127,25.054
128,25.042
129,25.029
130,25.014
131,24.998
132,24.981
133,24.962
134,24.941
135,24.918
136,24.893
137,24.865
138,24.834
139,24.801
140,24.764
141,24.723
142,24.678
143,24.628
144,24.574
145,24.514
146,24.447
147,24.375
148,24.295
149,24.207
150,24.11
151,24.005
152,23.888
153,23.761
154,23.622
155,23.47
156,23.304
157,23.123
158,22.926
159,22.712
160,22.479
161,22.228
162,21.955
163,21.662
164,21.345
165,21.005
166,20.64
167,20.25
168,19.834
169,19.39
170,18.918
171,18.418
172,17.888
173,17.33
174,16.741
175,16.123
176,15.475
177,14.797
178,14.089
179,13.351
180,12.585
181,11.789
182,10.965
183,10.112
184,9.2324
185,8.3256
186,7.3924
187,6.4336
188,5.4497
189,4.4415
190,3.4096
191,2.3547
192,1.2775
193,0.17879
194,-0.94086
195,-2.0808
196,-3.2402
197,-4.4186
198,-5.6153
199,-6.8296
200,-8.061
