0,13.627
1,13.625
2,13.623
3,13.621
4,13.619
5,13.618
6,13.616
7,13.614
8,13.612
9,13.61
10,13.608
11,13.607
12,13.605
13,13.603
14,13.601
15,13.599
16,13.597
17,13.596
18,13.594
19,13.592
20,13.59
21,13.588
22,13.586
23,13.585
24,13.583
25,13.581
26,13.579
27,13.577
28,13.576
29,13.574
30,13.572
31,13.57
32,13.568
33,13.566
34,13.565
35,13.563
36,13.561
37,13.559
38,13.557
39,13.555
40,13.554
41,13.552
42,13.55
43,13.548
44,13.546
45,13.544
46,13.543
47,13.541
48,13.539
49,13.537
50,13.535
51,13.533
52,13.532
53,13.53
54,13.528
55,13.526
56,13.524
57,13.522
58,13.521
59,13.519
60,13.517
61,13.515
62,13.513
63,13.511
64,13.51
65,13.508
66,13.506
67,13.504
68,13.502
69,13.5
70,13.499
71,13.497
72,13.495
73,13.493
74,13.491
75,13.489
76,13.487
77,13.486
78,13.484
79,13.482
80,13.48
81,13.478
82,13.476
83,13.475
84,13.473
85,13.471
86,13.469
87,13.467
88,13.465
89,13.463
90,13.461
91,13.459
92,13.458
93,13.456
94,13.454
95,13.452
96,13.45
97,13.448
98,13.446
99,13.444
100,13.442
101,13.44
102,13.438
103,13.436
104,13.434
105,13.431
106,13.429
107,13.427
108,13.425
109,13.423
110,13.42
111,13.418
112,13.415
113,13.413
114,13.41
115,13.407
116,13.405
117,13.402
118,13.399
119,13.395
120,13.392
121,13.388
122,13.385
123,13.381
124,13.377
125,13.372
126,13.368
127,13.363
128,13.357
129,13.351
130,13.345
131,13.339
132,13.331
133,13.323
134,13.315
135,13.306
136,13.296
137,13.285
138,13.273
139,13.259
140,13.245
141,13.229
142,13.212
143,13.193
144,13.172
145,13.149
146,13.123
147,13.095
148,13.065
149,13.031
150,12.993
151,12.952
152,12.907
153,12.857
154,12.801
155,12.741
156,12.674
157,12.6
158,12.519
159,12.429
160,12.331
161,12.224
162,12.105
163,11.976
164,11.834
165,11.679
166,11.509
167,11.324
168,11.123
169,10.904
170,10.666
171,10.408
172,10.129
173,9.8287
174,9.5048
175,9.1566
176,8.7832
177,8.3837
178,7.9571
179,7.5028
180,7.0201
181,6.5084
182,5.9672
183,5.3962
184,4.7951
185,4.1638
186,3.5022
187,2.8105
188,2.0887
189,1.3372
190,0.55617
191,-0.2539
192,-1.0926
193,-1.9593
194,-2.8535
195,-3.7747
196,-4.722
197,-5.695
198,-6.6929
199,-7.715
200,-8.7606
