0,20.66
1,20.658
2,20.656
3,20.655
4,20.653
5,20.651
6,20.649
7,20.647
8,20.645
9,20.644
10,20.642
11,20.64
12,20.638
13,20.636
14,20.634
15,20.633
16,20.631
17,20.629
18,20.627
19,20.625
20,20.623
21,20.622
22,20.62
23,20.618
24,20.616
25,20.614
26,20.612
27,20.611
28,20.609
29,20.607
30,20.605
31,20.603
32,20.602
33,20.6
34,20.598
35,20.596
36,20.594
37,20.592
38,20.591
39,20.589
40,20.587
41,20.585
42,20.583
43,20.581
44,20.58
45,20.578
46,20.576
47,20.574
48,20.572
49,20.57
50,20.569
51,20.567
52,20.565
53,20.563
54,20.561
55,20.559
56,20.558
57,20.556
58,20.554
59,20.552
60,20.55
61,20.548
62,20.546
63,20.545
64,20.543
65,20.541
66,20.539
67,20.537
68,20.535
69,20.534
70,20.532
71,20.53
72,20.528
73,20.526
74,20.524
75,20.522
76,20.52
77,20.519
78,20.517
79,20.515
80,20.513
81,20.511
82,20.509
83,20.507
84,20.505
85,20.503
86,20.501
87,20.499
88,20.497
89,20.495
90,20.493
91,20.491
92,20.489
93,20.487
94,20.484
95,20.482
96,20.48
97,20.478
98,20.475
99,20.473
100,20.47
101,20.468
102,20.465
103,20.463
104,20.46
105,20.457
106,20.454
107,20.451
108,20.447
109,20.444
110,20.44
111,20.436
112,20.432
113,20.428
114,20.423
115,20.418
116,20.413
117,20.407
118,20.401
119,20.395
120,20.387
121,20.38
122,20.372
123,20.363
124,20.353
125,20.342
126,20.331
127,20.318
128,20.304
129,20.289
130,20.273
131,20.255
132,20.235
133,20.213
134,20.189
135,20.163
136,20.134
137,20.103
138,20.068
139,20.029
140,19.987
141,19.941
142,19.89
143,19.833
144,19.772
145,19.704
146,19.629
147,19.547
148,19.457
149,19.358
150,19.25
151,19.131
152,19.002
153,18.86
154,18.705
155,18.536
156,18.353
157,18.153
158,17.936
159,17.701
160,17.446
161,17.171
162,16.875
163,16.556
164,16.214
165,15.847
166,15.455
167,15.036
168,14.591
169,14.118
170,13.616
171,13.086
172,12.527
173,11.939
174,11.32
175,10.673
176,9.9955
177,9.2886
178,8.5525
179,7.7873
180,6.9934
181,6.1712
182,5.3213
183,4.444
184,3.54
185,2.6098
186,1.6542
187,0.67367
188,-0.33105
189,-1.3593
190,-2.4104
191,-3.4837
192,-4.5785
193,-5.6941
194,-6.8298
195,-7.9851
196,-9.1592
197,-10.352
198,-11.562
199,-12.789
200,-14.032
