0,12.975
1,12.973
2,12.972
3,12.97
4,12.968
5,12.966
6,12.964
7,12.962
8,12.961
9,12.959
10,12.957
11,12.955
12,12.953
13,12.951
14,12.95
15,12.948
16,12.946
17,12.944
18,12.942
19,12.94
20,12.939
21,12.937
22,12.935
23,12.933
24,12.931
25,12.929
26,12.928
27,12.926
28,12.924
29,12.922
30,12.92
31,12.918
32,12.917
33,12.915
34,12.913
35,12.911
36,12.909
37,12.907
38,12.906
39,12.904
40,12.902
41,12.9
42,12.898
43,12.896
44,12.895
45,12.893
46,12.891
47,12.889
48,12.887
49,12.885
50,12.884
51,12.882
52,12.88
53,12.878
54,12.876
55,12.875
56,12.873
57,12.871
58,12.869
59,12.867
60,12.865
61,12.864
62,12.862
63,12.86
64,12.858
65,12.856
66,12.854
67,12.853
68,12.851
69,12.849
70,12.847
71,12.845
72,12.843
73,12.841
74,12.84
75,12.838
76,12.836
77,12.834
78,12.832
79,12.83
80,12.829
81,12.827
82,12.825
83,12.823
84,12.821
85,12.819
86,12.817
87,12.816
88,12.814
89,12.812
90,12.81
91,12.808
92,12.806
93,12.804
94,12.802
95,12.801
96,12.799
97,12.797
98,12.795
99,12.793
100,12.791
101,12.789
102,12.787
103,12.785
104,12.783
105,12.781
106,12.779
107,12.777
108,12.775
109,12.772
110,12.77
111,12.768
112,12.766
113,12.763
114,12.761
115,12.758
116,12.756
117,12.753
118,12.75
119,12.748
120,12.745
121,12.742
122,12.739
123,12.735
124,12.732
125,12.728
126,12.724
127,12.72
128,12.716
129,12.711
130,12.706
131,12.7
132,12.695
133,12.689
134,12.682
135,12.675
136,12.667
137,12.658
138,12.649
139,12.639
140,12.628
141,12.616
142,12.602
143,12.588
144,12.572
145,12.555
146,12.535
147,12.514
148,12.491
149,12.465
150,12.437
151,12.406
152,12.372
153,12.334
154,12.292
155,12.246
156,12.195
157,12.139
158,12.078
159,12.01
160,11.935
161,11.852
162,11.761
163,11.661
164,11.551
165,11.431
166,11.299
167,11.154
168,10.995
169,10.822
170,10.633
171,10.428
172,10.204
173,9.961
174,9.6978
175,9.4131
176,9.1059
177,8.775
178,8.4194
179,8.0381
180,7.6302
181,7.1949
182,6.7314
183,6.239
184,5.7173
185,5.1658
186,4.5842
187,3.9722
188,3.3298
189,2.657
190,1.9537
191,1.2204
192,0.45714
193,-0.33561
194,-1.1574
195,-2.0078
196,-2.8863
197,-3.7922
198,-4.7248
199,-5.6837
200,-6.6679
