0,16.643
1,16.642
2,16.64
3,16.638
4,16.636
5,16.634
6,16.632
7,16.631
8,16.629
9,16.627
10,16.625
11,16.623
12,16.621
13,16.62
14,16.618
15,16.616
16,16.614
17,16.612
18,16.61
19,16.609
20,16.607
21,16.605
22,16.603
23,16.601
24,16.599
25,16.598
26,16.596
27,16.594
28,16.592
29,16.59
30,16.588
31,16.587
32,16.585
33,16.583
34,16.581
35,16.579
36,16.577
37,16.576
38,16.574
39,16.572
40,16.57
41,16.568
42,16.566
43,16.565
44,16.563
45,16.561
46,16.559
47,16.557
48,16.555
49,16.554
50,16.552
51,16.55
52,16.548
53,16.546
54,16.544
55,16.543
56,16.541
57,16.539
58,16.537
59,16.535
60,16.533
61,16.531
62,16.53
63,16.528
64,16.526
65,16.524
66,16.522
67,16.52
68,16.518
69,16.516
70,16.515
71,16.513
72,16.511
73,16.509
74,16.507
75,16.505
76,16.503
77,16.501
78,16.499
79,16.497
80,16.495
81,16.493
82,16.491
83,16.489
84,16.487
85,16.485
86,16.482
87,16.48
88,16.478
89,16.476
90,16.473
91,16.471
92,16.468
93,16.466
94,16.463
95,16.461
96,16.458
97,16.455
98,16.452
99,16.449
100,16.446
101,16.442
102,16.439
103,16.435
104,16.431
105,16.427
106,16.422
107,16.417
108,16.412
109,16.407
110,16.401
111,16.395
112,16.388
113,16.381
114,16.373
115,16.365
116,16.356
117,16.346
118,16.335
119,16.324
120,16.311
121,16.297
122,16.282
123,16.266
124,16.248
125,16.228
126,16.206
127,16.183
128,16.157
129,16.128
130,16.097
131,16.062
132,16.025
133,15.984
134,15.938
135,15.888
136,15.834
137,15.774
138,15.708
139,15.636
140,15.557
141,15.47
142,15.375
143,15.271
144,15.158
145,15.034
146,14.898
147,14.751
148,14.59
149,14.415
150,14.225
151,14.019
152,13.796
153,13.555
154,13.295
155,13.014
156,12.712
157,12.388
158,12.041
159,11.67
160,11.273
161,10.851
162,10.403
163,9.9274
164,9.4242
165,8.893
166,8.3333
167,7.745
168,7.1278
169,6.4816
170,5.8064
171,5.1025
172,4.3698
173,3.6088
174,2.8196
175,2.0028
176,1.1587
177,0.28777
178,-0.60939
179,-1.5322
180,-2.4802
181,-3.4526
182,-4.4489
183,-5.4685
184,-6.5106
185,-7.5747
186,-8.66
187,-9.766
188,-10.892
189,-12.037
190,-13.202
191,-14.384
192,-15.584
193,-16.801
194,-18.034
195,-19.283
196,-20.547
197,-21.827
198,-23.121
199,-24.428
200,-25.749
