0,15.697
1,15.695
2,15.693
3,15.691
4,15.689
5,15.688
6,15.686
7,15.684
8,15.682
9,15.68
10,15.678
11,15.677
12,15.675
13,15.673
14,15.671
15,15.669
16,15.667
17,15.666
18,15.664
19,15.662
20,15.66
21,15.658
22,15.657
23,15.655
24,15.653
25,15.651
26,15.649
27,15.647
28,15.646
29,15.644
30,15.642
31,15.64
32,15.638
33,15.636
34,15.635
35,15.633
36,15.631
37,15.629
38,15.627
39,15.625
40,15.624
41,15.622
42,15.62
43,15.618
44,15.616
45,15.614
46,15.613
47,15.611
48,15.609
49,15.607
50,15.605
51,15.603
52,15.602
53,15.6
54,15.598
55,15.596
56,15.594
57,15.592
58,15.591
59,15.589
60,15.587
61,15.585
62,15.583
63,15.581
64,15.579
65,15.578
66,15.576
67,15.574
68,15.572
69,15.57
70,15.568
71,15.567
72,15.565
73,15.563
74,15.561
75,15.559
76,15.557
77,15.555
78,15.553
79,15.551
80,15.55
81,15.548
82,15.546
83,15.544
84,15.542
85,15.54
86,15.538
87,15.536
88,15.534
89,15.532
90,15.53
91,15.528
92,15.526
93,15.524
94,15.522
95,15.519
96,15.517
97,15.515
98,15.513
99,15.51
100,15.508
101,15.505
102,15.503
103,15.5
104,15.498
105,15.495
106,15.492
107,15.489
108,15.486
109,15.482
110,15.479
111,15.475
112,15.471
113,15.467
114,15.463
115,15.458
116,15.454
117,15.448
118,15.443
119,15.437
120,15.43
121,15.424
122,15.416
123,15.408
124,15.399
125,15.39
126,15.379
127,15.368
128,15.356
129,15.342
130,15.328
131,15.312
132,15.294
133,15.275
134,15.254
135,15.23
136,15.205
137,15.177
138,15.146
139,15.112
140,15.075
141,15.034
142,14.989
143,14.939
144,14.885
145,14.825
146,14.759
147,14.687
148,14.607
149,14.52
150,14.425
151,14.32
152,14.205
153,14.079
154,13.942
155,13.792
156,13.629
157,13.45
158,13.257
159,13.046
160,12.818
161,12.571
162,12.304
163,12.017
164,11.707
165,11.374
166,11.017
167,10.635
168,10.227
169,9.793
170,9.3315
171,8.842
172,8.3241
173,7.7773
174,7.2014
175,6.5961
176,5.9613
177,5.2969
178,4.603
179,3.8799
180,3.1277
181,2.3467
182,1.5373
183,0.69998
184,-0.16478
185,-1.0564
186,-1.9744
187,-2.9181
188,-3.8869
189,-4.8802
190,-5.8972
191,-6.9373
192,-7.9998
193,-9.0841
194,-10.19
195,-11.315
196,-12.461
197,-13.626
198,-14.809
199,-16.01
200,-17.228
