0,12.486
1,12.484
2,12.482
3,12.48
4,12.478
5,12.476
6,12.475
7,12.473
8,12.471
9,12.469
10,12.467
11,12.465
12,12.464
13,12.462
14,12.46
15,12.458
16,12.456
17,12.454
18,12.453
19,12.451
20,12.449
21,12.447
22,12.445
23,12.443
24,12.442
25,12.44
26,12.438
27,12.436
28,12.434
29,12.433
30,12.431
31,12.429
32,12.427
33,12.425
34,12.423
35,12.422
36,12.42
37,12.418
38,12.416
39,12.414
40,12.412
41,12.411
42,12.409
43,12.407
44,12.405
45,12.403
46,12.401
47,12.4
48,12.398
49,12.396
50,12.394
51,12.392
52,12.39
53,12.389
54,12.387
55,12.385
56,12.383
57,12.381
58,12.379
59,12.378
60,12.376
61,12.374
62,12.372
63,12.37
64,12.368
65,12.367
66,12.365
67,12.363
68,12.361
69,12.359
70,12.357
71,12.356
72,12.354
73,12.352
74,12.35
75,12.348
76,12.346
77,12.345
78,12.343
79,12.341
80,12.339
81,12.337
82,12.335
83,12.333
84,12.332
85,12.33
86,12.328
87,12.326
88,12.324
89,12.322
90,12.32
91,12.318
92,12.317
93,12.315
94,12.313
95,12.311
96,12.309
97,12.307
98,12.305
99,12.303
100,12.301
101,12.299
102,12.297
103,12.295
104,12.293
105,12.291
106,12.289
107,12.287
108,12.284
109,12.282
110,12.28
111,12.278
112,12.275
113,12.273
114,12.27
115,12.268
116,12.265
117,12.263
118,12.26
119,12.257
120,12.254
121,12.251
122,12.247
123,12.244
124,12.24
125,12.236
126,12.232
127,12.227
128,12.223
129,12.218
130,12.212
131,12.206
132,12.2
133,12.193
134,12.186
135,12.178
136,12.17
137,12.16
138,12.15
139,12.139
140,12.127
141,12.114
142,12.099
143,12.083
144,12.066
145,12.046
146,12.025
147,12.002
148,11.976
149,11.948
150,11.917
151,11.882
152,11.845
153,11.803
154,11.757
155,11.706
156,11.65
157,11.588
158,11.52
159,11.445
160,11.363
161,11.272
162,11.172
163,11.063
164,10.942
165,10.811
166,10.666
167,10.508
168,10.336
169,10.148
170,9.943
171,9.7202
172,9.4784
173,9.2165
174,8.9332
175,8.6275
176,8.2983
177,7.9445
178,7.5652
179,7.1595
180,6.7265
181,6.2655
182,5.7758
183,5.2569
184,4.7084
185,4.1298
186,3.521
187,2.8819
188,2.2124
189,1.5126
190,0.78282
191,0.023204
192,-0.76587
193,-1.584
194,-2.4306
195,-3.3053
196,-4.2074
197,-5.1363
198,-6.0914
199,-7.0719
200,-8.0772
