0,17.655
1,17.653
2,17.652
3,17.65
4,17.648
5,17.646
6,17.644
7,17.642
8,17.641
9,17.639
10,17.637
11,17.635
12,17.633
13,17.631
14,17.63
15,17.628
16,17.626
17,17.624
18,17.622
19,17.62
20,17.619
21,17.617
22,17.615
23,17.613
24,17.611
25,17.609
26,17.608
27,17.606
28,17.604
29,17.602
30,17.6
31,17.598
32,17.597
33,17.595
34,17.593
35,17.591
36,17.589
37,17.587
38,17.586
39,17.584
40,17.582
41,17.58
42,17.578
43,17.576
44,17.575
45,17.573
46,17.571
47,17.569
48,17.567
49,17.565
50,17.564
51,17.562
52,17.56
53,17.558
54,17.556
55,17.554
56,17.553
57,17.551
58,17.549
59,17.547
60,17.545
61,17.543
62,17.542
63,17.54
64,17.538
65,17.536
66,17.534
67,17.532
68,17.531
69,17.529
70,17.527
71,17.525
72,17.523
73,17.521
74,17.52
75,17.518
76,17.516
77,17.514
78,17.512
79,17.51
80,17.508
81,17.506
82,17.505
83,17.503
84,17.501
85,17.499
86,17.497
87,17.495
88,17.493
89,17.491
90,17.489
91,17.487
92,17.485
93,17.483
94,17.481
95,17.479
96,17.477
97,17.475
98,17.473
99,17.471
100,17.469
101,17.466
102,17.464
103,17.462
104,17.459
105,17.457
106,17.454
107,17.452
108,17.449
109,17.446
110,17.444
111,17.441
112,17.438
113,17.434
114,17.431
115,17.427
116,17.424
117,17.42
118,17.416
119,17.411
120,17.406
121,17.401
122,17.396
123,17.39
124,17.384
125,17.377
126,17.37
127,17.362
128,17.353
129,17.344
130,17.334
131,17.323
132,17.311
133,17.297
134,17.283
135,17.267
136,17.25
137,17.231
138,17.21
139,17.187
140,17.162
141,17.134
142,17.104
143,17.07
144,17.033
145,16.992
146,16.947
147,16.898
148,16.843
149,16.783
150,16.717
151,16.645
152,16.565
153,16.477
154,16.381
155,16.275
156,16.159
157,16.032
158,15.894
159,15.742
160,15.576
161,15.395
162,15.199
163,14.985
164,14.753
165,14.501
166,14.23
167,13.936
168,13.62
169,13.281
170,12.917
171,12.527
172,12.111
173,11.667
174,11.196
175,10.696
176,10.168
177,9.6097
178,9.022
179,8.4044
180,7.7569
181,7.0794
182,6.3722
183,5.6353
184,4.8691
185,4.0739
186,3.2502
187,2.3984
188,1.5191
189,0.6128
190,-0.31982
191,-1.2781
192,-2.2615
193,-3.2693
194,-4.3007
195,-5.3551
196,-6.4318
197,-7.5301
198,-8.6493
199,-9.7888
200,-10.948
