0,17.084
1,17.082
2,17.081
3,17.079
4,17.077
5,17.075
6,17.073
7,17.071
8,17.07
9,17.068
10,17.066
11,17.064
12,17.062
13,17.06
14,17.059
15,17.057
16,17.055
17,17.053
18,17.051
19,17.049
20,17.048
21,17.046
22,17.044
23,17.042
24,17.04
25,17.038
26,17.037
27,17.035
28,17.033
29,17.031
30,17.029
31,17.027
32,17.026
33,17.024
34,17.022
35,17.02
36,17.018
37,17.016
38,17.015
39,17.013
40,17.011
41,17.009
42,17.007
43,17.005
44,17.004
45,17.002
46,17
47,16.998
48,16.996
49,16.994
50,16.993
51,16.991
52,16.989
53,16.987
54,16.985
55,16.983
56,16.982
57,16.98
58,16.978
59,16.976
60,16.974
61,16.972
62,16.97
63,16.969
64,16.967
65,16.965
66,16.963
67,16.961
68,16.959
69,16.957
70,16.956
71,16.954
72,16.952
73,16.95
74,16.948
75,16.946
76,16.944
77,16.942
78,16.94
79,16.938
80,16.936
81,16.934
82,16.932
83,16.93
84,16.928
85,16.926
86,16.924
87,16.922
88,16.92
89,16.918
90,16.915
91,16.913
92,16.911
93,16.908
94,16.906
95,16.903
96,16.901
97,16.898
98,16.896
99,16.893
100,16.89
101,16.887
102,16.884
103,16.88
104,16.877
105,16.873
106,16.869
107,16.865
108,16.861
109,16.856
110,16.851
111,16.846
112,16.84
113,16.834
114,16.828
115,16.821
116,16.813
117,16.805
118,16.797
119,16.787
120,16.777
121,16.765
122,16.753
123,16.74
124,16.725
125,16.709
126,16.692
127,16.673
128,16.652
129,16.629
130,16.604
131,16.576
132,16.546
133,16.512
134,16.476
135,16.436
136,16.392
137,16.343
138,16.29
139,16.231
140,16.167
141,16.097
142,16.02
143,15.935
144,15.842
145,15.741
146,15.629
147,15.508
148,15.375
149,15.23
150,15.072
151,14.9
152,14.714
153,14.511
154,14.291
155,14.053
156,13.796
157,13.519
158,13.22
159,12.899
160,12.555
161,12.187
162,11.794
163,11.376
164,10.93
165,10.458
166,9.9574
167,9.4289
168,8.8717
169,8.2857
170,7.6707
171,7.0265
172,6.3532
173,5.6508
174,4.9196
175,4.1597
176,3.3716
177,2.5556
178,1.7121
179,0.8416
180,-0.05531
181,-0.97808
182,-1.9261
183,-2.8988
184,-3.8955
185,-4.9156
186,-5.9584
187,-7.0233
188,-8.1095
189,-9.2165
190,-10.344
191,-11.49
192,-12.656
193,-13.839
194,-15.041
195,-16.259
196,-17.494
197,-18.745
198,-20.011
199,-21.292
200,-22.587
