0,27.032
1,27.03
2,27.028
3,27.026
4,27.024
5,27.023
6,27.021
7,27.019
8,27.017
9,27.015
10,27.013
11,27.012
12,27.01
13,27.008
14,27.006
15,27.004
16,27.002
17,27.001
18,26.999
19,26.997
20,26.995
21,26.993
22,26.991
23,26.99
24,26.988
25,26.986
26,26.984
27,26.982
28,26.98
29,26.979
30,26.977
31,26.975
32,26.973
33,26.971
34,26.969
35,26.968
36,26.966
37,26.964
38,26.962
39,26.96
40,26.958
41,26.957
42,26.955
43,26.953
44,26.951
45,26.949
46,26.947
47,26.946
48,26.944
49,26.942
50,26.94
51,26.938
52,26.936
53,26.935
54,26.933
55,26.931
56,26.929
57,26.927
58,26.925
59,26.924
60,26.922
61,26.92
62,26.918
63,26.916
64,26.914
65,26.913
66,26.911
67,26.909
68,26.907
69,26.905
70,26.903
71,26.902
72,26.9
73,26.898
74,26.896
75,26.894
76,26.892
77,26.89
78,26.889
79,26.887
80,26.885
81,26.883
82,26.881
83,26.879
84,26.877
85,26.876
86,26.874
87,26.872
88,26.87
89,26.868
90,26.866
91,26.864
92,26.862
93,26.86
94,26.858
95,26.856
96,26.854
97,26.852
98,26.85
99,26.848
100,26.846
101,26.844
102,26.842
103,26.839
104,26.837
105,26.835
106,26.832
107,26.83
108,26.827
109,26.825
110,26.822
111,26.819
112,26.817
113,26.814
114,26.811
115,26.807
116,26.804
117,26.8
118,26.797
119,26.793
120,26.788
121,26.784
122,26.779
123,26.774
124,26.769
125,26.763
126,26.756
127,26.749
128,26.742
129,26.734
130,26.725
131,26.716
132,26.705
133,26.694
134,26.681
135,26.668
136,26.653
137,26.637
138,26.619
139,26.599
140,26.577
141,26.553
142,26.527
143,26.498
144,26.465
145,26.43
146,26.391
147,26.348
148,26.301
149,26.248
150,26.19
151,26.127
152,26.056
153,25.979
154,25.894
155,25.8
156,25.697
157,25.584
158,25.46
159,25.324
160,25.175
161,25.012
162,24.834
163,24.64
164,24.429
165,24.199
166,23.95
167,23.68
168,23.388
169,23.074
170,22.735
171,22.371
172,21.982
173,21.565
174,21.121
175,20.649
176,20.147
177,19.616
178,19.055
179,18.464
180,17.842
181,17.19
182,16.508
183,15.795
184,15.052
185,14.279
186,13.477
187,12.646
188,11.787
189,10.9
190,9.9856
191,9.0445
192,8.0776
193,7.0854
194,6.0687
195,5.0281
196,3.9645
197,2.8784
198,1.7707
199,0.64204
200,-0.50692
