0,30.137
1,30.136
2,30.134
3,30.132
4,30.13
5,30.128
6,30.126
7,30.125
8,30.123
9,30.121
10,30.119
11,30.117
12,30.115
13,30.114
14,30.112
15,30.11
16,30.108
17,30.106
18,30.104
19,30.103
20,30.101
21,30.099
22,30.097
23,30.095
24,30.093
25,30.092
26,30.09
27,30.088
28,30.086
29,30.084
30,30.082
31,30.081
32,30.079
33,30.077
34,30.075
35,30.073
36,30.071
37,30.069
38,30.067
39,30.066
40,30.064
41,30.062
42,30.06
43,30.058
44,30.056
45,30.054
46,30.052
47,30.05
48,30.048
49,30.047
50,30.045
51,30.043
52,30.041
53,30.039
54,30.037
55,30.035
56,30.033
57,30.03
58,30.028
59,30.026
60,30.024
61,30.022
62,30.02
63,30.017
64,30.015
65,30.013
66,30.01
67,30.008
68,30.005
69,30.003
70,30
71,29.997
72,29.994
73,29.991
74,29.988
75,29.985
76,29.981
77,29.978
78,29.974
79,29.97
80,29.966
81,29.962
82,29.957
83,29.952
84,29.947
85,29.941
86,29.935
87,29.929
88,29.922
89,29.915
90,29.907
91,29.898
92,29.889
93,29.879
94,29.868
95,29.856
96,29.844
97,29.83
98,29.815
99,29.798
100,29.78
101,29.761
102,29.74
103,29.716
104,29.691
105,29.663
106,29.633
107,29.6
108,29.564
109,29.524
110,29.481
111,29.433
112,29.382
113,29.325
114,29.263
115,29.195
116,29.122
117,29.041
118,28.953
119,28.857
120,28.752
121,28.638
122,28.514
123,28.379
124,28.232
125,28.073
126,27.901
127,27.714
128,27.512
129,27.294
130,27.058
131,26.805
132,26.533
133,26.241
134,25.927
135,25.592
136,25.235
137,24.854
138,24.449
139,24.018
140,23.563
141,23.081
142,22.573
143,22.037
144,21.475
145,20.884
146,20.266
147,19.621
148,18.947
149,18.246
150,17.518
151,16.762
152,15.979
153,15.169
154,14.333
155,13.472
156,12.585
157,11.673
158,10.736
159,9.7764
160,8.7931
161,7.7873
162,6.7593
163,5.71
164,4.6398
165,3.5494
166,2.4393
167,1.3101
168,0.16239
169,-1.0032
170,-2.1862
171,-3.3861
172,-4.6022
173,-5.8341
174,-7.0813
175,-8.3433
176,-9.6197
177,-10.91
178,-12.214
179,-13.53
180,-14.859
181,-16.201
182,-17.554
183,-18.919
184,-20.294
185,-21.681
186,-23.077
187,-24.484
188,-25.901
189,-27.327
190,-28.762
191,-30.206
192,-31.659
193,-33.12
194,-34.589
195,-36.066
196,-37.551
197,-39.043
198,-40.542
199,-42.048
200,-43.561
