0,17.351
1,17.349
2,17.347
3,17.346
4,17.344
5,17.342
6,17.34
7,17.338
8,17.336
9,17.335
10,17.333
11,17.331
12,17.329
13,17.327
14,17.325
15,17.324
16,17.322
17,17.32
18,17.318
19,17.316
20,17.314
21,17.313
22,17.311
23,17.309
24,17.307
25,17.305
26,17.303
27,17.302
28,17.3
29,17.298
30,17.296
31,17.294
32,17.292
33,17.291
34,17.289
35,17.287
36,17.285
37,17.283
38,17.281
39,17.279
40,17.278
41,17.276
42,17.274
43,17.272
44,17.27
45,17.268
46,17.266
47,17.265
48,17.263
49,17.261
50,17.259
51,17.257
52,17.255
53,17.253
54,17.251
55,17.25
56,17.248
57,17.246
58,17.244
59,17.242
60,17.24
61,17.238
62,17.236
63,17.234
64,17.232
65,17.23
66,17.228
67,17.226
68,17.224
69,17.221
70,17.219
71,17.217
72,17.215
73,17.212
74,17.21
75,17.208
76,17.205
77,17.203
78,17.2
79,17.197
80,17.195
81,17.192
82,17.189
83,17.186
84,17.183
85,17.179
86,17.176
87,17.172
88,17.168
89,17.164
90,17.16
91,17.155
92,17.151
93,17.145
94,17.14
95,17.134
96,17.128
97,17.121
98,17.114
99,17.106
100,17.098
101,17.089
102,17.079
103,17.069
104,17.057
105,17.045
106,17.031
107,17.016
108,17
109,16.983
110,16.964
111,16.943
112,16.92
113,16.895
114,16.868
115,16.838
116,16.806
117,16.77
118,16.731
119,16.689
120,16.642
121,16.591
122,16.536
123,16.475
124,16.408
125,16.335
126,16.255
127,16.168
128,16.074
129,15.97
130,15.857
131,15.734
132,15.601
133,15.455
134,15.297
135,15.126
136,14.941
137,14.74
138,14.523
139,14.289
140,14.037
141,13.765
142,13.474
143,13.162
144,12.827
145,12.471
146,12.09
147,11.685
148,11.255
149,10.8
150,10.318
151,9.8092
152,9.2734
153,8.7101
154,8.1191
155,7.5003
156,6.8534
157,6.1787
158,5.4761
159,4.7458
160,3.9881
161,3.2032
162,2.3915
163,1.5534
164,0.68936
165,-0.20017
166,-1.1147
167,-2.0536
168,-3.0164
169,-4.0025
170,-5.0113
171,-6.0421
172,-7.0945
173,-8.1678
174,-9.2613
175,-10.375
176,-11.507
177,-12.658
178,-13.827
179,-15.013
180,-16.216
181,-17.435
182,-18.67
183,-19.921
184,-21.186
185,-22.465
186,-23.759
187,-25.065
188,-26.385
189,-27.717
190,-29.062
191,-30.418
192,-31.786
193,-33.164
194,-34.554
195,-35.954
196,-37.363
197,-38.783
198,-40.212
199,-41.65
200,-43.096
