0,15.871
1,15.87
2,15.868
3,15.866
4,15.864
5,15.862
6,15.86
7,15.859
8,15.857
9,15.855
10,15.853
11,15.851
12,15.849
13,15.848
14,15.846
15,15.844
16,15.842
17,15.84
18,15.838
19,15.837
20,15.835
21,15.833
22,15.831
23,15.829
24,15.827
25,15.826
26,15.824
27,15.822
28,15.82
29,15.818
30,15.816
31,15.815
32,15.813
33,15.811
34,15.809
35,15.807
36,15.805
37,15.804
38,15.802
39,15.8
40,15.798
41,15.796
42,15.794
43,15.793
44,15.791
45,15.789
46,15.787
47,15.785
48,15.783
49,15.782
50,15.78
51,15.778
52,15.776
53,15.774
54,15.772
55,15.771
56,15.769
57,15.767
58,15.765
59,15.763
60,15.761
61,15.76
62,15.758
63,15.756
64,15.754
65,15.752
66,15.75
67,15.749
68,15.747
69,15.745
70,15.743
71,15.741
72,15.739
73,15.738
74,15.736
75,15.734
76,15.732
77,15.73
78,15.728
79,15.726
80,15.725
81,15.723
82,15.721
83,15.719
84,15.717
85,15.715
86,15.713
87,15.712
88,15.71
89,15.708
90,15.706
91,15.704
92,15.702
93,15.7
94,15.698
95,15.696
96,15.694
97,15.692
98,15.69
99,15.688
100,15.686
101,15.684
102,15.682
103,15.68
104,15.677
105,15.675
106,15.673
107,15.67
108,15.668
109,15.666
110,15.663
111,15.661
112,15.658
113,15.655
114,15.652
115,15.649
116,15.646
117,15.643
118,15.639
119,15.636
120,15.632
121,15.628
122,15.624
123,15.619
124,15.614
125,15.609
126,15.603
127,15.597
128,15.591
129,15.584
130,15.576
131,15.568
132,15.559
133,15.55
134,15.539
135,15.528
136,15.515
137,15.501
138,15.486
139,15.47
140,15.452
141,15.432
142,15.41
143,15.386
144,15.359
145,15.33
146,15.298
147,15.263
148,15.224
149,15.181
150,15.133
151,15.081
152,15.024
153,14.96
154,14.891
155,14.814
156,14.73
157,14.637
158,14.535
159,14.423
160,14.3
161,14.166
162,14.019
163,13.859
164,13.683
165,13.492
166,13.284
167,13.058
168,12.814
169,12.548
170,12.262
171,11.953
172,11.621
173,11.264
174,10.881
175,10.473
176,10.037
177,9.5731
178,9.0808
179,8.5594
180,8.0085
181,7.4278
182,6.8171
183,6.1763
184,5.5053
185,4.8043
186,4.0734
187,3.3129
188,2.5232
189,1.7046
190,0.85773
191,-0.016982
192,-0.91894
193,-1.8475
194,-2.8021
195,-3.782
196,-4.7865
197,-5.8149
198,-6.8666
199,-7.9408
200,-9.0368
