0,12.675
1,12.673
2,12.671
3,12.669
4,12.667
5,12.666
6,12.664
7,12.662
8,12.66
9,12.658
10,12.657
11,12.655
12,12.653
13,12.651
14,12.649
15,12.647
16,12.646
17,12.644
18,12.642
19,12.64
20,12.638
21,12.636
22,12.635
23,12.633
24,12.631
25,12.629
26,12.627
27,12.625
28,12.624
29,12.622
30,12.62
31,12.618
32,12.616
33,12.614
34,12.613
35,12.611
36,12.609
37,12.607
38,12.605
39,12.603
40,12.602
41,12.6
42,12.598
43,12.596
44,12.594
45,12.592
46,12.591
47,12.589
48,12.587
49,12.585
50,12.583
51,12.581
52,12.58
53,12.578
54,12.576
55,12.574
56,12.572
57,12.57
58,12.568
59,12.567
60,12.565
61,12.563
62,12.561
63,12.559
64,12.557
65,12.555
66,12.554
67,12.552
68,12.55
69,12.548
70,12.546
71,12.544
72,12.542
73,12.54
74,12.538
75,12.536
76,12.534
77,12.533
78,12.531
79,12.529
80,12.527
81,12.525
82,12.522
83,12.52
84,12.518
85,12.516
86,12.514
87,12.512
88,12.51
89,12.507
90,12.505
91,12.503
92,12.5
93,12.498
94,12.495
95,12.493
96,12.49
97,12.487
98,12.484
99,12.481
100,12.478
101,12.475
102,12.471
103,12.467
104,12.464
105,12.46
106,12.455
107,12.451
108,12.446
109,12.441
110,12.435
111,12.429
112,12.423
113,12.416
114,12.409
115,12.401
116,12.393
117,12.383
118,12.373
119,12.362
120,12.35
121,12.337
122,12.323
123,12.308
124,12.291
125,12.273
126,12.252
127,12.23
128,12.206
129,12.18
130,12.151
131,12.119
132,12.084
133,12.045
134,12.003
135,11.957
136,11.906
137,11.851
138,11.79
139,11.723
140,11.649
141,11.569
142,11.481
143,11.384
144,11.279
145,11.164
146,11.038
147,10.901
148,10.751
149,10.588
150,10.411
151,10.219
152,10.011
153,9.7855
154,9.5418
155,9.2788
156,8.9955
157,8.6909
158,8.364
159,8.014
160,7.6398
161,7.2406
162,6.8157
163,6.3644
164,5.8861
165,5.3802
166,4.8462
167,4.2839
168,3.6929
169,3.0732
170,2.4246
171,1.7471
172,1.0409
173,0.30621
174,-0.45683
175,-1.2478
176,-2.0664
177,-2.9122
178,-3.7846
179,-4.6832
180,-5.6073
181,-6.5564
182,-7.5299
183,-8.5272
184,-9.5476
185,-10.591
186,-11.655
187,-12.741
188,-13.848
189,-14.974
190,-16.12
191,-17.284
192,-18.467
193,-19.667
194,-20.884
195,-22.117
196,-23.366
197,-24.631
198,-25.91
199,-27.203
200,-28.511
