0,12.518
1,12.516
2,12.514
3,12.512
4,12.511
5,12.509
6,12.507
7,12.505
8,12.503
9,12.501
10,12.5
11,12.498
12,12.496
13,12.494
14,12.492
15,12.491
16,12.489
17,12.487
18,12.485
19,12.483
20,12.481
21,12.48
22,12.478
23,12.476
24,12.474
25,12.472
26,12.47
27,12.469
28,12.467
29,12.465
30,12.463
31,12.461
32,12.459
33,12.457
34,12.456
35,12.454
36,12.452
37,12.45
38,12.448
39,12.446
40,12.445
41,12.443
42,12.441
43,12.439
44,12.437
45,12.435
46,12.434
47,12.432
48,12.43
49,12.428
50,12.426
51,12.424
52,12.422
53,12.42
54,12.419
55,12.417
56,12.415
57,12.413
58,12.411
59,12.409
60,12.407
61,12.405
62,12.403
63,12.401
64,12.399
65,12.397
66,12.395
67,12.393
68,12.391
69,12.389
70,12.387
71,12.385
72,12.383
73,12.381
74,12.379
75,12.377
76,12.374
77,12.372
78,12.37
79,12.367
80,12.365
81,12.362
82,12.36
83,12.357
84,12.354
85,12.351
86,12.348
87,12.345
88,12.342
89,12.339
90,12.335
91,12.332
92,12.328
93,12.324
94,12.319
95,12.315
96,12.31
97,12.305
98,12.299
99,12.293
100,12.287
101,12.28
102,12.273
103,12.265
104,12.257
105,12.247
106,12.238
107,12.227
108,12.215
109,12.203
110,12.189
111,12.174
112,12.158
113,12.14
114,12.12
115,12.099
116,12.076
117,12.051
118,12.023
119,11.993
120,11.96
121,11.924
122,11.884
123,11.84
124,11.793
125,11.741
126,11.684
127,11.622
128,11.554
129,11.479
130,11.398
131,11.309
132,11.212
133,11.107
134,10.991
135,10.866
136,10.729
137,10.58
138,10.419
139,10.244
140,10.055
141,9.8495
142,9.6279
143,9.3889
144,9.1314
145,8.8544
146,8.5571
147,8.2385
148,7.8977
149,7.5338
150,7.1461
151,6.7336
152,6.2959
153,5.8321
154,5.3419
155,4.8246
156,4.28
157,3.7078
158,3.1077
159,2.4795
160,1.8234
161,1.1392
162,0.42717
163,-0.31257
164,-1.0797
165,-1.8741
166,-2.6951
167,-3.5425
168,-4.4158
169,-5.3144
170,-6.238
171,-7.1858
172,-8.1573
173,-9.152
174,-10.169
175,-11.208
176,-12.269
177,-13.35
178,-14.451
179,-15.572
180,-16.712
181,-17.87
182,-19.046
183,-20.239
184,-21.449
185,-22.675
186,-23.916
187,-25.173
188,-26.444
189,-27.73
190,-29.029
191,-30.341
192,-31.667
193,-33.004
194,-34.354
195,-35.715
196,-37.088
197,-38.472
198,-39.866
199,-41.27
200,-42.684
