0,16.129
1,16.127
2,16.125
3,16.123
4,16.121
5,16.12
6,16.118
7,16.116
8,16.114
9,16.112
10,16.11
11,16.109
12,16.107
13,16.105
14,16.103
15,16.101
16,16.099
17,16.098
18,16.096
19,16.094
20,16.092
21,16.09
22,16.088
23,16.087
24,16.085
25,16.083
26,16.081
27,16.079
28,16.077
29,16.076
30,16.074
31,16.072
32,16.07
33,16.068
34,16.066
35,16.065
36,16.063
37,16.061
38,16.059
39,16.057
40,16.055
41,16.054
42,16.052
43,16.05
44,16.048
45,16.046
46,16.044
47,16.043
48,16.041
49,16.039
50,16.037
51,16.035
52,16.033
53,16.032
54,16.03
55,16.028
56,16.026
57,16.024
58,16.022
59,16.021
60,16.019
61,16.017
62,16.015
63,16.013
64,16.011
65,16.01
66,16.008
67,16.006
68,16.004
69,16.002
70,16
71,15.999
72,15.997
73,15.995
74,15.993
75,15.991
76,15.989
77,15.987
78,15.985
79,15.984
80,15.982
81,15.98
82,15.978
83,15.976
84,15.974
85,15.972
86,15.97
87,15.968
88,15.966
89,15.964
90,15.962
91,15.96
92,15.958
93,15.956
94,15.954
95,15.952
96,15.95
97,15.948
98,15.946
99,15.943
100,15.941
101,15.939
102,15.936
103,15.934
104,15.932
105,15.929
106,15.926
107,15.924
108,15.921
109,15.918
110,15.915
111,15.911
112,15.908
113,15.905
114,15.901
115,15.897
116,15.893
117,15.888
118,15.884
119,15.879
120,15.873
121,15.867
122,15.861
123,15.854
124,15.847
125,15.839
126,15.831
127,15.822
128,15.812
129,15.801
130,15.789
131,15.776
132,15.762
133,15.746
134,15.729
135,15.711
136,15.69
137,15.668
138,15.643
139,15.616
140,15.586
141,15.553
142,15.517
143,15.477
144,15.434
145,15.385
146,15.332
147,15.274
148,15.21
149,15.139
150,15.062
151,14.977
152,14.883
153,14.781
154,14.668
155,14.545
156,14.411
157,14.264
158,14.103
159,13.928
160,13.737
161,13.53
162,13.305
163,13.062
164,12.798
165,12.514
166,12.208
167,11.878
168,11.525
169,11.146
170,10.742
171,10.311
172,9.8524
173,9.3659
174,8.8509
175,8.3069
176,7.7335
177,7.1306
178,6.4979
179,5.8355
180,5.1434
181,4.4218
182,3.671
183,2.8911
184,2.0827
185,1.2461
186,0.38188
187,-0.50944
188,-1.4273
189,-2.371
190,-3.34
191,-4.3335
192,-5.351
193,-6.3918
194,-7.4551
195,-8.5403
196,-9.6466
197,-10.774
198,-11.92
199,-13.086
200,-14.271
