0,12.945
1,12.943
2,12.941
3,12.939
4,12.937
5,12.936
6,12.934
7,12.932
8,12.93
9,12.928
10,12.927
11,12.925
12,12.923
13,12.921
14,12.919
15,12.917
16,12.916
17,12.914
18,12.912
19,12.91
20,12.908
21,12.906
22,12.905
23,12.903
24,12.901
25,12.899
26,12.897
27,12.895
28,12.894
29,12.892
30,12.89
31,12.888
32,12.886
33,12.884
34,12.883
35,12.881
36,12.879
37,12.877
38,12.875
39,12.873
40,12.872
41,12.87
42,12.868
43,12.866
44,12.864
45,12.862
46,12.861
47,12.859
48,12.857
49,12.855
50,12.853
51,12.851
52,12.85
53,12.848
54,12.846
55,12.844
56,12.842
57,12.84
58,12.839
59,12.837
60,12.835
61,12.833
62,12.831
63,12.829
64,12.827
65,12.826
66,12.824
67,12.822
68,12.82
69,12.818
70,12.816
71,12.815
72,12.813
73,12.811
74,12.809
75,12.807
76,12.805
77,12.803
78,12.801
79,12.8
80,12.798
81,12.796
82,12.794
83,12.792
84,12.79
85,12.788
86,12.786
87,12.784
88,12.782
89,12.78
90,12.778
91,12.776
92,12.774
93,12.772
94,12.77
95,12.767
96,12.765
97,12.763
98,12.761
99,12.758
100,12.756
101,12.753
102,12.751
103,12.748
104,12.746
105,12.743
106,12.74
107,12.737
108,12.734
109,12.73
110,12.727
111,12.723
112,12.719
113,12.715
114,12.711
115,12.707
116,12.702
117,12.697
118,12.691
119,12.685
120,12.679
121,12.672
122,12.665
123,12.657
124,12.648
125,12.638
126,12.628
127,12.617
128,12.605
129,12.592
130,12.577
131,12.561
132,12.544
133,12.525
134,12.504
135,12.481
136,12.456
137,12.428
138,12.398
139,12.364
140,12.328
141,12.287
142,12.243
143,12.194
144,12.141
145,12.082
146,12.017
147,11.946
148,11.868
149,11.782
150,11.688
151,11.586
152,11.473
153,11.349
154,11.215
155,11.067
156,10.907
157,10.732
158,10.542
159,10.335
160,10.111
161,9.869
162,9.6069
163,9.3242
164,9.0197
165,8.6926
166,8.3417
167,7.9662
168,7.5652
169,7.1378
170,6.6835
171,6.2015
172,5.6913
173,5.1524
174,4.5845
175,3.9874
176,3.3609
177,2.705
178,2.0196
179,1.305
180,0.56135
181,-0.21108
182,-1.0119
183,-1.8407
184,-2.6971
185,-3.5804
186,-4.4902
187,-5.4257
188,-6.3865
189,-7.3719
190,-8.3811
191,-9.4136
192,-10.469
193,-11.546
194,-12.644
195,-13.763
196,-14.902
197,-16.06
198,-17.236
199,-18.431
200,-19.643
