0,16.691
1,16.689
2,16.687
3,16.685
4,16.683
5,16.681
6,16.68
7,16.678
8,16.676
9,16.674
10,16.672
11,16.67
12,16.669
13,16.667
14,16.665
15,16.663
16,16.661
17,16.659
18,16.658
19,16.656
20,16.654
21,16.652
22,16.65
23,16.648
24,16.647
25,16.645
26,16.643
27,16.641
28,16.639
29,16.637
30,16.636
31,16.634
32,16.632
33,16.63
34,16.628
35,16.626
36,16.625
37,16.623
38,16.621
39,16.619
40,16.617
41,16.615
42,16.614
43,16.612
44,16.61
45,16.608
46,16.606
47,16.604
48,16.602
49,16.601
50,16.599
51,16.597
52,16.595
53,16.593
54,16.591
55,16.589
56,16.587
57,16.585
58,16.584
59,16.582
60,16.58
61,16.578
62,16.576
63,16.574
64,16.572
65,16.57
66,16.568
67,16.566
68,16.564
69,16.562
70,16.559
71,16.557
72,16.555
73,16.553
74,16.551
75,16.548
76,16.546
77,16.543
78,16.541
79,16.538
80,16.536
81,16.533
82,16.53
83,16.528
84,16.525
85,16.521
86,16.518
87,16.515
88,16.511
89,16.508
90,16.504
91,16.5
92,16.495
93,16.491
94,16.486
95,16.48
96,16.475
97,16.469
98,16.463
99,16.456
100,16.448
101,16.44
102,16.432
103,16.422
104,16.412
105,16.402
106,16.39
107,16.377
108,16.363
109,16.348
110,16.331
111,16.313
112,16.294
113,16.272
114,16.248
115,16.223
116,16.195
117,16.164
118,16.13
119,16.094
120,16.053
121,16.009
122,15.961
123,15.908
124,15.85
125,15.787
126,15.718
127,15.643
128,15.56
129,15.47
130,15.371
131,15.264
132,15.147
133,15.02
134,14.881
135,14.73
136,14.567
137,14.389
138,14.197
139,13.989
140,13.765
141,13.523
142,13.262
143,12.981
144,12.681
145,12.358
146,12.013
147,11.646
148,11.254
149,10.837
150,10.395
151,9.9264
152,9.4316
153,8.9096
154,8.3603
155,7.7833
156,7.1783
157,6.5454
158,5.8844
159,5.1955
160,4.4786
161,3.7342
162,2.9623
163,2.1634
164,1.3378
165,0.48588
166,-0.39179
167,-1.2948
168,-2.2225
169,-3.1744
170,-4.15
171,-5.1486
172,-6.1696
173,-7.2124
174,-8.2765
175,-9.3612
176,-10.466
177,-11.59
178,-12.733
179,-13.894
180,-15.073
181,-16.269
182,-17.482
183,-18.71
184,-19.955
185,-21.214
186,-22.488
187,-23.775
188,-25.077
189,-26.392
190,-27.719
191,-29.059
192,-30.411
193,-31.774
194,-33.148
195,-34.534
196,-35.93
197,-37.336
198,-38.752
199,-40.177
200,-41.612
