0,22.803
1,22.801
2,22.799
3,22.797
4,22.795
5,22.794
6,22.792
7,22.79
8,22.788
9,22.786
10,22.784
11,22.783
12,22.781
13,22.779
14,22.777
15,22.775
16,22.773
17,22.772
18,22.77
19,22.768
20,22.766
21,22.764
22,22.762
23,22.761
24,22.759
25,22.757
26,22.755
27,22.753
28,22.751
29,22.75
30,22.748
31,22.746
32,22.744
33,22.742
34,22.74
35,22.739
36,22.737
37,22.735
38,22.733
39,22.731
40,22.729
41,22.728
42,22.726
43,22.724
44,22.722
45,22.72
46,22.718
47,22.717
48,22.715
49,22.713
50,22.711
51,22.709
52,22.707
53,22.706
54,22.704
55,22.702
56,22.7
57,22.698
58,22.696
59,22.695
60,22.693
61,22.691
62,22.689
63,22.687
64,22.685
65,22.684
66,22.682
67,22.68
68,22.678
69,22.676
70,22.674
71,22.672
72,22.671
73,22.669
74,22.667
75,22.665
76,22.663
77,22.661
78,22.659
79,22.657
80,22.655
81,22.653
82,22.652
83,22.65
84,22.648
85,22.646
86,22.644
87,22.642
88,22.64
89,22.638
90,22.636
91,22.634
92,22.631
93,22.629
94,22.627
95,22.625
96,22.623
97,22.62
98,22.618
99,22.616
100,22.613
101,22.611
102,22.608
103,22.605
104,22.603
105,22.6
106,22.597
107,22.593
108,22.59
109,22.587
110,22.583
111,22.579
112,22.575
113,22.571
114,22.566
115,22.562
116,22.556
117,22.551
118,22.545
119,22.538
120,22.531
121,22.524
122,22.516
123,22.507
124,22.497
125,22.487
126,22.476
127,22.463
128,22.45
129,22.435
130,22.419
131,22.401
132,22.382
133,22.36
134,22.337
135,22.311
136,22.282
137,22.251
138,22.217
139,22.179
140,22.137
141,22.092
142,22.041
143,21.986
144,21.925
145,21.858
146,21.784
147,21.703
148,21.614
149,21.516
150,21.409
151,21.292
152,21.163
153,21.023
154,20.869
155,20.702
156,20.52
157,20.322
158,20.106
159,19.873
160,19.62
161,19.347
162,19.052
163,18.735
164,18.394
165,18.029
166,17.638
167,17.221
168,16.777
169,16.306
170,15.806
171,15.277
172,14.719
173,14.132
174,13.515
175,12.868
176,12.192
177,11.486
178,10.75
179,9.9854
180,9.192
181,8.3701
182,7.5204
183,6.6433
184,5.7393
185,4.8091
186,3.8534
187,2.8726
188,1.8677
189,0.83906
190,-0.21246
191,-1.2862
192,-2.3815
193,-3.4977
194,-4.6341
195,-5.79
196,-6.9649
197,-8.1581
198,-9.3689
199,-10.597
200,-11.841
