0,29.583
1,29.581
2,29.579
3,29.577
4,29.576
5,29.574
6,29.572
7,29.57
8,29.568
9,29.566
10,29.565
11,29.563
12,29.561
13,29.559
14,29.557
15,29.555
16,29.554
17,29.552
18,29.55
19,29.548
20,29.546
21,29.544
22,29.543
23,29.541
24,29.539
25,29.537
26,29.535
27,29.533
28,29.532
29,29.53
30,29.528
31,29.526
32,29.524
33,29.522
34,29.52
35,29.519
36,29.517
37,29.515
38,29.513
39,29.511
40,29.509
41,29.508
42,29.506
43,29.504
44,29.502
45,29.5
46,29.498
47,29.496
48,29.494
49,29.493
50,29.491
51,29.489
52,29.487
53,29.485
54,29.483
55,29.481
56,29.479
57,29.477
58,29.475
59,29.473
60,29.471
61,29.469
62,29.467
63,29.465
64,29.463
65,29.461
66,29.459
67,29.457
68,29.455
69,29.452
70,29.45
71,29.448
72,29.446
73,29.443
74,29.441
75,29.438
76,29.436
77,29.433
78,29.43
79,29.427
80,29.424
81,29.421
82,29.418
83,29.415
84,29.411
85,29.407
86,29.403
87,29.399
88,29.395
89,29.39
90,29.385
91,29.38
92,29.375
93,29.369
94,29.362
95,29.355
96,29.348
97,29.34
98,29.331
99,29.322
100,29.312
101,29.301
102,29.289
103,29.276
104,29.262
105,29.247
106,29.23
107,29.212
108,29.192
109,29.17
110,29.146
111,29.12
112,29.092
113,29.061
114,29.027
115,28.989
116,28.949
117,28.904
118,28.855
119,28.801
120,28.742
121,28.678
122,28.607
123,28.53
124,28.446
125,28.354
126,28.254
127,28.144
128,28.025
129,27.894
130,27.753
131,27.599
132,27.431
133,27.25
134,27.053
135,26.841
136,26.611
137,26.363
138,26.097
139,25.81
140,25.502
141,25.172
142,24.82
143,24.444
144,24.043
145,23.618
146,23.166
147,22.688
148,22.183
149,21.651
150,21.091
151,20.503
152,19.886
153,19.242
154,18.569
155,17.869
156,17.14
157,16.384
158,15.6
159,14.789
160,13.951
161,13.088
162,12.198
163,11.283
164,10.344
165,9.3806
166,8.3937
167,7.3839
168,6.3518
169,5.298
170,4.2232
171,3.128
172,2.0129
173,0.87858
174,-0.27435
175,-1.4453
176,-2.6338
177,-3.8392
178,-5.061
179,-6.2986
180,-7.5516
181,-8.8194
182,-10.102
183,-11.398
184,-12.707
185,-14.03
186,-15.365
187,-16.712
188,-18.071
189,-19.442
190,-20.823
191,-22.216
192,-23.618
193,-25.031
194,-26.453
195,-27.885
196,-29.326
197,-30.776
198,-32.234
199,-33.701
200,-35.175
