0,15.821
1,15.819
2,15.817
3,15.816
4,15.814
5,15.812
6,15.81
7,15.808
8,15.806
9,15.805
10,15.803
11,15.801
12,15.799
13,15.797
14,15.795
15,15.794
16,15.792
17,15.79
18,15.788
19,15.786
20,15.784
21,15.783
22,15.781
23,15.779
24,15.777
25,15.775
26,15.773
27,15.772
28,15.77
29,15.768
30,15.766
31,15.764
32,15.762
33,15.761
34,15.759
35,15.757
36,15.755
37,15.753
38,15.751
39,15.75
40,15.748
41,15.746
42,15.744
43,15.742
44,15.74
45,15.739
46,15.737
47,15.735
48,15.733
49,15.731
50,15.729
51,15.728
52,15.726
53,15.724
54,15.722
55,15.72
56,15.718
57,15.717
58,15.715
59,15.713
60,15.711
61,15.709
62,15.707
63,15.706
64,15.704
65,15.702
66,15.7
67,15.698
68,15.696
69,15.694
70,15.693
71,15.691
72,15.689
73,15.687
74,15.685
75,15.683
76,15.681
77,15.679
78,15.677
79,15.675
80,15.674
81,15.672
82,15.67
83,15.668
84,15.666
85,15.664
86,15.662
87,15.66
88,15.658
89,15.656
90,15.653
91,15.651
92,15.649
93,15.647
94,15.645
95,15.642
96,15.64
97,15.638
98,15.635
99,15.633
100,15.63
101,15.627
102,15.625
103,15.622
104,15.619
105,15.616
106,15.612
107,15.609
108,15.605
109,15.601
110,15.597
111,15.593
112,15.589
113,15.584
114,15.579
115,15.573
116,15.567
117,15.561
118,15.554
119,15.547
120,15.539
121,15.531
122,15.521
123,15.511
124,15.5
125,15.488
126,15.475
127,15.461
128,15.445
129,15.428
130,15.41
131,15.389
132,15.367
133,15.342
134,15.315
135,15.285
136,15.253
137,15.217
138,15.177
139,15.134
140,15.086
141,15.034
142,14.976
143,14.913
144,14.844
145,14.768
146,14.684
147,14.592
148,14.492
149,14.382
150,14.262
151,14.13
152,13.986
153,13.83
154,13.659
155,13.474
156,13.272
157,13.053
158,12.817
159,12.561
160,12.284
161,11.987
162,11.667
163,11.324
164,10.956
165,10.563
166,10.145
167,9.6995
168,9.2268
169,8.7262
170,8.1971
171,7.6393
172,7.0524
173,6.4362
174,5.7907
175,5.1159
176,4.4118
177,3.6787
178,2.9168
179,2.1265
180,1.3081
181,0.46208
182,-0.41101
183,-1.3107
184,-2.2363
185,-3.1873
186,-4.163
187,-5.1629
188,-6.1861
189,-7.2322
190,-8.3003
191,-9.3899
192,-10.5
193,-11.631
194,-12.781
195,-13.95
196,-15.137
197,-16.341
198,-17.563
199,-18.801
200,-20.056
