0,18.793
1,18.791
2,18.789
3,18.787
4,18.785
5,18.783
6,18.782
7,18.78
8,18.778
9,18.776
10,18.774
11,18.772
12,18.771
13,18.769
14,18.767
15,18.765
16,18.763
17,18.761
18,18.76
19,18.758
20,18.756
21,18.754
22,18.752
23,18.75
24,18.749
25,18.747
26,18.745
27,18.743
28,18.741
29,18.74
30,18.738
31,18.736
32,18.734
33,18.732
34,18.73
35,18.729
36,18.727
37,18.725
38,18.723
39,18.721
40,18.719
41,18.718
42,18.716
43,18.714
44,18.712
45,18.71
46,18.708
47,18.707
48,18.705
49,18.703
50,18.701
51,18.699
52,18.697
53,18.695
54,18.694
55,18.692
56,18.69
57,18.688
58,18.686
59,18.684
60,18.683
61,18.681
62,18.679
63,18.677
64,18.675
65,18.673
66,18.671
67,18.67
68,18.668
69,18.666
70,18.664
71,18.662
72,18.66
73,18.658
74,18.656
75,18.654
76,18.652
77,18.65
78,18.649
79,18.647
80,18.645
81,18.643
82,18.641
83,18.638
84,18.636
85,18.634
86,18.632
87,18.63
88,18.628
89,18.626
90,18.623
91,18.621
92,18.619
93,18.616
94,18.614
95,18.611
96,18.609
97,18.606
98,18.603
99,18.6
100,18.597
101,18.594
102,18.591
103,18.587
104,18.583
105,18.58
106,18.576
107,18.571
108,18.567
109,18.562
110,18.557
111,18.551
112,18.545
113,18.539
114,18.532
115,18.524
116,18.516
117,18.508
118,18.498
119,18.488
120,18.477
121,18.465
122,18.451
123,18.437
124,18.421
125,18.404
126,18.385
127,18.364
128,18.342
129,18.317
130,18.289
131,18.259
132,18.226
133,18.19
134,18.15
135,18.107
136,18.059
137,18.006
138,17.948
139,17.885
140,17.815
141,17.739
142,17.655
143,17.563
144,17.462
145,17.352
146,17.232
147,17.1
148,16.957
149,16.8
150,16.63
151,16.445
152,16.244
153,16.026
154,15.79
155,15.535
156,15.26
157,14.964
158,14.646
159,14.305
160,13.939
161,13.549
162,13.133
163,12.691
164,12.221
165,11.724
166,11.199
167,10.645
168,10.062
169,9.4503
170,8.8094
171,8.1393
172,7.4401
173,6.7121
174,5.9554
175,5.1703
176,4.3574
177,3.5169
178,2.6494
179,1.7554
180,0.83544
181,-0.10984
182,-1.0798
183,-2.0739
184,-3.0914
185,-4.1318
186,-5.1942
187,-6.2781
188,-7.3829
189,-8.5078
190,-9.6522
191,-10.816
192,-11.997
193,-13.197
194,-14.413
195,-15.646
196,-16.895
197,-18.16
198,-19.439
199,-20.733
200,-22.041
