0,16.38
1,16.378
2,16.376
3,16.375
4,16.373
5,16.371
6,16.369
7,16.367
8,16.365
9,16.364
10,16.362
11,16.36
12,16.358
13,16.356
14,16.354
15,16.353
16,16.351
17,16.349
18,16.347
19,16.345
20,16.343
21,16.342
22,16.34
23,16.338
24,16.336
25,16.334
26,16.332
27,16.331
28,16.329
29,16.327
30,16.325
31,16.323
32,16.321
33,16.32
34,16.318
35,16.316
36,16.314
37,16.312
38,16.31
39,16.309
40,16.307
41,16.305
42,16.303
43,16.301
44,16.299
45,16.298
46,16.296
47,16.294
48,16.292
49,16.29
50,16.288
51,16.286
52,16.285
53,16.283
54,16.281
55,16.279
56,16.277
57,16.275
58,16.273
59,16.272
60,16.27
61,16.268
62,16.266
63,16.264
64,16.262
65,16.26
66,16.258
67,16.256
68,16.254
69,16.252
70,16.25
71,16.248
72,16.246
73,16.244
74,16.242
75,16.24
76,16.238
77,16.236
78,16.234
79,16.232
80,16.23
81,16.227
82,16.225
83,16.223
84,16.22
85,16.218
86,16.215
87,16.213
88,16.21
89,16.207
90,16.204
91,16.201
92,16.198
93,16.195
94,16.192
95,16.188
96,16.185
97,16.181
98,16.176
99,16.172
100,16.167
101,16.163
102,16.157
103,16.152
104,16.146
105,16.139
106,16.132
107,16.125
108,16.117
109,16.108
110,16.099
111,16.088
112,16.077
113,16.065
114,16.052
115,16.038
116,16.022
117,16.005
118,15.986
119,15.966
120,15.944
121,15.92
122,15.893
123,15.864
124,15.832
125,15.797
126,15.758
127,15.716
128,15.67
129,15.619
130,15.564
131,15.503
132,15.437
133,15.364
134,15.284
135,15.197
136,15.101
137,14.997
138,14.883
139,14.759
140,14.624
141,14.477
142,14.317
143,14.143
144,13.954
145,13.75
146,13.528
147,13.29
148,13.032
149,12.754
150,12.456
151,12.137
152,11.794
153,11.428
154,11.038
155,10.622
156,10.181
157,9.7134
158,9.2186
159,8.6963
160,8.1462
161,7.5679
162,6.9612
163,6.3261
164,5.6625
165,4.9704
166,4.2501
167,3.5017
168,2.7255
169,1.9219
170,1.0912
171,0.23395
172,-0.64942
173,-1.5584
174,-2.4923
175,-3.4508
176,-4.433
177,-5.4385
178,-6.4666
179,-7.5167
180,-8.5881
181,-9.6803
182,-10.793
183,-11.924
184,-13.075
185,-14.244
186,-15.431
187,-16.634
188,-17.855
189,-19.091
190,-20.343
191,-21.61
192,-22.892
193,-24.187
194,-25.497
195,-26.819
196,-28.154
197,-29.501
198,-30.861
199,-32.231
200,-33.613
