0,25.306
1,25.304
2,25.302
3,25.3
4,25.298
5,25.296
6,25.295
7,25.293
8,25.291
9,25.289
10,25.287
11,25.285
12,25.284
13,25.282
14,25.28
15,25.278
16,25.276
17,25.274
18,25.273
19,25.271
20,25.269
21,25.267
22,25.265
23,25.263
24,25.262
25,25.26
26,25.258
27,25.256
28,25.254
29,25.252
30,25.251
31,25.249
32,25.247
33,25.245
34,25.243
35,25.241
36,25.24
37,25.238
38,25.236
39,25.234
40,25.232
41,25.23
42,25.229
43,25.227
44,25.225
45,25.223
46,25.221
47,25.219
48,25.218
49,25.216
50,25.214
51,25.212
52,25.21
53,25.208
54,25.207
55,25.205
56,25.203
57,25.201
58,25.199
59,25.197
60,25.196
61,25.194
62,25.192
63,25.19
64,25.188
65,25.186
66,25.185
67,25.183
68,25.181
69,25.179
70,25.177
71,25.175
72,25.174
73,25.172
74,25.17
75,25.168
76,25.166
77,25.164
78,25.163
79,25.161
80,25.159
81,25.157
82,25.155
83,25.153
84,25.151
85,25.149
86,25.148
87,25.146
88,25.144
89,25.142
90,25.14
91,25.138
92,25.136
93,25.134
94,25.132
95,25.13
96,25.128
97,25.126
98,25.124
99,25.122
100,25.12
101,25.118
102,25.116
103,25.114
104,25.112
105,25.11
106,25.107
107,25.105
108,25.103
109,25.1
110,25.098
111,25.095
112,25.093
113,25.09
114,25.087
115,25.084
116,25.081
117,25.078
118,25.075
119,25.071
120,25.067
121,25.063
122,25.059
123,25.055
124,25.05
125,25.045
126,25.04
127,25.034
128,25.028
129,25.021
130,25.014
131,25.006
132,24.997
133,24.988
134,24.978
135,24.966
136,24.954
137,24.941
138,24.926
139,24.91
140,24.893
141,24.873
142,24.852
143,24.828
144,24.802
145,24.774
146,24.742
147,24.707
148,24.669
149,24.626
150,24.58
151,24.528
152,24.471
153,24.408
154,24.339
155,24.263
156,24.179
157,24.086
158,23.985
159,23.873
160,23.75
161,23.616
162,23.468
163,23.307
164,23.131
165,22.938
166,22.729
167,22.501
168,22.254
169,21.986
170,21.696
171,21.383
172,21.047
173,20.685
174,20.298
175,19.883
176,19.441
177,18.97
178,18.47
179,17.941
180,17.382
181,16.792
182,16.172
183,15.521
184,14.84
185,14.128
186,13.386
187,12.615
188,11.813
189,10.983
190,10.124
191,9.2376
192,8.3235
193,7.3827
194,6.4159
195,5.4238
196,4.407
197,3.3664
198,2.3025
199,1.2162
200,0.10819
