0,13.016
1,13.015
2,13.013
3,13.011
4,13.009
5,13.007
6,13.005
7,13.004
8,13.002
9,13
10,12.998
11,12.996
12,12.994
13,12.993
14,12.991
15,12.989
16,12.987
17,12.985
18,12.983
19,12.982
20,12.98
21,12.978
22,12.976
23,12.974
24,12.973
25,12.971
26,12.969
27,12.967
28,12.965
29,12.963
30,12.962
31,12.96
32,12.958
33,12.956
34,12.954
35,12.952
36,12.95
37,12.949
38,12.947
39,12.945
40,12.943
41,12.941
42,12.939
43,12.938
44,12.936
45,12.934
46,12.932
47,12.93
48,12.928
49,12.927
50,12.925
51,12.923
52,12.921
53,12.919
54,12.917
55,12.915
56,12.913
57,12.912
58,12.91
59,12.908
60,12.906
61,12.904
62,12.902
63,12.9
64,12.898
65,12.896
66,12.894
67,12.892
68,12.89
69,12.888
70,12.886
71,12.884
72,12.882
73,12.88
74,12.878
75,12.876
76,12.874
77,12.872
78,12.869
79,12.867
80,12.865
81,12.862
82,12.86
83,12.858
84,12.855
85,12.852
86,12.85
87,12.847
88,12.844
89,12.841
90,12.838
91,12.834
92,12.831
93,12.827
94,12.824
95,12.82
96,12.815
97,12.811
98,12.806
99,12.801
100,12.796
101,12.79
102,12.784
103,12.777
104,12.77
105,12.763
106,12.755
107,12.746
108,12.736
109,12.726
110,12.714
111,12.702
112,12.689
113,12.674
114,12.658
115,12.641
116,12.622
117,12.602
118,12.579
119,12.555
120,12.528
121,12.498
122,12.466
123,12.431
124,12.392
125,12.35
126,12.304
127,12.253
128,12.197
129,12.136
130,12.07
131,11.997
132,11.917
133,11.83
134,11.735
135,11.631
136,11.518
137,11.395
138,11.26
139,11.114
140,10.955
141,10.783
142,10.595
143,10.393
144,10.174
145,9.9376
146,9.6828
147,9.4086
148,9.114
149,8.7981
150,8.46
151,8.0987
152,7.7135
153,7.3035
154,6.8681
155,6.4066
156,5.9185
157,5.4032
158,4.8604
159,4.2898
160,3.6912
161,3.0644
162,2.4094
163,1.7262
164,1.0149
165,0.27579
166,-0.49097
167,-1.285
168,-2.106
169,-2.9535
170,-3.8271
171,-4.7262
172,-5.6502
173,-6.5988
174,-7.5711
175,-8.5668
176,-9.5851
177,-10.625
178,-11.687
179,-12.77
180,-13.873
181,-14.995
182,-16.136
183,-17.296
184,-18.474
185,-19.669
186,-20.88
187,-22.108
188,-23.352
189,-24.61
190,-25.884
191,-27.171
192,-28.472
193,-29.787
194,-31.114
195,-32.454
196,-33.806
197,-35.169
198,-36.544
199,-37.93
200,-39.326
