0,24.384
1,24.382
2,24.38
3,24.378
4,24.376
5,24.375
6,24.373
7,24.371
8,24.369
9,24.367
10,24.365
11,24.364
12,24.362
13,24.36
14,24.358
15,24.356
16,24.354
17,24.353
18,24.351
19,24.349
20,24.347
21,24.345
22,24.343
23,24.342
24,24.34
25,24.338
26,24.336
27,24.334
28,24.332
29,24.331
30,24.329
31,24.327
32,24.325
33,24.323
34,24.321
35,24.32
36,24.318
37,24.316
38,24.314
39,24.312
40,24.31
41,24.309
42,24.307
43,24.305
44,24.303
45,24.301
46,24.299
47,24.298
48,24.296
49,24.294
50,24.292
51,24.29
52,24.288
53,24.286
54,24.285
55,24.283
56,24.281
57,24.279
58,24.277
59,24.275
60,24.273
61,24.271
62,24.269
63,24.268
64,24.266
65,24.264
66,24.262
67,24.26
68,24.258
69,24.256
70,24.254
71,24.252
72,24.25
73,24.248
74,24.246
75,24.244
76,24.242
77,24.239
78,24.237
79,24.235
80,24.233
81,24.23
82,24.228
83,24.226
84,24.223
85,24.221
86,24.218
87,24.215
88,24.212
89,24.21
90,24.207
91,24.203
92,24.2
93,24.197
94,24.193
95,24.189
96,24.185
97,24.181
98,24.177
99,24.172
100,24.167
101,24.161
102,24.155
103,24.149
104,24.143
105,24.135
106,24.128
107,24.119
108,24.11
109,24.1
110,24.09
111,24.078
112,24.065
113,24.052
114,24.037
115,24.02
116,24.002
117,23.983
118,23.961
119,23.938
120,23.912
121,23.884
122,23.853
123,23.819
124,23.782
125,23.741
126,23.697
127,23.648
128,23.594
129,23.535
130,23.471
131,23.4
132,23.323
133,23.238
134,23.145
135,23.044
136,22.933
137,22.812
138,22.68
139,22.536
140,22.38
141,22.21
142,22.025
143,21.824
144,21.608
145,21.373
146,21.12
147,20.847
148,20.554
149,20.239
150,19.901
151,19.54
152,19.154
153,18.744
154,18.307
155,17.844
156,17.354
157,16.836
158,16.291
159,15.717
160,15.114
161,14.483
162,13.823
163,13.134
164,12.417
165,11.672
166,10.899
167,10.098
168,9.2697
169,8.4147
170,7.5334
171,6.6263
172,5.694
173,4.737
174,3.756
175,2.7516
176,1.7244
177,0.67501
178,-0.39585
179,-1.4876
180,-2.5996
181,-3.7312
182,-4.8819
183,-6.0509
184,-7.2378
185,-8.4419
186,-9.6627
187,-10.9
188,-12.152
189,-13.42
190,-14.702
191,-15.999
192,-17.309
193,-18.632
194,-19.968
195,-21.316
196,-22.677
197,-24.048
198,-25.431
199,-26.825
200,-28.23
