0,11.389
1,11.388
2,11.386
3,11.384
4,11.382
5,11.38
6,11.378
7,11.377
8,11.375
9,11.373
10,11.371
11,11.369
12,11.367
13,11.366
14,11.364
15,11.362
16,11.36
17,11.358
18,11.357
19,11.355
20,11.353
21,11.351
22,11.349
23,11.347
24,11.346
25,11.344
26,11.342
27,11.34
28,11.338
29,11.336
30,11.335
31,11.333
32,11.331
33,11.329
34,11.327
35,11.325
36,11.324
37,11.322
38,11.32
39,11.318
40,11.316
41,11.314
42,11.313
43,11.311
44,11.309
45,11.307
46,11.305
47,11.303
48,11.302
49,11.3
50,11.298
51,11.296
52,11.294
53,11.292
54,11.291
55,11.289
56,11.287
57,11.285
58,11.283
59,11.281
60,11.279
61,11.278
62,11.276
63,11.274
64,11.272
65,11.27
66,11.268
67,11.267
68,11.265
69,11.263
70,11.261
71,11.259
72,11.257
73,11.255
74,11.253
75,11.252
76,11.25
77,11.248
78,11.246
79,11.244
80,11.242
81,11.24
82,11.238
83,11.236
84,11.234
85,11.232
86,11.23
87,11.228
88,11.226
89,11.224
90,11.222
91,11.22
92,11.217
93,11.215
94,11.213
95,11.211
96,11.208
97,11.206
98,11.203
99,11.201
100,11.198
101,11.195
102,11.192
103,11.189
104,11.186
105,11.183
106,11.18
107,11.176
108,11.173
109,11.169
110,11.165
111,11.16
112,11.156
113,11.151
114,11.146
115,11.14
116,11.134
117,11.128
118,11.121
119,11.113
120,11.105
121,11.096
122,11.087
123,11.076
124,11.065
125,11.053
126,11.039
127,11.025
128,11.009
129,10.991
130,10.972
131,10.951
132,10.928
133,10.903
134,10.875
135,10.844
136,10.811
137,10.774
138,10.734
139,10.69
140,10.641
141,10.588
142,10.529
143,10.465
144,10.394
145,10.317
146,10.232
147,10.139
148,10.037
149,9.925
150,9.803
151,9.6698
152,9.5245
153,9.3661
154,9.1937
155,9.0063
156,8.8029
157,8.5824
158,8.3438
159,8.086
160,7.808
161,7.5088
162,7.1873
163,6.8425
164,6.4736
165,6.0797
166,5.6599
167,5.2136
168,4.74
169,4.2387
170,3.7092
171,3.151
172,2.564
173,1.9479
174,1.3027
175,0.62831
176,-0.075096
177,-0.80736
178,-1.5682
179,-2.3574
180,-3.1744
181,-4.0189
182,-4.8903
183,-5.7882
184,-6.7119
185,-7.6608
186,-8.6344
187,-9.6319
188,-10.653
189,-11.696
190,-12.762
191,-13.849
192,-14.957
193,-16.085
194,-17.232
195,-18.398
196,-19.582
197,-20.784
198,-22.003
199,-23.239
200,-24.49
