0,21.809
1,21.807
2,21.805
3,21.803
4,21.801
5,21.799
6,21.798
7,21.796
8,21.794
9,21.792
10,21.79
11,21.788
12,21.787
13,21.785
14,21.783
15,21.781
16,21.779
17,21.777
18,21.776
19,21.774
20,21.772
21,21.77
22,21.768
23,21.766
24,21.765
25,21.763
26,21.761
27,21.759
28,21.757
29,21.755
30,21.754
31,21.752
32,21.75
33,21.748
34,21.746
35,21.744
36,21.743
37,21.741
38,21.739
39,21.737
40,21.735
41,21.733
42,21.732
43,21.73
44,21.728
45,21.726
46,21.724
47,21.722
48,21.721
49,21.719
50,21.717
51,21.715
52,21.713
53,21.711
54,21.71
55,21.708
56,21.706
57,21.704
58,21.702
59,21.7
60,21.698
61,21.697
62,21.695
63,21.693
64,21.691
65,21.689
66,21.687
67,21.685
68,21.683
69,21.681
70,21.68
71,21.678
72,21.676
73,21.674
74,21.672
75,21.67
76,21.668
77,21.666
78,21.664
79,21.662
80,21.66
81,21.657
82,21.655
83,21.653
84,21.651
85,21.649
86,21.646
87,21.644
88,21.642
89,21.639
90,21.637
91,21.634
92,21.632
93,21.629
94,21.626
95,21.623
96,21.62
97,21.617
98,21.613
99,21.61
100,21.606
101,21.602
102,21.598
103,21.594
104,21.589
105,21.584
106,21.579
107,21.573
108,21.567
109,21.56
110,21.553
111,21.546
112,21.538
113,21.529
114,21.519
115,21.509
116,21.498
117,21.485
118,21.472
119,21.457
120,21.441
121,21.423
122,21.404
123,21.383
124,21.36
125,21.335
126,21.307
127,21.277
128,21.244
129,21.207
130,21.167
131,21.123
132,21.074
133,21.021
134,20.963
135,20.899
136,20.829
137,20.752
138,20.668
139,20.576
140,20.475
141,20.364
142,20.243
143,20.112
144,19.968
145,19.812
146,19.641
147,19.456
148,19.255
149,19.038
150,18.802
151,18.548
152,18.274
153,17.979
154,17.662
155,17.322
156,16.958
157,16.57
158,16.156
159,15.716
160,15.249
161,14.754
162,14.232
163,13.681
164,13.101
165,12.493
166,11.856
167,11.19
168,10.495
169,9.7712
170,9.019
171,8.2386
172,7.4303
173,6.5946
174,5.732
175,4.843
176,3.9281
177,2.9879
178,2.023
179,1.0341
180,0.021706
181,-1.0135
182,-2.0707
183,-3.1495
184,-4.2492
185,-5.369
186,-6.5084
187,-7.6667
188,-8.8434
189,-10.038
190,-11.25
191,-12.478
192,-13.722
193,-14.982
194,-16.257
195,-17.546
196,-18.849
197,-20.166
198,-21.496
199,-22.839
200,-24.194
