0,25.327
1,25.325
2,25.323
3,25.321
4,25.319
5,25.318
6,25.316
7,25.314
8,25.312
9,25.31
10,25.308
11,25.307
12,25.305
13,25.303
14,25.301
15,25.299
16,25.298
17,25.296
18,25.294
19,25.292
20,25.29
21,25.288
22,25.287
23,25.285
24,25.283
25,25.281
26,25.279
27,25.277
28,25.276
29,25.274
30,25.272
31,25.27
32,25.268
33,25.266
34,25.265
35,25.263
36,25.261
37,25.259
38,25.257
39,25.255
40,25.254
41,25.252
42,25.25
43,25.248
44,25.246
45,25.244
46,25.243
47,25.241
48,25.239
49,25.237
50,25.235
51,25.233
52,25.232
53,25.23
54,25.228
55,25.226
56,25.224
57,25.222
58,25.22
59,25.219
60,25.217
61,25.215
62,25.213
63,25.211
64,25.209
65,25.207
66,25.206
67,25.204
68,25.202
69,25.2
70,25.198
71,25.196
72,25.194
73,25.192
74,25.191
75,25.189
76,25.187
77,25.185
78,25.183
79,25.181
80,25.179
81,25.177
82,25.175
83,25.173
84,25.171
85,25.169
86,25.167
87,25.165
88,25.162
89,25.16
90,25.158
91,25.156
92,25.153
93,25.151
94,25.149
95,25.146
96,25.143
97,25.141
98,25.138
99,25.135
100,25.132
101,25.129
102,25.126
103,25.123
104,25.119
105,25.115
106,25.112
107,25.107
108,25.103
109,25.098
110,25.093
111,25.088
112,25.082
113,25.076
114,25.07
115,25.062
116,25.055
117,25.047
118,25.038
119,25.028
120,25.017
121,25.005
122,24.993
123,24.979
124,24.964
125,24.947
126,24.929
127,24.909
128,24.888
129,24.864
130,24.838
131,24.809
132,24.777
133,24.742
134,24.704
135,24.662
136,24.616
137,24.565
138,24.509
139,24.448
140,24.38
141,24.306
142,24.225
143,24.135
144,24.038
145,23.93
146,23.813
147,23.685
148,23.545
149,23.392
150,23.225
151,23.043
152,22.846
153,22.632
154,22.4
155,22.149
156,21.878
157,21.585
158,21.271
159,20.933
160,20.572
161,20.185
162,19.772
163,19.333
164,18.866
165,18.372
166,17.849
167,17.297
168,16.716
169,16.106
170,15.467
171,14.798
172,14.099
173,13.372
174,12.615
175,11.83
176,11.017
177,10.176
178,9.3071
179,8.412
180,7.4907
181,6.5438
182,5.572
183,4.5759
184,3.5563
185,2.5136
186,1.4487
187,0.36217
188,-0.74531
189,-1.8731
190,-3.0205
191,-4.1869
192,-5.3717
193,-6.5743
194,-7.794
195,-9.0303
196,-10.283
197,-11.551
198,-12.833
199,-14.131
200,-15.442
