0,12.431
1,12.429
2,12.427
3,12.425
4,12.423
5,12.422
6,12.42
7,12.418
8,12.416
9,12.414
10,12.412
11,12.411
12,12.409
13,12.407
14,12.405
15,12.403
16,12.402
17,12.4
18,12.398
19,12.396
20,12.394
21,12.392
22,12.391
23,12.389
24,12.387
25,12.385
26,12.383
27,12.381
28,12.38
29,12.378
30,12.376
31,12.374
32,12.372
33,12.37
34,12.369
35,12.367
36,12.365
37,12.363
38,12.361
39,12.359
40,12.358
41,12.356
42,12.354
43,12.352
44,12.35
45,12.348
46,12.347
47,12.345
48,12.343
49,12.341
50,12.339
51,12.337
52,12.336
53,12.334
54,12.332
55,12.33
56,12.328
57,12.326
58,12.325
59,12.323
60,12.321
61,12.319
62,12.317
63,12.315
64,12.313
65,12.312
66,12.31
67,12.308
68,12.306
69,12.304
70,12.302
71,12.3
72,12.299
73,12.297
74,12.295
75,12.293
76,12.291
77,12.289
78,12.287
79,12.285
80,12.283
81,12.282
82,12.28
83,12.278
84,12.276
85,12.274
86,12.272
87,12.27
88,12.268
89,12.266
90,12.264
91,12.262
92,12.259
93,12.257
94,12.255
95,12.253
96,12.251
97,12.248
98,12.246
99,12.244
100,12.241
101,12.239
102,12.236
103,12.233
104,12.23
105,12.227
106,12.224
107,12.221
108,12.218
109,12.215
110,12.211
111,12.207
112,12.203
113,12.199
114,12.194
115,12.189
116,12.184
117,12.178
118,12.173
119,12.166
120,12.159
121,12.152
122,12.144
123,12.135
124,12.126
125,12.115
126,12.104
127,12.092
128,12.079
129,12.064
130,12.048
131,12.031
132,12.012
133,11.991
134,11.968
135,11.942
136,11.915
137,11.884
138,11.851
139,11.814
140,11.774
141,11.73
142,11.681
143,11.627
144,11.569
145,11.504
146,11.433
147,11.355
148,11.27
149,11.176
150,11.073
151,10.961
152,10.838
153,10.704
154,10.557
155,10.397
156,10.223
157,10.034
158,9.8287
159,9.6058
160,9.3646
161,9.1039
162,8.8227
163,8.52
164,8.1947
165,7.8458
166,7.4725
167,7.0738
168,6.649
169,6.1973
170,5.718
171,5.2108
172,4.675
173,4.1103
174,3.5165
175,2.8934
176,2.241
177,1.5593
178,0.8484
179,0.10849
180,-0.66013
181,-1.4571
182,-2.2821
183,-3.1345
184,-4.0139
185,-4.9197
186,-5.8514
187,-6.8082
188,-7.7897
189,-8.7951
190,-9.8238
191,-10.875
192,-11.948
193,-13.043
194,-14.158
195,-15.293
196,-16.448
197,-17.621
198,-18.812
199,-20.021
200,-21.247
