0,13.401
1,13.399
2,13.397
3,13.396
4,13.394
5,13.392
6,13.39
7,13.388
8,13.386
9,13.385
10,13.383
11,13.381
12,13.379
13,13.377
14,13.376
15,13.374
16,13.372
17,13.37
18,13.368
19,13.366
20,13.365
21,13.363
22,13.361
23,13.359
24,13.357
25,13.355
26,13.354
27,13.352
28,13.35
29,13.348
30,13.346
31,13.344
32,13.343
33,13.341
34,13.339
35,13.337
36,13.335
37,13.333
38,13.332
39,13.33
40,13.328
41,13.326
42,13.324
43,13.322
44,13.321
45,13.319
46,13.317
47,13.315
48,13.313
49,13.311
50,13.31
51,13.308
52,13.306
53,13.304
54,13.302
55,13.3
56,13.299
57,13.297
58,13.295
59,13.293
60,13.291
61,13.289
62,13.288
63,13.286
64,13.284
65,13.282
66,13.28
67,13.278
68,13.276
69,13.275
70,13.273
71,13.271
72,13.269
73,13.267
74,13.265
75,13.264
76,13.262
77,13.26
78,13.258
79,13.256
80,13.254
81,13.252
82,13.25
83,13.248
84,13.247
85,13.245
86,13.243
87,13.241
88,13.239
89,13.237
90,13.235
91,13.233
92,13.231
93,13.229
94,13.227
95,13.225
96,13.222
97,13.22
98,13.218
99,13.216
100,13.214
101,13.211
102,13.209
103,13.206
104,13.204
105,13.201
106,13.199
107,13.196
108,13.193
109,13.19
110,13.187
111,13.184
112,13.181
113,13.177
114,13.173
115,13.169
116,13.165
117,13.161
118,13.156
119,13.151
120,13.146
121,13.14
122,13.134
123,13.127
124,13.12
125,13.112
126,13.104
127,13.095
128,13.085
129,13.074
130,13.062
131,13.049
132,13.035
133,13.02
134,13.003
135,12.985
136,12.965
137,12.942
138,12.918
139,12.891
140,12.862
141,12.829
142,12.794
143,12.755
144,12.711
145,12.664
146,12.612
147,12.554
148,12.491
149,12.422
150,12.346
151,12.262
152,12.17
153,12.069
154,11.959
155,11.838
156,11.705
157,11.561
158,11.403
159,11.231
160,11.044
161,10.84
162,10.619
163,10.38
164,10.121
165,9.8415
166,9.5403
167,9.2163
168,8.8686
169,8.4962
170,8.0982
171,7.6738
172,7.2223
173,6.743
174,6.2353
175,5.6989
176,5.1332
177,4.5382
178,3.9136
179,3.2593
180,2.5754
181,1.862
182,1.1194
183,0.34784
184,-0.45236
185,-1.2807
186,-2.1368
187,-3.0201
188,-3.9299
189,-4.8658
190,-5.827
191,-6.8129
192,-7.8229
193,-8.8563
194,-9.9124
195,-10.99
196,-12.09
197,-13.21
198,-14.35
199,-15.51
200,-16.688
