0,12.626
1,12.624
2,12.622
3,12.621
4,12.619
5,12.617
6,12.615
7,12.613
8,12.611
9,12.61
10,12.608
11,12.606
12,12.604
13,12.602
14,12.6
15,12.599
16,12.597
17,12.595
18,12.593
19,12.591
20,12.589
21,12.588
22,12.586
23,12.584
24,12.582
25,12.58
26,12.578
27,12.577
28,12.575
29,12.573
30,12.571
31,12.569
32,12.567
33,12.566
34,12.564
35,12.562
36,12.56
37,12.558
38,12.556
39,12.555
40,12.553
41,12.551
42,12.549
43,12.547
44,12.545
45,12.544
46,12.542
47,12.54
48,12.538
49,12.536
50,12.534
51,12.533
52,12.531
53,12.529
54,12.527
55,12.525
56,12.523
57,12.522
58,12.52
59,12.518
60,12.516
61,12.514
62,12.512
63,12.51
64,12.509
65,12.507
66,12.505
67,12.503
68,12.501
69,12.499
70,12.497
71,12.495
72,12.494
73,12.492
74,12.49
75,12.488
76,12.486
77,12.484
78,12.482
79,12.48
80,12.478
81,12.476
82,12.474
83,12.472
84,12.47
85,12.468
86,12.466
87,12.464
88,12.461
89,12.459
90,12.457
91,12.455
92,12.452
93,12.45
94,12.447
95,12.445
96,12.442
97,12.44
98,12.437
99,12.434
100,12.431
101,12.428
102,12.425
103,12.421
104,12.418
105,12.414
106,12.41
107,12.406
108,12.401
109,12.397
110,12.392
111,12.386
112,12.38
113,12.374
114,12.368
115,12.361
116,12.353
117,12.345
118,12.336
119,12.326
120,12.315
121,12.304
122,12.291
123,12.277
124,12.262
125,12.246
126,12.228
127,12.208
128,12.187
129,12.164
130,12.138
131,12.11
132,12.079
133,12.045
134,12.007
135,11.966
136,11.921
137,11.872
138,11.818
139,11.758
140,11.693
141,11.621
142,11.543
143,11.457
144,11.363
145,11.26
146,11.147
147,11.024
148,10.89
149,10.743
150,10.584
151,10.41
152,10.222
153,10.018
154,9.7961
155,9.5566
156,9.298
157,9.0193
158,8.7195
159,8.3975
160,8.0524
161,7.6833
162,7.2893
163,6.8696
164,6.4236
165,5.9506
166,5.45
167,4.9213
168,4.3643
169,3.7785
170,3.1639
171,2.5204
172,1.8479
173,1.1465
174,0.41649
175,-0.34199
176,-1.1286
177,-1.9429
178,-2.7846
179,-3.6531
180,-4.5479
181,-5.4684
182,-6.4141
183,-7.3843
184,-8.3785
185,-9.3959
186,-10.436
187,-11.498
188,-12.582
189,-13.686
190,-14.81
191,-15.954
192,-17.116
193,-18.297
194,-19.495
195,-20.71
196,-21.942
197,-23.19
198,-24.453
199,-25.731
200,-27.023
