0,11.307
1,11.305
2,11.303
3,11.301
4,11.299
5,11.298
6,11.296
7,11.294
8,11.292
9,11.29
10,11.288
11,11.287
12,11.285
13,11.283
14,11.281
15,11.279
16,11.277
17,11.276
18,11.274
19,11.272
20,11.27
21,11.268
22,11.266
23,11.265
24,11.263
25,11.261
26,11.259
27,11.257
28,11.255
29,11.254
30,11.252
31,11.25
32,11.248
33,11.246
34,11.244
35,11.243
36,11.241
37,11.239
38,11.237
39,11.235
40,11.233
41,11.232
42,11.23
43,11.228
44,11.226
45,11.224
46,11.223
47,11.221
48,11.219
49,11.217
50,11.215
51,11.213
52,11.212
53,11.21
54,11.208
55,11.206
56,11.204
57,11.202
58,11.201
59,11.199
60,11.197
61,11.195
62,11.193
63,11.191
64,11.19
65,11.188
66,11.186
67,11.184
68,11.182
69,11.18
70,11.179
71,11.177
72,11.175
73,11.173
74,11.171
75,11.169
76,11.168
77,11.166
78,11.164
79,11.162
80,11.16
81,11.158
82,11.156
83,11.155
84,11.153
85,11.151
86,11.149
87,11.147
88,11.145
89,11.143
90,11.142
91,11.14
92,11.138
93,11.136
94,11.134
95,11.132
96,11.13
97,11.128
98,11.127
99,11.125
100,11.123
101,11.121
102,11.119
103,11.117
104,11.115
105,11.113
106,11.111
107,11.109
108,11.107
109,11.105
110,11.102
111,11.1
112,11.098
113,11.096
114,11.094
115,11.091
116,11.089
117,11.086
118,11.084
119,11.081
120,11.079
121,11.076
122,11.073
123,11.07
124,11.067
125,11.063
126,11.06
127,11.056
128,11.052
129,11.048
130,11.044
131,11.039
132,11.035
133,11.029
134,11.024
135,11.017
136,11.011
137,11.004
138,10.996
139,10.988
140,10.978
141,10.968
142,10.958
143,10.946
144,10.933
145,10.918
146,10.903
147,10.886
148,10.867
149,10.846
150,10.823
151,10.798
152,10.77
153,10.739
154,10.705
155,10.668
156,10.627
157,10.581
158,10.531
159,10.476
160,10.415
161,10.348
162,10.273
163,10.192
164,10.102
165,10.003
166,9.8939
167,9.7744
168,9.6433
169,9.4996
170,9.3424
171,9.1705
172,8.9829
173,8.7785
174,8.556
175,8.3144
176,8.0525
177,7.7692
178,7.4632
179,7.1336
180,6.7793
181,6.3992
182,5.9924
183,5.5582
184,5.0957
185,4.6043
186,4.0835
187,3.5327
188,2.9518
189,2.3404
190,1.6984
191,1.0259
192,0.32289
193,-0.41035
194,-1.1736
195,-1.9664
196,-2.7884
197,-3.6391
198,-4.5179
199,-5.4242
200,-6.3574
