0,22.567
1,22.565
2,22.564
3,22.562
4,22.56
5,22.558
6,22.556
7,22.554
8,22.553
9,22.551
10,22.549
11,22.547
12,22.545
13,22.543
14,22.542
15,22.54
16,22.538
17,22.536
18,22.534
19,22.532
20,22.531
21,22.529
22,22.527
23,22.525
24,22.523
25,22.521
26,22.52
27,22.518
28,22.516
29,22.514
30,22.512
31,22.51
32,22.509
33,22.507
34,22.505
35,22.503
36,22.501
37,22.499
38,22.498
39,22.496
40,22.494
41,22.492
42,22.49
43,22.488
44,22.486
45,22.485
46,22.483
47,22.481
48,22.479
49,22.477
50,22.475
51,22.473
52,22.471
53,22.47
54,22.468
55,22.466
56,22.464
57,22.462
58,22.46
59,22.458
60,22.456
61,22.454
62,22.452
63,22.45
64,22.448
65,22.446
66,22.444
67,22.442
68,22.44
69,22.438
70,22.435
71,22.433
72,22.431
73,22.429
74,22.426
75,22.424
76,22.422
77,22.419
78,22.416
79,22.414
80,22.411
81,22.408
82,22.405
83,22.402
84,22.399
85,22.396
86,22.392
87,22.389
88,22.385
89,22.381
90,22.376
91,22.372
92,22.367
93,22.362
94,22.356
95,22.351
96,22.344
97,22.338
98,22.33
99,22.323
100,22.314
101,22.305
102,22.295
103,22.285
104,22.273
105,22.26
106,22.247
107,22.232
108,22.216
109,22.198
110,22.179
111,22.158
112,22.135
113,22.11
114,22.082
115,22.052
116,22.019
117,21.983
118,21.943
119,21.9
120,21.853
121,21.801
122,21.744
123,21.682
124,21.614
125,21.54
126,21.459
127,21.37
128,21.273
129,21.167
130,21.052
131,20.926
132,20.79
133,20.641
134,20.48
135,20.305
136,20.115
137,19.909
138,19.687
139,19.448
140,19.19
141,18.912
142,18.614
143,18.295
144,17.953
145,17.588
146,17.199
147,16.785
148,16.346
149,15.881
150,15.389
151,14.87
152,14.323
153,13.749
154,13.147
155,12.517
156,11.858
157,11.172
158,10.457
159,9.715
160,8.9452
161,8.1483
162,7.3246
163,6.4745
164,5.5985
165,4.6971
166,3.7708
167,2.8202
168,1.8459
169,0.84846
170,-0.17154
171,-1.2135
172,-2.2767
173,-3.3607
174,-4.4647
175,-5.5883
176,-6.7307
177,-7.8915
178,-9.0701
179,-10.266
180,-11.478
181,-12.707
182,-13.951
183,-15.21
184,-16.484
185,-17.771
186,-19.073
187,-20.388
188,-21.715
189,-23.055
190,-24.407
191,-25.771
192,-27.146
193,-28.531
194,-29.927
195,-31.334
196,-32.75
197,-34.176
198,-35.611
199,-37.055
200,-38.508
