0,27.599
1,27.598
2,27.596
3,27.594
4,27.592
5,27.59
6,27.588
7,27.587
8,27.585
9,27.583
10,27.581
11,27.579
12,27.577
13,27.576
14,27.574
15,27.572
16,27.57
17,27.568
18,27.566
19,27.565
20,27.563
21,27.561
22,27.559
23,27.557
24,27.555
25,27.554
26,27.552
27,27.55
28,27.548
29,27.546
30,27.544
31,27.543
32,27.541
33,27.539
34,27.537
35,27.535
36,27.533
37,27.532
38,27.53
39,27.528
40,27.526
41,27.524
42,27.522
43,27.52
44,27.519
45,27.517
46,27.515
47,27.513
48,27.511
49,27.509
50,27.507
51,27.506
52,27.504
53,27.502
54,27.5
55,27.498
56,27.496
57,27.494
58,27.492
59,27.49
60,27.488
61,27.486
62,27.484
63,27.483
64,27.481
65,27.479
66,27.476
67,27.474
68,27.472
69,27.47
70,27.468
71,27.466
72,27.464
73,27.462
74,27.459
75,27.457
76,27.455
77,27.452
78,27.45
79,27.447
80,27.445
81,27.442
82,27.439
83,27.436
84,27.433
85,27.43
86,27.427
87,27.423
88,27.42
89,27.416
90,27.412
91,27.408
92,27.404
93,27.399
94,27.394
95,27.389
96,27.383
97,27.377
98,27.37
99,27.363
100,27.356
101,27.348
102,27.339
103,27.329
104,27.319
105,27.308
106,27.295
107,27.282
108,27.268
109,27.252
110,27.234
111,27.216
112,27.195
113,27.173
114,27.148
115,27.121
116,27.091
117,27.059
118,27.024
119,26.985
120,26.942
121,26.896
122,26.845
123,26.789
124,26.727
125,26.66
126,26.587
127,26.507
128,26.419
129,26.323
130,26.218
131,26.103
132,25.978
133,25.842
134,25.694
135,25.533
136,25.359
137,25.169
138,24.964
139,24.742
140,24.502
141,24.244
142,23.966
143,23.667
144,23.346
145,23.003
146,22.637
147,22.246
148,21.83
149,21.389
150,20.921
151,20.426
152,19.903
153,19.353
154,18.775
155,18.168
156,17.533
157,16.87
158,16.178
159,15.459
160,14.711
161,13.935
162,13.132
163,12.303
164,11.446
165,10.564
166,9.656
167,8.7231
168,7.7658
169,6.7848
170,5.7805
171,4.7537
172,3.7049
173,2.6348
174,1.544
175,0.43316
176,-0.6972
177,-1.8464
178,-3.014
179,-4.1992
180,-5.4015
181,-6.6205
182,-7.8555
183,-9.106
184,-10.372
185,-11.652
186,-12.946
187,-14.253
188,-15.574
189,-16.908
190,-18.254
191,-19.612
192,-20.981
193,-22.361
194,-23.753
195,-25.155
196,-26.566
197,-27.988
198,-29.419
199,-30.86
200,-32.309
