0,19.744
1,19.742
2,19.741
3,19.739
4,19.737
5,19.735
6,19.733
7,19.731
8,19.73
9,19.728
10,19.726
11,19.724
12,19.722
13,19.72
14,19.719
15,19.717
16,19.715
17,19.713
18,19.711
19,19.71
20,19.708
21,19.706
22,19.704
23,19.702
24,19.7
25,19.698
26,19.697
27,19.695
28,19.693
29,19.691
30,19.689
31,19.687
32,19.686
33,19.684
34,19.682
35,19.68
36,19.678
37,19.676
38,19.675
39,19.673
40,19.671
41,19.669
42,19.667
43,19.665
44,19.663
45,19.662
46,19.66
47,19.658
48,19.656
49,19.654
50,19.652
51,19.65
52,19.648
53,19.646
54,19.645
55,19.643
56,19.641
57,19.639
58,19.637
59,19.635
60,19.633
61,19.631
62,19.629
63,19.627
64,19.625
65,19.623
66,19.621
67,19.619
68,19.616
69,19.614
70,19.612
71,19.61
72,19.607
73,19.605
74,19.603
75,19.6
76,19.598
77,19.595
78,19.592
79,19.59
80,19.587
81,19.584
82,19.581
83,19.577
84,19.574
85,19.57
86,19.567
87,19.563
88,19.559
89,19.554
90,19.55
91,19.545
92,19.54
93,19.534
94,19.528
95,19.522
96,19.515
97,19.508
98,19.5
99,19.491
100,19.482
101,19.472
102,19.461
103,19.45
104,19.437
105,19.423
106,19.408
107,19.392
108,19.374
109,19.354
110,19.333
111,19.31
112,19.284
113,19.257
114,19.226
115,19.193
116,19.157
117,19.117
118,19.073
119,19.026
120,18.974
121,18.917
122,18.854
123,18.786
124,18.712
125,18.63
126,18.541
127,18.444
128,18.339
129,18.224
130,18.098
131,17.962
132,17.813
133,17.652
134,17.477
135,17.288
136,17.084
137,16.863
138,16.624
139,16.367
140,16.091
141,15.795
142,15.477
143,15.137
144,14.775
145,14.388
146,13.977
147,13.541
148,13.079
149,12.591
150,12.076
151,11.533
152,10.963
153,10.365
154,9.7395
155,9.0858
156,8.4042
157,7.6948
158,6.9577
159,6.1933
160,5.4018
161,4.5836
162,3.7391
163,2.8687
164,1.973
165,1.0524
166,0.10757
167,-0.861
168,-1.8527
169,-2.867
170,-3.9032
171,-4.9607
172,-6.039
173,-7.1375
174,-8.2555
175,-9.3924
176,-10.548
177,-11.721
178,-12.911
179,-14.118
180,-15.342
181,-16.58
182,-17.835
183,-19.103
184,-20.386
185,-21.683
186,-22.993
187,-24.316
188,-25.651
189,-26.999
190,-28.358
191,-29.728
192,-31.109
193,-32.501
194,-33.903
195,-35.316
196,-36.737
197,-38.168
198,-39.609
199,-41.058
200,-42.515
