0,13.353
1,13.351
2,13.349
3,13.348
4,13.346
5,13.344
6,13.342
7,13.34
8,13.338
9,13.337
10,13.335
11,13.333
12,13.331
13,13.329
14,13.327
15,13.326
16,13.324
17,13.322
18,13.32
19,13.318
20,13.316
21,13.315
22,13.313
23,13.311
24,13.309
25,13.307
26,13.305
27,13.304
28,13.302
29,13.3
30,13.298
31,13.296
32,13.294
33,13.293
34,13.291
35,13.289
36,13.287
37,13.285
38,13.283
39,13.282
40,13.28
41,13.278
42,13.276
43,13.274
44,13.272
45,13.271
46,13.269
47,13.267
48,13.265
49,13.263
50,13.261
51,13.259
52,13.258
53,13.256
54,13.254
55,13.252
56,13.25
57,13.248
58,13.247
59,13.245
60,13.243
61,13.241
62,13.239
63,13.237
64,13.235
65,13.233
66,13.232
67,13.23
68,13.228
69,13.226
70,13.224
71,13.222
72,13.22
73,13.218
74,13.216
75,13.214
76,13.212
77,13.21
78,13.208
79,13.206
80,13.204
81,13.202
82,13.2
83,13.198
84,13.195
85,13.193
86,13.191
87,13.189
88,13.186
89,13.184
90,13.181
91,13.179
92,13.176
93,13.173
94,13.17
95,13.168
96,13.165
97,13.161
98,13.158
99,13.155
100,13.151
101,13.147
102,13.143
103,13.139
104,13.134
105,13.129
106,13.124
107,13.119
108,13.113
109,13.106
110,13.1
111,13.092
112,13.084
113,13.076
114,13.066
115,13.056
116,13.045
117,13.034
118,13.021
119,13.007
120,12.991
121,12.974
122,12.956
123,12.936
124,12.914
125,12.89
126,12.864
127,12.835
128,12.803
129,12.769
130,12.731
131,12.689
132,12.643
133,12.593
134,12.538
135,12.478
136,12.412
137,12.34
138,12.26
139,12.173
140,12.079
141,11.975
142,11.861
143,11.738
144,11.603
145,11.456
146,11.296
147,11.122
148,10.933
149,10.729
150,10.507
151,10.268
152,10.01
153,9.732
154,9.4331
155,9.1123
156,8.7686
157,8.4013
158,8.0094
159,7.5922
160,7.1489
161,6.6789
162,6.1817
163,5.6567
164,5.1037
165,4.5223
166,3.9123
167,3.2737
168,2.6064
169,1.9105
170,1.1862
171,0.43366
172,-0.34681
173,-1.1548
174,-1.99
175,-2.8519
176,-3.7399
177,-4.6536
178,-5.5924
179,-6.5556
180,-7.5427
181,-8.5531
182,-9.5861
183,-10.641
184,-11.717
185,-12.814
186,-13.932
187,-15.068
188,-16.224
189,-17.397
190,-18.589
191,-19.797
192,-21.022
193,-22.263
194,-23.52
195,-24.791
196,-26.077
197,-27.377
198,-28.691
199,-30.017
200,-31.357
