0,27.114
1,27.112
2,27.111
3,27.109
4,27.107
5,27.105
6,27.103
7,27.101
8,27.1
9,27.098
10,27.096
11,27.094
12,27.092
13,27.09
14,27.089
15,27.087
16,27.085
17,27.083
18,27.081
19,27.079
20,27.078
21,27.076
22,27.074
23,27.072
24,27.07
25,27.068
26,27.067
27,27.065
28,27.063
29,27.061
30,27.059
31,27.057
32,27.056
33,27.054
34,27.052
35,27.05
36,27.048
37,27.046
38,27.044
39,27.043
40,27.041
41,27.039
42,27.037
43,27.035
44,27.033
45,27.032
46,27.03
47,27.028
48,27.026
49,27.024
50,27.022
51,27.02
52,27.018
53,27.017
54,27.015
55,27.013
56,27.011
57,27.009
58,27.007
59,27.005
60,27.003
61,27.001
62,26.999
63,26.997
64,26.995
65,26.993
66,26.991
67,26.989
68,26.987
69,26.985
70,26.983
71,26.98
72,26.978
73,26.976
74,26.974
75,26.971
76,26.969
77,26.966
78,26.964
79,26.961
80,26.958
81,26.956
82,26.953
83,26.95
84,26.947
85,26.943
86,26.94
87,26.936
88,26.933
89,26.929
90,26.924
91,26.92
92,26.915
93,26.91
94,26.905
95,26.899
96,26.893
97,26.886
98,26.879
99,26.872
100,26.863
101,26.855
102,26.845
103,26.835
104,26.823
105,26.811
106,26.798
107,26.783
108,26.767
109,26.75
110,26.731
111,26.71
112,26.688
113,26.663
114,26.636
115,26.606
116,26.574
117,26.538
118,26.5
119,26.457
120,26.41
121,26.359
122,26.303
123,26.242
124,26.175
125,26.101
126,26.021
127,25.933
128,25.837
129,25.733
130,25.618
131,25.494
132,25.358
133,25.21
134,25.05
135,24.876
136,24.687
137,24.482
138,24.261
139,24.022
140,23.765
141,23.488
142,23.19
143,22.871
144,22.53
145,22.165
146,21.776
147,21.362
148,20.922
149,20.456
150,19.963
151,19.443
152,18.896
153,18.32
154,17.717
155,17.084
156,16.424
157,15.736
158,15.019
159,14.274
160,13.502
161,12.702
162,11.876
163,11.023
164,10.144
165,9.2391
166,8.3096
167,7.3556
168,6.3779
169,5.377
170,4.3535
171,3.308
172,2.2412
173,1.1536
174,0.045932
175,-1.0813
176,-2.2274
177,-3.3918
178,-4.574
179,-5.7733
180,-6.9893
181,-8.2214
182,-9.4691
183,-10.732
184,-12.009
185,-13.301
186,-14.606
187,-15.924
188,-17.255
189,-18.598
190,-19.953
191,-21.32
192,-22.698
193,-24.087
194,-25.487
195,-26.896
196,-28.316
197,-29.745
198,-31.183
199,-32.63
200,-34.086
