0,21.714
1,21.712
2,21.71
3,21.709
4,21.707
5,21.705
6,21.703
7,21.701
8,21.699
9,21.698
10,21.696
11,21.694
12,21.692
13,21.69
14,21.688
15,21.687
16,21.685
17,21.683
18,21.681
19,21.679
20,21.677
21,21.676
22,21.674
23,21.672
24,21.67
25,21.668
26,21.666
27,21.665
28,21.663
29,21.661
30,21.659
31,21.657
32,21.655
33,21.654
34,21.652
35,21.65
36,21.648
37,21.646
38,21.645
39,21.643
40,21.641
41,21.639
42,21.637
43,21.635
44,21.634
45,21.632
46,21.63
47,21.628
48,21.626
49,21.624
50,21.623
51,21.621
52,21.619
53,21.617
54,21.615
55,21.613
56,21.612
57,21.61
58,21.608
59,21.606
60,21.604
61,21.602
62,21.601
63,21.599
64,21.597
65,21.595
66,21.593
67,21.591
68,21.59
69,21.588
70,21.586
71,21.584
72,21.582
73,21.58
74,21.578
75,21.577
76,21.575
77,21.573
78,21.571
79,21.569
80,21.567
81,21.565
82,21.564
83,21.562
84,21.56
85,21.558
86,21.556
87,21.554
88,21.552
89,21.55
90,21.548
91,21.547
92,21.545
93,21.543
94,21.541
95,21.539
96,21.537
97,21.535
98,21.533
99,21.531
100,21.529
101,21.526
102,21.524
103,21.522
104,21.52
105,21.518
106,21.515
107,21.513
108,21.511
109,21.508
110,21.506
111,21.503
112,21.5
113,21.498
114,21.495
115,21.492
116,21.488
117,21.485
118,21.482
119,21.478
120,21.474
121,21.47
122,21.466
123,21.461
124,21.456
125,21.451
126,21.445
127,21.439
128,21.432
129,21.425
130,21.417
131,21.409
132,21.4
133,21.39
134,21.379
135,21.367
136,21.354
137,21.339
138,21.324
139,21.307
140,21.288
141,21.267
142,21.244
143,21.219
144,21.191
145,21.16
146,21.127
147,21.09
148,21.049
149,21.003
150,20.954
151,20.899
152,20.838
153,20.771
154,20.698
155,20.617
156,20.528
157,20.43
158,20.322
159,20.204
160,20.075
161,19.933
162,19.778
163,19.608
164,19.423
165,19.222
166,19.003
167,18.765
168,18.507
169,18.228
170,17.927
171,17.602
172,17.253
173,16.879
174,16.479
175,16.051
176,15.596
177,15.112
178,14.599
179,14.056
180,13.483
181,12.88
182,12.247
183,11.584
184,10.89
185,10.166
186,9.4122
187,8.6289
188,7.8164
189,6.9753
190,6.1061
191,5.2094
192,4.2857
193,3.3357
194,2.3602
195,1.3597
196,0.33496
197,-0.71324
198,-1.7842
199,-2.8773
200,-3.9918
