0,15.262
1,15.26
2,15.258
3,15.256
4,15.255
5,15.253
6,15.251
7,15.249
8,15.247
9,15.245
10,15.244
11,15.242
12,15.24
13,15.238
14,15.236
15,15.235
16,15.233
17,15.231
18,15.229
19,15.227
20,15.225
21,15.224
22,15.222
23,15.22
24,15.218
25,15.216
26,15.214
27,15.213
28,15.211
29,15.209
30,15.207
31,15.205
32,15.203
33,15.202
34,15.2
35,15.198
36,15.196
37,15.194
38,15.192
39,15.191
40,15.189
41,15.187
42,15.185
43,15.183
44,15.181
45,15.18
46,15.178
47,15.176
48,15.174
49,15.172
50,15.17
51,15.169
52,15.167
53,15.165
54,15.163
55,15.161
56,15.159
57,15.158
58,15.156
59,15.154
60,15.152
61,15.15
62,15.148
63,15.147
64,15.145
65,15.143
66,15.141
67,15.139
68,15.137
69,15.136
70,15.134
71,15.132
72,15.13
73,15.128
74,15.126
75,15.125
76,15.123
77,15.121
78,15.119
79,15.117
80,15.115
81,15.113
82,15.112
83,15.11
84,15.108
85,15.106
86,15.104
87,15.102
88,15.1
89,15.098
90,15.097
91,15.095
92,15.093
93,15.091
94,15.089
95,15.087
96,15.085
97,15.083
98,15.081
99,15.079
100,15.077
101,15.075
102,15.073
103,15.071
104,15.069
105,15.066
106,15.064
107,15.062
108,15.06
109,15.057
110,15.055
111,15.052
112,15.05
113,15.047
114,15.045
115,15.042
116,15.039
117,15.036
118,15.033
119,15.029
120,15.026
121,15.022
122,15.018
123,15.014
124,15.01
125,15.005
126,15
127,14.995
128,14.989
129,14.983
130,14.976
131,14.969
132,14.961
133,14.953
134,14.944
135,14.934
136,14.923
137,14.911
138,14.898
139,14.884
140,14.868
141,14.851
142,14.832
143,14.812
144,14.789
145,14.764
146,14.737
147,14.706
148,14.673
149,14.636
150,14.595
151,14.551
152,14.501
153,14.447
154,14.387
155,14.321
156,14.248
157,14.168
158,14.08
159,13.983
160,13.877
161,13.76
162,13.633
163,13.492
164,13.339
165,13.172
166,12.989
167,12.79
168,12.574
169,12.339
170,12.085
171,11.809
172,11.512
173,11.191
174,10.847
175,10.477
176,10.082
177,9.6591
178,9.209
179,8.7306
180,8.2232
181,7.6864
182,7.1198
183,6.5232
184,5.8965
185,5.2394
186,4.5522
187,3.8348
188,3.0877
189,2.3111
190,1.5053
191,0.67086
192,-0.19173
193,-1.0819
194,-1.9991
195,-2.9426
196,-3.9118
197,-4.906
198,-5.9245
199,-6.9667
200,-8.0317
