0,21.809
1,21.807
2,21.806
3,21.804
4,21.802
5,21.8
6,21.798
7,21.796
8,21.795
9,21.793
10,21.791
11,21.789
12,21.787
13,21.785
14,21.784
15,21.782
16,21.78
17,21.778
18,21.776
19,21.774
20,21.773
21,21.771
22,21.769
23,21.767
24,21.765
25,21.763
26,21.762
27,21.76
28,21.758
29,21.756
30,21.754
31,21.752
32,21.751
33,21.749
34,21.747
35,21.745
36,21.743
37,21.741
38,21.74
39,21.738
40,21.736
41,21.734
42,21.732
43,21.73
44,21.728
45,21.727
46,21.725
47,21.723
48,21.721
49,21.719
50,21.717
51,21.715
52,21.714
53,21.712
54,21.71
55,21.708
56,21.706
57,21.704
58,21.702
59,21.7
60,21.698
61,21.696
62,21.695
63,21.693
64,21.691
65,21.689
66,21.687
67,21.685
68,21.683
69,21.681
70,21.678
71,21.676
72,21.674
73,21.672
74,21.67
75,21.668
76,21.665
77,21.663
78,21.661
79,21.658
80,21.656
81,21.653
82,21.651
83,21.648
84,21.645
85,21.642
86,21.639
87,21.636
88,21.633
89,21.629
90,21.625
91,21.622
92,21.618
93,21.613
94,21.609
95,21.604
96,21.599
97,21.593
98,21.588
99,21.581
100,21.575
101,21.568
102,21.56
103,21.551
104,21.542
105,21.533
106,21.522
107,21.51
108,21.498
109,21.484
110,21.469
111,21.453
112,21.435
113,21.416
114,21.395
115,21.372
116,21.347
117,21.319
118,21.289
119,21.256
120,21.219
121,21.18
122,21.136
123,21.089
124,21.036
125,20.979
126,20.916
127,20.848
128,20.773
129,20.691
130,20.601
131,20.503
132,20.396
133,20.28
134,20.152
135,20.014
136,19.863
137,19.7
138,19.522
139,19.329
140,19.121
141,18.896
142,18.653
143,18.391
144,18.109
145,17.806
146,17.482
147,17.135
148,16.764
149,16.369
150,15.949
151,15.503
152,15.031
153,14.532
154,14.005
155,13.451
156,12.869
157,12.258
158,11.619
159,10.952
160,10.257
161,9.5335
162,8.7823
163,8.0034
164,7.1973
165,6.3644
166,5.5051
167,4.6199
168,3.7094
169,2.7739
170,1.8143
171,0.83098
172,-0.17539
173,-1.2042
174,-2.2548
175,-3.3267
176,-4.4191
177,-5.5315
178,-6.6633
179,-7.8138
180,-8.9825
181,-10.169
182,-11.372
183,-12.592
184,-13.828
185,-15.079
186,-16.346
187,-17.626
188,-18.921
189,-20.229
190,-21.55
191,-22.884
192,-24.231
193,-25.589
194,-26.958
195,-28.339
196,-29.731
197,-31.132
198,-32.544
199,-33.966
200,-35.397
