0,12.378
1,12.376
2,12.375
3,12.373
4,12.371
5,12.369
6,12.367
7,12.365
8,12.364
9,12.362
10,12.36
11,12.358
12,12.356
13,12.354
14,12.353
15,12.351
16,12.349
17,12.347
18,12.345
19,12.343
20,12.342
21,12.34
22,12.338
23,12.336
24,12.334
25,12.332
26,12.331
27,12.329
28,12.327
29,12.325
30,12.323
31,12.321
32,12.32
33,12.318
34,12.316
35,12.314
36,12.312
37,12.31
38,12.309
39,12.307
40,12.305
41,12.303
42,12.301
43,12.299
44,12.298
45,12.296
46,12.294
47,12.292
48,12.29
49,12.288
50,12.286
51,12.285
52,12.283
53,12.281
54,12.279
55,12.277
56,12.275
57,12.273
58,12.272
59,12.27
60,12.268
61,12.266
62,12.264
63,12.262
64,12.26
65,12.258
66,12.256
67,12.254
68,12.252
69,12.25
70,12.248
71,12.246
72,12.244
73,12.242
74,12.24
75,12.238
76,12.236
77,12.234
78,12.232
79,12.23
80,12.227
81,12.225
82,12.223
83,12.22
84,12.218
85,12.215
86,12.213
87,12.21
88,12.208
89,12.205
90,12.202
91,12.199
92,12.196
93,12.192
94,12.189
95,12.185
96,12.181
97,12.177
98,12.173
99,12.168
100,12.164
101,12.158
102,12.153
103,12.147
104,12.141
105,12.134
106,12.127
107,12.119
108,12.111
109,12.101
110,12.092
111,12.081
112,12.069
113,12.057
114,12.043
115,12.028
116,12.012
117,11.994
118,11.974
119,11.953
120,11.93
121,11.904
122,11.876
123,11.846
124,11.813
125,11.776
126,11.736
127,11.692
128,11.644
129,11.591
130,11.534
131,11.47
132,11.401
133,11.326
134,11.243
135,11.153
136,11.054
137,10.946
138,10.828
139,10.7
140,10.561
141,10.409
142,10.244
143,10.065
144,9.8711
145,9.6611
146,9.4343
147,9.1894
148,8.9257
149,8.642
150,8.3374
151,8.011
152,7.6618
153,7.289
154,6.8918
155,6.4694
156,6.0212
157,5.5466
158,5.0449
159,4.5158
160,3.959
161,3.3741
162,2.7611
163,2.1197
164,1.45
165,0.75212
166,0.026167
167,-0.72763
168,-1.509
169,-2.3175
170,-3.1529
171,-4.0145
172,-4.9021
173,-5.8149
174,-6.7526
175,-7.7144
176,-8.6999
177,-9.7083
178,-10.739
179,-11.792
180,-12.865
181,-13.96
182,-15.074
183,-16.207
184,-17.36
185,-18.53
186,-19.718
187,-20.923
188,-22.144
189,-23.381
190,-24.634
191,-25.902
192,-27.184
193,-28.48
194,-29.789
195,-31.112
196,-32.447
197,-33.794
198,-35.153
199,-36.524
200,-37.906
