0,11.866
1,11.864
2,11.862
3,11.86
4,11.858
5,11.857
6,11.855
7,11.853
8,11.851
9,11.849
10,11.847
11,11.846
12,11.844
13,11.842
14,11.84
15,11.838
16,11.836
17,11.835
18,11.833
19,11.831
20,11.829
21,11.827
22,11.825
23,11.824
24,11.822
25,11.82
26,11.818
27,11.816
28,11.814
29,11.813
30,11.811
31,11.809
32,11.807
33,11.805
34,11.804
35,11.802
36,11.8
37,11.798
38,11.796
39,11.794
40,11.793
41,11.791
42,11.789
43,11.787
44,11.785
45,11.783
46,11.782
47,11.78
48,11.778
49,11.776
50,11.774
51,11.772
52,11.771
53,11.769
54,11.767
55,11.765
56,11.763
57,11.761
58,11.759
59,11.758
60,11.756
61,11.754
62,11.752
63,11.75
64,11.748
65,11.747
66,11.745
67,11.743
68,11.741
69,11.739
70,11.737
71,11.735
72,11.734
73,11.732
74,11.73
75,11.728
76,11.726
77,11.724
78,11.722
79,11.72
80,11.718
81,11.717
82,11.715
83,11.713
84,11.711
85,11.709
86,11.707
87,11.705
88,11.703
89,11.701
90,11.699
91,11.697
92,11.695
93,11.692
94,11.69
95,11.688
96,11.686
97,11.683
98,11.681
99,11.679
100,11.676
101,11.674
102,11.671
103,11.668
104,11.666
105,11.663
106,11.66
107,11.657
108,11.653
109,11.65
110,11.646
111,11.643
112,11.639
113,11.634
114,11.63
115,11.625
116,11.62
117,11.615
118,11.609
119,11.602
120,11.596
121,11.588
122,11.581
123,11.572
124,11.563
125,11.553
126,11.542
127,11.53
128,11.517
129,11.503
130,11.487
131,11.47
132,11.452
133,11.431
134,11.409
135,11.385
136,11.358
137,11.328
138,11.296
139,11.26
140,11.221
141,11.178
142,11.13
143,11.078
144,11.021
145,10.958
146,10.889
147,10.813
148,10.73
149,10.639
150,10.539
151,10.43
152,10.31
153,10.179
154,10.036
155,9.8804
156,9.7106
157,9.5259
158,9.3253
159,9.1077
160,8.8719
161,8.6171
162,8.3421
163,8.0458
164,7.7272
165,7.3854
166,7.0193
167,6.6282
168,6.2111
169,5.7674
170,5.2963
171,4.7973
172,4.2699
173,3.7138
174,3.1286
175,2.5142
176,1.8704
177,1.1973
178,0.49492
179,-0.23649
180,-0.99669
181,-1.7854
182,-2.6021
183,-3.4465
184,-4.3181
185,-5.2162
186,-6.1403
187,-7.0898
188,-8.0641
189,-9.0625
190,-10.084
191,-11.129
192,-12.196
193,-13.284
194,-14.394
195,-15.523
196,-16.672
197,-17.84
198,-19.026
199,-20.229
200,-21.45
