0,14.403
1,14.401
2,14.399
3,14.397
4,14.395
5,14.393
6,14.392
7,14.39
8,14.388
9,14.386
10,14.384
11,14.382
12,14.381
13,14.379
14,14.377
15,14.375
16,14.373
17,14.371
18,14.37
19,14.368
20,14.366
21,14.364
22,14.362
23,14.36
24,14.359
25,14.357
26,14.355
27,14.353
28,14.351
29,14.349
30,14.348
31,14.346
32,14.344
33,14.342
34,14.34
35,14.338
36,14.337
37,14.335
38,14.333
39,14.331
40,14.329
41,14.327
42,14.326
43,14.324
44,14.322
45,14.32
46,14.318
47,14.316
48,14.315
49,14.313
50,14.311
51,14.309
52,14.307
53,14.305
54,14.304
55,14.302
56,14.3
57,14.298
58,14.296
59,14.294
60,14.293
61,14.291
62,14.289
63,14.287
64,14.285
65,14.283
66,14.282
67,14.28
68,14.278
69,14.276
70,14.274
71,14.272
72,14.271
73,14.269
74,14.267
75,14.265
76,14.263
77,14.261
78,14.259
79,14.258
80,14.256
81,14.254
82,14.252
83,14.25
84,14.248
85,14.246
86,14.244
87,14.242
88,14.24
89,14.239
90,14.237
91,14.235
92,14.233
93,14.231
94,14.229
95,14.227
96,14.225
97,14.222
98,14.22
99,14.218
100,14.216
101,14.214
102,14.212
103,14.209
104,14.207
105,14.204
106,14.202
107,14.199
108,14.197
109,14.194
110,14.191
111,14.188
112,14.185
113,14.182
114,14.179
115,14.175
116,14.172
117,14.168
118,14.164
119,14.159
120,14.155
121,14.15
122,14.144
123,14.139
124,14.133
125,14.126
126,14.119
127,14.111
128,14.103
129,14.094
130,14.084
131,14.073
132,14.062
133,14.049
134,14.035
135,14.02
136,14.003
137,13.985
138,13.965
139,13.943
140,13.918
141,13.892
142,13.862
143,13.83
144,13.794
145,13.755
146,13.712
147,13.665
148,13.613
149,13.555
150,13.492
151,13.422
152,13.346
153,13.262
154,13.169
155,13.068
156,12.957
157,12.835
158,12.702
159,12.557
160,12.398
161,12.224
162,12.035
163,11.83
164,11.607
165,11.365
166,11.104
167,10.821
168,10.517
169,10.19
170,9.8381
171,9.4617
172,9.0593
173,8.6302
174,8.1737
175,7.689
176,7.1758
177,6.6334
178,6.0617
179,5.4602
180,4.829
181,4.1679
182,3.4771
183,2.7566
184,2.0067
185,1.2277
186,0.42005
187,-0.41586
188,-1.2795
189,-2.1704
190,-3.0879
191,-4.0313
192,-5.0001
193,-5.9936
194,-7.0111
195,-8.0519
196,-9.1154
197,-10.201
198,-11.307
199,-12.435
200,-13.582
