0,18.939
1,18.937
2,18.935
3,18.934
4,18.932
5,18.93
6,18.928
7,18.926
8,18.924
9,18.923
10,18.921
11,18.919
12,18.917
13,18.915
14,18.913
15,18.912
16,18.91
17,18.908
18,18.906
19,18.904
20,18.902
21,18.901
22,18.899
23,18.897
24,18.895
25,18.893
26,18.891
27,18.89
28,18.888
29,18.886
30,18.884
31,18.882
32,18.88
33,18.879
34,18.877
35,18.875
36,18.873
37,18.871
38,18.869
39,18.868
40,18.866
41,18.864
42,18.862
43,18.86
44,18.858
45,18.857
46,18.855
47,18.853
48,18.851
49,18.849
50,18.847
51,18.846
52,18.844
53,18.842
54,18.84
55,18.838
56,18.836
57,18.834
58,18.833
59,18.831
60,18.829
61,18.827
62,18.825
63,18.823
64,18.821
65,18.82
66,18.818
67,18.816
68,18.814
69,18.812
70,18.81
71,18.808
72,18.806
73,18.804
74,18.802
75,18.8
76,18.798
77,18.796
78,18.794
79,18.792
80,18.79
81,18.788
82,18.786
83,18.784
84,18.782
85,18.78
86,18.778
87,18.775
88,18.773
89,18.771
90,18.768
91,18.766
92,18.763
93,18.761
94,18.758
95,18.755
96,18.752
97,18.749
98,18.746
99,18.743
100,18.739
101,18.736
102,18.732
103,18.728
104,18.724
105,18.719
106,18.714
107,18.709
108,18.704
109,18.698
110,18.691
111,18.685
112,18.677
113,18.67
114,18.661
115,18.652
116,18.642
117,18.631
118,18.619
119,18.606
120,18.592
121,18.577
122,18.56
123,18.542
124,18.522
125,18.5
126,18.475
127,18.449
128,18.42
129,18.388
130,18.353
131,18.315
132,18.273
133,18.227
134,18.176
135,18.12
136,18.059
137,17.992
138,17.919
139,17.838
140,17.75
141,17.653
142,17.548
143,17.432
144,17.306
145,17.168
146,17.018
147,16.855
148,16.677
149,16.484
150,16.275
151,16.049
152,15.804
153,15.539
154,15.255
155,14.949
156,14.62
157,14.268
158,13.892
159,13.491
160,13.064
161,12.61
162,12.129
163,11.621
164,11.084
165,10.519
166,9.9248
167,9.3019
168,8.6501
169,7.9693
170,7.2598
171,6.5216
172,5.755
173,4.9604
174,4.1382
175,3.2889
176,2.4128
177,1.5106
178,0.58281
179,-0.36996
180,-1.3471
181,-2.348
182,-3.372
183,-4.4184
184,-5.4867
185,-6.5761
186,-7.686
187,-8.8159
188,-9.9649
189,-11.133
190,-12.318
191,-13.522
192,-14.742
193,-15.978
194,-17.23
195,-18.498
196,-19.78
197,-21.076
198,-22.387
199,-23.71
200,-25.047
