0,19.136
1,19.134
2,19.132
3,19.13
4,19.128
5,19.127
6,19.125
7,19.123
8,19.121
9,19.119
10,19.117
11,19.116
12,19.114
13,19.112
14,19.11
15,19.108
16,19.107
17,19.105
18,19.103
19,19.101
20,19.099
21,19.097
22,19.096
23,19.094
24,19.092
25,19.09
26,19.088
27,19.086
28,19.085
29,19.083
30,19.081
31,19.079
32,19.077
33,19.075
34,19.074
35,19.072
36,19.07
37,19.068
38,19.066
39,19.064
40,19.063
41,19.061
42,19.059
43,19.057
44,19.055
45,19.053
46,19.052
47,19.05
48,19.048
49,19.046
50,19.044
51,19.042
52,19.041
53,19.039
54,19.037
55,19.035
56,19.033
57,19.031
58,19.03
59,19.028
60,19.026
61,19.024
62,19.022
63,19.02
64,19.018
65,19.017
66,19.015
67,19.013
68,19.011
69,19.009
70,19.007
71,19.005
72,19.004
73,19.002
74,19
75,18.998
76,18.996
77,18.994
78,18.992
79,18.99
80,18.988
81,18.986
82,18.984
83,18.982
84,18.98
85,18.978
86,18.976
87,18.974
88,18.972
89,18.97
90,18.968
91,18.966
92,18.964
93,18.962
94,18.959
95,18.957
96,18.955
97,18.952
98,18.95
99,18.947
100,18.945
101,18.942
102,18.939
103,18.936
104,18.933
105,18.93
106,18.927
107,18.923
108,18.919
109,18.916
110,18.911
111,18.907
112,18.902
113,18.898
114,18.892
115,18.887
116,18.881
117,18.874
118,18.867
119,18.86
120,18.852
121,18.843
122,18.833
123,18.823
124,18.811
125,18.799
126,18.785
127,18.771
128,18.754
129,18.737
130,18.717
131,18.696
132,18.672
133,18.647
134,18.619
135,18.588
136,18.554
137,18.516
138,18.475
139,18.43
140,18.38
141,18.325
142,18.265
143,18.199
144,18.126
145,18.047
146,17.959
147,17.863
148,17.758
149,17.643
150,17.517
151,17.38
152,17.23
153,17.066
154,16.888
155,16.694
156,16.484
157,16.256
158,16.009
159,15.743
160,15.455
161,15.146
162,14.814
163,14.457
164,14.076
165,13.669
166,13.236
167,12.776
168,12.287
169,11.771
170,11.226
171,10.651
172,10.048
173,9.4145
174,8.752
175,8.0601
176,7.339
177,6.5889
178,5.8102
179,5.0031
180,4.1681
181,3.3057
182,2.4164
183,1.5009
184,0.55966
185,-0.40665
186,-1.3974
187,-2.4119
188,-3.4495
189,-4.5095
190,-5.5913
191,-6.6941
192,-7.8175
193,-8.9605
194,-10.123
195,-11.304
196,-12.502
197,-13.718
198,-14.951
199,-16.2
200,-17.464
