0,13.065
1,13.063
2,13.062
3,13.06
4,13.058
5,13.056
6,13.054
7,13.052
8,13.051
9,13.049
10,13.047
11,13.045
12,13.043
13,13.041
14,13.04
15,13.038
16,13.036
17,13.034
18,13.032
19,13.03
20,13.029
21,13.027
22,13.025
23,13.023
24,13.021
25,13.019
26,13.018
27,13.016
28,13.014
29,13.012
30,13.01
31,13.008
32,13.007
33,13.005
34,13.003
35,13.001
36,12.999
37,12.997
38,12.996
39,12.994
40,12.992
41,12.99
42,12.988
43,12.986
44,12.985
45,12.983
46,12.981
47,12.979
48,12.977
49,12.975
50,12.973
51,12.972
52,12.97
53,12.968
54,12.966
55,12.964
56,12.962
57,12.96
58,12.958
59,12.956
60,12.955
61,12.953
62,12.951
63,12.949
64,12.947
65,12.945
66,12.943
67,12.941
68,12.939
69,12.937
70,12.935
71,12.933
72,12.931
73,12.929
74,12.926
75,12.924
76,12.922
77,12.92
78,12.918
79,12.915
80,12.913
81,12.91
82,12.908
83,12.905
84,12.903
85,12.9
86,12.897
87,12.894
88,12.891
89,12.888
90,12.884
91,12.881
92,12.877
93,12.873
94,12.869
95,12.865
96,12.861
97,12.856
98,12.851
99,12.845
100,12.839
101,12.833
102,12.826
103,12.819
104,12.811
105,12.803
106,12.793
107,12.784
108,12.773
109,12.761
110,12.749
111,12.735
112,12.72
113,12.704
114,12.686
115,12.667
116,12.645
117,12.622
118,12.597
119,12.569
120,12.539
121,12.506
122,12.47
123,12.43
124,12.387
125,12.339
126,12.287
127,12.23
128,12.167
129,12.099
130,12.025
131,11.943
132,11.854
133,11.756
134,11.65
135,11.534
136,11.408
137,11.271
138,11.122
139,10.959
140,10.784
141,10.593
142,10.387
143,10.164
144,9.9231
145,9.664
146,9.3854
147,9.0862
148,8.7655
149,8.4225
150,8.0563
151,7.666
152,7.2509
153,6.8103
154,6.3436
155,5.8503
156,5.3298
157,4.7818
158,4.2061
159,3.6023
160,2.9705
161,2.3106
162,1.6225
163,0.90657
164,0.16284
165,-0.60837
166,-1.4067
167,-2.2319
168,-3.0834
169,-3.9608
170,-4.8636
171,-5.7912
172,-6.7431
173,-7.7187
174,-8.7174
175,-9.7386
176,-10.782
177,-11.846
178,-12.931
179,-14.036
180,-15.161
181,-16.304
182,-17.466
183,-18.646
184,-19.842
185,-21.055
186,-22.285
187,-23.53
188,-24.79
189,-26.064
190,-27.353
191,-28.655
192,-29.971
193,-31.299
194,-32.639
195,-33.992
196,-35.356
197,-36.732
198,-38.118
199,-39.515
200,-40.921
