0,18.719
1,18.718
2,18.716
3,18.714
4,18.712
5,18.71
6,18.708
7,18.707
8,18.705
9,18.703
10,18.701
11,18.699
12,18.697
13,18.696
14,18.694
15,18.692
16,18.69
17,18.688
18,18.686
19,18.685
20,18.683
21,18.681
22,18.679
23,18.677
24,18.675
25,18.674
26,18.672
27,18.67
28,18.668
29,18.666
30,18.664
31,18.663
32,18.661
33,18.659
34,18.657
35,18.655
36,18.653
37,18.652
38,18.65
39,18.648
40,18.646
41,18.644
42,18.642
43,18.641
44,18.639
45,18.637
46,18.635
47,18.633
48,18.631
49,18.63
50,18.628
51,18.626
52,18.624
53,18.622
54,18.62
55,18.619
56,18.617
57,18.615
58,18.613
59,18.611
60,18.609
61,18.608
62,18.606
63,18.604
64,18.602
65,18.6
66,18.598
67,18.596
68,18.595
69,18.593
70,18.591
71,18.589
72,18.587
73,18.585
74,18.583
75,18.581
76,18.579
77,18.577
78,18.575
79,18.574
80,18.572
81,18.57
82,18.568
83,18.566
84,18.564
85,18.561
86,18.559
87,18.557
88,18.555
89,18.553
90,18.551
91,18.549
92,18.546
93,18.544
94,18.542
95,18.539
96,18.537
97,18.534
98,18.531
99,18.528
100,18.526
101,18.523
102,18.519
103,18.516
104,18.513
105,18.509
106,18.505
107,18.502
108,18.497
109,18.493
110,18.488
111,18.483
112,18.478
113,18.472
114,18.466
115,18.459
116,18.452
117,18.444
118,18.435
119,18.426
120,18.416
121,18.405
122,18.394
123,18.381
124,18.367
125,18.352
126,18.335
127,18.316
128,18.296
129,18.274
130,18.25
131,18.224
132,18.194
133,18.162
134,18.127
135,18.089
136,18.046
137,18
138,17.948
139,17.892
140,17.83
141,17.762
142,17.688
143,17.606
144,17.517
145,17.419
146,17.311
147,17.194
148,17.065
149,16.925
150,16.772
151,16.605
152,16.424
153,16.227
154,16.013
155,15.782
156,15.531
157,15.261
158,14.97
159,14.657
160,14.321
161,13.961
162,13.576
163,13.166
164,12.729
165,12.266
166,11.774
167,11.254
168,10.706
169,10.129
170,9.5228
171,8.8873
172,8.2226
173,7.5287
174,6.8057
175,6.054
176,5.2738
177,4.4655
178,3.6296
179,2.7664
180,1.8765
181,0.96057
182,0.019092
183,-0.94728
184,-1.9379
185,-2.9522
186,-3.9894
187,-5.0489
188,-6.13
189,-7.2321
190,-8.3545
191,-9.4966
192,-10.658
193,-11.837
194,-13.035
195,-14.249
196,-15.481
197,-16.728
198,-17.991
199,-19.269
200,-20.562
