0,26.521
1,26.519
2,26.517
3,26.515
4,26.514
5,26.512
6,26.51
7,26.508
8,26.506
9,26.504
10,26.503
11,26.501
12,26.499
13,26.497
14,26.495
15,26.493
16,26.492
17,26.49
18,26.488
19,26.486
20,26.484
21,26.482
22,26.481
23,26.479
24,26.477
25,26.475
26,26.473
27,26.471
28,26.47
29,26.468
30,26.466
31,26.464
32,26.462
33,26.46
34,26.458
35,26.457
36,26.455
37,26.453
38,26.451
39,26.449
40,26.447
41,26.445
42,26.444
43,26.442
44,26.44
45,26.438
46,26.436
47,26.434
48,26.432
49,26.43
50,26.428
51,26.426
52,26.424
53,26.422
54,26.42
55,26.418
56,26.416
57,26.414
58,26.412
59,26.41
60,26.408
61,26.406
62,26.404
63,26.402
64,26.399
65,26.397
66,26.395
67,26.392
68,26.39
69,26.388
70,26.385
71,26.382
72,26.38
73,26.377
74,26.374
75,26.371
76,26.368
77,26.365
78,26.361
79,26.358
80,26.354
81,26.35
82,26.346
83,26.341
84,26.337
85,26.332
86,26.326
87,26.321
88,26.315
89,26.308
90,26.301
91,26.294
92,26.286
93,26.277
94,26.268
95,26.258
96,26.247
97,26.235
98,26.222
99,26.208
100,26.193
101,26.176
102,26.158
103,26.138
104,26.117
105,26.093
106,26.068
107,26.04
108,26.009
109,25.976
110,25.939
111,25.899
112,25.855
113,25.808
114,25.755
115,25.698
116,25.635
117,25.567
118,25.492
119,25.411
120,25.322
121,25.225
122,25.119
123,25.004
124,24.879
125,24.742
126,24.594
127,24.434
128,24.26
129,24.071
130,23.867
131,23.647
132,23.41
133,23.154
134,22.88
135,22.585
136,22.269
137,21.932
138,21.571
139,21.188
140,20.779
141,20.346
142,19.888
143,19.403
144,18.891
145,18.353
146,17.787
147,17.193
148,16.572
149,15.923
150,15.246
151,14.542
152,13.81
153,13.051
154,12.265
155,11.452
156,10.613
157,9.7487
158,8.8587
159,7.9439
160,7.0048
161,6.042
162,5.056
163,4.0475
164,3.0171
165,1.9652
166,0.89263
167,-0.20016
168,-1.3125
169,-2.4439
170,-3.5937
171,-4.7614
172,-5.9464
173,-7.1482
174,-8.3662
175,-9.6
176,-10.849
177,-12.113
178,-13.391
179,-14.682
180,-15.988
181,-17.306
182,-18.636
183,-19.979
184,-21.334
185,-22.7
186,-24.077
187,-25.464
188,-26.862
189,-28.27
190,-29.688
191,-31.115
192,-32.551
193,-33.996
194,-35.45
195,-36.912
196,-38.382
197,-39.86
198,-41.346
199,-42.839
200,-44.339
