0,16.214
1,16.213
2,16.211
3,16.209
4,16.207
5,16.205
6,16.203
7,16.202
8,16.2
9,16.198
10,16.196
11,16.194
12,16.192
13,16.191
14,16.189
15,16.187
16,16.185
17,16.183
18,16.181
19,16.18
20,16.178
21,16.176
22,16.174
23,16.172
24,16.17
25,16.169
26,16.167
27,16.165
28,16.163
29,16.161
30,16.159
31,16.157
32,16.156
33,16.154
34,16.152
35,16.15
36,16.148
37,16.146
38,16.145
39,16.143
40,16.141
41,16.139
42,16.137
43,16.135
44,16.133
45,16.132
46,16.13
47,16.128
48,16.126
49,16.124
50,16.122
51,16.12
52,16.118
53,16.117
54,16.115
55,16.113
56,16.111
57,16.109
58,16.107
59,16.105
60,16.103
61,16.101
62,16.099
63,16.097
64,16.095
65,16.093
66,16.091
67,16.089
68,16.087
69,16.084
70,16.082
71,16.08
72,16.078
73,16.075
74,16.073
75,16.07
76,16.068
77,16.065
78,16.063
79,16.06
80,16.057
81,16.054
82,16.051
83,16.048
84,16.045
85,16.041
86,16.038
87,16.034
88,16.03
89,16.026
90,16.021
91,16.016
92,16.011
93,16.006
94,16
95,15.994
96,15.987
97,15.98
98,15.973
99,15.965
100,15.956
101,15.946
102,15.936
103,15.925
104,15.912
105,15.899
106,15.885
107,15.869
108,15.852
109,15.833
110,15.813
111,15.791
112,15.767
113,15.74
114,15.711
115,15.68
116,15.645
117,15.607
118,15.566
119,15.521
120,15.471
121,15.417
122,15.358
123,15.293
124,15.223
125,15.146
126,15.061
127,14.969
128,14.869
129,14.759
130,14.64
131,14.51
132,14.369
133,14.216
134,14.05
135,13.87
136,13.675
137,13.464
138,13.237
139,12.992
140,12.728
141,12.445
142,12.141
143,11.816
144,11.468
145,11.097
146,10.703
147,10.283
148,9.8384
149,9.3676
150,8.8704
151,8.3462
152,7.7947
153,7.2157
154,6.609
155,5.9744
156,5.312
157,4.6218
158,3.9039
159,3.1585
160,2.386
161,1.5865
162,0.76052
163,-0.091546
164,-0.96924
165,-1.8721
166,-2.7995
167,-3.751
168,-4.726
169,-5.7239
170,-6.7441
171,-7.786
172,-8.8491
173,-9.9326
174,-11.036
175,-12.159
176,-13.3
177,-14.46
178,-15.638
179,-16.832
180,-18.043
181,-19.27
182,-20.512
183,-21.77
184,-23.042
185,-24.328
186,-25.628
187,-26.94
188,-28.266
189,-29.604
190,-30.953
191,-32.315
192,-33.687
193,-35.071
194,-36.465
195,-37.869
196,-39.283
197,-40.706
198,-42.139
199,-43.581
200,-45.031
