0,21.777
1,21.775
2,21.773
3,21.771
4,21.77
5,21.768
6,21.766
7,21.764
8,21.762
9,21.76
10,21.759
11,21.757
12,21.755
13,21.753
14,21.751
15,21.749
16,21.748
17,21.746
18,21.744
19,21.742
20,21.74
21,21.738
22,21.737
23,21.735
24,21.733
25,21.731
26,21.729
27,21.727
28,21.726
29,21.724
30,21.722
31,21.72
32,21.718
33,21.716
34,21.715
35,21.713
36,21.711
37,21.709
38,21.707
39,21.705
40,21.704
41,21.702
42,21.7
43,21.698
44,21.696
45,21.694
46,21.693
47,21.691
48,21.689
49,21.687
50,21.685
51,21.683
52,21.682
53,21.68
54,21.678
55,21.676
56,21.674
57,21.672
58,21.671
59,21.669
60,21.667
61,21.665
62,21.663
63,21.661
64,21.66
65,21.658
66,21.656
67,21.654
68,21.652
69,21.65
70,21.648
71,21.647
72,21.645
73,21.643
74,21.641
75,21.639
76,21.637
77,21.635
78,21.633
79,21.631
80,21.63
81,21.628
82,21.626
83,21.624
84,21.622
85,21.62
86,21.618
87,21.616
88,21.614
89,21.612
90,21.61
91,21.608
92,21.605
93,21.603
94,21.601
95,21.599
96,21.596
97,21.594
98,21.592
99,21.589
100,21.587
101,21.584
102,21.581
103,21.579
104,21.576
105,21.573
106,21.57
107,21.566
108,21.563
109,21.559
110,21.556
111,21.552
112,21.547
113,21.543
114,21.538
115,21.533
116,21.527
117,21.522
118,21.515
119,21.508
120,21.501
121,21.493
122,21.484
123,21.475
124,21.465
125,21.454
126,21.441
127,21.428
128,21.414
129,21.398
130,21.38
131,21.361
132,21.341
133,21.318
134,21.292
135,21.265
136,21.234
137,21.201
138,21.164
139,21.123
140,21.079
141,21.029
142,20.975
143,20.916
144,20.851
145,20.779
146,20.7
147,20.614
148,20.519
149,20.414
150,20.3
151,20.175
152,20.039
153,19.889
154,19.727
155,19.549
156,19.356
157,19.147
158,18.919
159,18.673
160,18.407
161,18.119
162,17.81
163,17.478
164,17.121
165,16.74
166,16.332
167,15.898
168,15.437
169,14.947
170,14.43
171,13.883
172,13.306
173,12.701
174,12.065
175,11.401
176,10.706
177,9.9821
178,9.229
179,8.4471
180,7.6367
181,6.7983
182,5.9324
183,5.0396
184,4.1203
185,3.1752
186,2.2051
187,1.2104
188,0.19191
189,-0.84971
190,-1.9138
191,-2.9996
192,-4.1066
193,-5.234
194,-6.3812
195,-7.5475
196,-8.7323
197,-9.9351
198,-11.155
199,-12.392
200,-13.645
