0,28.339
1,28.337
2,28.335
3,28.333
4,28.332
5,28.33
6,28.328
7,28.326
8,28.324
9,28.323
10,28.321
11,28.319
12,28.317
13,28.315
14,28.313
15,28.312
16,28.31
17,28.308
18,28.306
19,28.304
20,28.302
21,28.301
22,28.299
23,28.297
24,28.295
25,28.293
26,28.291
27,28.29
28,28.288
29,28.286
30,28.284
31,28.282
32,28.28
33,28.279
34,28.277
35,28.275
36,28.273
37,28.271
38,28.269
39,28.268
40,28.266
41,28.264
42,28.262
43,28.26
44,28.258
45,28.256
46,28.255
47,28.253
48,28.251
49,28.249
50,28.247
51,28.245
52,28.244
53,28.242
54,28.24
55,28.238
56,28.236
57,28.234
58,28.232
59,28.23
60,28.229
61,28.227
62,28.225
63,28.223
64,28.221
65,28.219
66,28.217
67,28.215
68,28.213
69,28.211
70,28.209
71,28.207
72,28.205
73,28.203
74,28.201
75,28.199
76,28.197
77,28.194
78,28.192
79,28.19
80,28.188
81,28.185
82,28.183
83,28.181
84,28.178
85,28.175
86,28.173
87,28.17
88,28.167
89,28.164
90,28.161
91,28.158
92,28.154
93,28.151
94,28.147
95,28.143
96,28.139
97,28.135
98,28.13
99,28.125
100,28.12
101,28.114
102,28.108
103,28.101
104,28.094
105,28.087
106,28.078
107,28.069
108,28.06
109,28.049
110,28.038
111,28.026
112,28.012
113,27.997
114,27.981
115,27.964
116,27.945
117,27.924
118,27.901
119,27.876
120,27.848
121,27.818
122,27.785
123,27.748
124,27.708
125,27.665
126,27.616
127,27.564
128,27.506
129,27.443
130,27.373
131,27.297
132,27.214
133,27.122
134,27.023
135,26.913
136,26.794
137,26.664
138,26.522
139,26.368
140,26.2
141,26.018
142,25.82
143,25.605
144,25.373
145,25.123
146,24.853
147,24.562
148,24.25
149,23.916
150,23.558
151,23.175
152,22.768
153,22.334
154,21.874
155,21.387
156,20.872
157,20.329
158,19.758
159,19.158
160,18.53
161,17.872
162,17.186
163,16.472
164,15.729
165,14.958
166,14.159
167,13.332
168,12.479
169,11.6
170,10.694
171,9.763
172,8.8074
173,7.8276
174,6.8242
175,5.798
176,4.7496
177,3.6795
178,2.5885
179,1.4771
180,0.346
181,-0.80418
182,-1.9729
183,-3.1594
184,-4.3633
185,-5.5839
186,-6.8208
187,-8.0733
188,-9.3409
189,-10.623
190,-11.92
191,-13.23
192,-14.553
193,-15.889
194,-17.238
195,-18.598
196,-19.971
197,-21.354
198,-22.748
199,-24.153
200,-25.568
