0,22.055
1,22.054
2,22.052
3,22.05
4,22.048
5,22.046
6,22.044
7,22.043
8,22.041
9,22.039
10,22.037
11,22.035
12,22.033
13,22.032
14,22.03
15,22.028
16,22.026
17,22.024
18,22.023
19,22.021
20,22.019
21,22.017
22,22.015
23,22.013
24,22.011
25,22.01
26,22.008
27,22.006
28,22.004
29,22.002
30,22
31,21.999
32,21.997
33,21.995
34,21.993
35,21.991
36,21.989
37,21.988
38,21.986
39,21.984
40,21.982
41,21.98
42,21.978
43,21.976
44,21.975
45,21.973
46,21.971
47,21.969
48,21.967
49,21.965
50,21.963
51,21.961
52,21.96
53,21.958
54,21.956
55,21.954
56,21.952
57,21.95
58,21.948
59,21.946
60,21.944
61,21.942
62,21.94
63,21.938
64,21.936
65,21.934
66,21.932
67,21.93
68,21.928
69,21.925
70,21.923
71,21.921
72,21.919
73,21.916
74,21.914
75,21.912
76,21.909
77,21.906
78,21.904
79,21.901
80,21.898
81,21.895
82,21.892
83,21.889
84,21.886
85,21.882
86,21.878
87,21.874
88,21.87
89,21.866
90,21.862
91,21.857
92,21.852
93,21.846
94,21.84
95,21.834
96,21.827
97,21.82
98,21.812
99,21.804
100,21.794
101,21.785
102,21.774
103,21.762
104,21.75
105,21.736
106,21.721
107,21.705
108,21.687
109,21.668
110,21.647
111,21.624
112,21.598
113,21.571
114,21.541
115,21.508
116,21.471
117,21.432
118,21.389
119,21.341
120,21.29
121,21.233
122,21.171
123,21.103
124,21.029
125,20.948
126,20.859
127,20.763
128,20.657
129,20.542
130,20.417
131,20.281
132,20.133
133,19.972
134,19.797
135,19.608
136,19.404
137,19.183
138,18.944
139,18.687
140,18.411
141,18.115
142,17.797
143,17.457
144,17.094
145,16.707
146,16.295
147,15.859
148,15.396
149,14.906
150,14.39
151,13.847
152,13.275
153,12.676
154,12.049
155,11.394
156,10.711
157,9.9997
158,9.261
159,8.4948
160,7.7014
161,6.8813
162,6.0348
163,5.1625
164,4.2647
165,3.3421
166,2.3952
167,1.4245
168,0.4306
169,-0.58582
170,-1.6242
171,-2.6839
172,-3.7644
173,-4.865
174,-5.9852
175,-7.1243
176,-8.2817
177,-9.457
178,-10.65
179,-11.859
180,-13.084
181,-14.325
182,-15.581
183,-16.852
184,-18.137
185,-19.436
186,-20.748
187,-22.072
188,-23.41
189,-24.759
190,-26.12
191,-27.492
192,-28.875
193,-30.269
194,-31.673
195,-33.087
196,-34.51
197,-35.943
198,-37.385
199,-38.836
200,-40.295
