0,23.334
1,23.332
2,23.331
3,23.329
4,23.327
5,23.325
6,23.323
7,23.321
8,23.32
9,23.318
10,23.316
11,23.314
12,23.312
13,23.31
14,23.309
15,23.307
16,23.305
17,23.303
18,23.301
19,23.299
20,23.298
21,23.296
22,23.294
23,23.292
24,23.29
25,23.288
26,23.287
27,23.285
28,23.283
29,23.281
30,23.279
31,23.277
32,23.275
33,23.274
34,23.272
35,23.27
36,23.268
37,23.266
38,23.264
39,23.263
40,23.261
41,23.259
42,23.257
43,23.255
44,23.253
45,23.251
46,23.249
47,23.248
48,23.246
49,23.244
50,23.242
51,23.24
52,23.238
53,23.236
54,23.234
55,23.232
56,23.23
57,23.228
58,23.226
59,23.224
60,23.222
61,23.22
62,23.218
63,23.216
64,23.214
65,23.212
66,23.21
67,23.208
68,23.206
69,23.203
70,23.201
71,23.199
72,23.196
73,23.194
74,23.191
75,23.189
76,23.186
77,23.183
78,23.18
79,23.177
80,23.174
81,23.171
82,23.168
83,23.164
84,23.161
85,23.157
86,23.153
87,23.148
88,23.144
89,23.139
90,23.134
91,23.128
92,23.122
93,23.116
94,23.109
95,23.102
96,23.094
97,23.086
98,23.077
99,23.067
100,23.056
101,23.044
102,23.032
103,23.018
104,23.003
105,22.987
106,22.969
107,22.95
108,22.929
109,22.906
110,22.881
111,22.854
112,22.824
113,22.791
114,22.755
115,22.716
116,22.673
117,22.625
118,22.574
119,22.518
120,22.456
121,22.389
122,22.315
123,22.235
124,22.147
125,22.051
126,21.946
127,21.833
128,21.708
129,21.573
130,21.427
131,21.267
132,21.094
133,20.907
134,20.705
135,20.486
136,20.25
137,19.995
138,19.722
139,19.428
140,19.113
141,18.777
142,18.417
143,18.034
144,17.626
145,17.193
146,16.735
147,16.25
148,15.738
149,15.199
150,14.633
151,14.039
152,13.417
153,12.767
154,12.089
155,11.383
156,10.649
157,9.8886
158,9.1007
159,8.286
160,7.4449
161,6.5779
162,5.6855
163,4.7682
164,3.8265
165,2.861
166,1.8723
167,0.86095
168,-0.17241
169,-1.2272
170,-2.3028
171,-3.3986
172,-4.5141
173,-5.6485
174,-6.8015
175,-7.9723
176,-9.1604
177,-10.365
178,-11.587
179,-12.823
180,-14.076
181,-15.342
182,-16.623
183,-17.918
184,-19.227
185,-20.548
186,-21.882
187,-23.227
188,-24.585
189,-25.954
190,-27.334
191,-28.724
192,-30.125
193,-31.536
194,-32.957
195,-34.386
196,-35.825
197,-37.273
198,-38.73
199,-40.194
200,-41.667
