0,17.158
1,17.156
2,17.154
3,17.153
4,17.151
5,17.149
6,17.147
7,17.145
8,17.143
9,17.142
10,17.14
11,17.138
12,17.136
13,17.134
14,17.132
15,17.131
16,17.129
17,17.127
18,17.125
19,17.123
20,17.121
21,17.12
22,17.118
23,17.116
24,17.114
25,17.112
26,17.11
27,17.109
28,17.107
29,17.105
30,17.103
31,17.101
32,17.099
33,17.098
34,17.096
35,17.094
36,17.092
37,17.09
38,17.088
39,17.087
40,17.085
41,17.083
42,17.081
43,17.079
44,17.077
45,17.075
46,17.074
47,17.072
48,17.07
49,17.068
50,17.066
51,17.064
52,17.062
53,17.061
54,17.059
55,17.057
56,17.055
57,17.053
58,17.051
59,17.049
60,17.047
61,17.045
62,17.043
63,17.042
64,17.04
65,17.038
66,17.036
67,17.034
68,17.032
69,17.03
70,17.028
71,17.025
72,17.023
73,17.021
74,17.019
75,17.017
76,17.015
77,17.012
78,17.01
79,17.008
80,17.005
81,17.003
82,17
83,16.997
84,16.995
85,16.992
86,16.989
87,16.986
88,16.983
89,16.98
90,16.976
91,16.972
92,16.969
93,16.965
94,16.96
95,16.956
96,16.951
97,16.946
98,16.941
99,16.935
100,16.929
101,16.922
102,16.915
103,16.907
104,16.899
105,16.89
106,16.88
107,16.87
108,16.858
109,16.846
110,16.832
111,16.817
112,16.801
113,16.784
114,16.765
115,16.744
116,16.721
117,16.696
118,16.669
119,16.639
120,16.606
121,16.571
122,16.531
123,16.489
124,16.441
125,16.39
126,16.334
127,16.272
128,16.204
129,16.131
130,16.05
131,15.962
132,15.865
133,15.76
134,15.645
135,15.52
136,15.384
137,15.236
138,15.075
139,14.9
140,14.711
141,14.506
142,14.284
143,14.045
144,13.787
145,13.51
146,13.212
147,12.893
148,12.551
149,12.186
150,11.797
151,11.383
152,10.944
153,10.478
154,9.9856
155,9.4661
156,8.919
157,8.344
158,7.741
159,7.1098
160,6.4504
161,5.7629
162,5.0472
163,4.3038
164,3.5327
165,2.7345
166,1.9093
167,1.0577
168,0.18015
169,-0.72285
170,-1.6508
171,-2.6031
172,-3.5791
173,-4.5783
174,-5.6001
175,-6.6438
176,-7.7089
177,-8.7946
178,-9.9005
179,-11.026
180,-12.17
181,-13.333
182,-14.513
183,-15.711
184,-16.925
185,-18.155
186,-19.401
187,-20.662
188,-21.938
189,-23.227
190,-24.531
191,-25.847
192,-27.176
193,-28.518
194,-29.872
195,-31.237
196,-32.613
197,-34.001
198,-35.399
199,-36.806
200,-38.224
