0,22.382
1,22.381
2,22.379
3,22.377
4,22.375
5,22.373
6,22.372
7,22.37
8,22.368
9,22.366
10,22.364
11,22.362
12,22.361
13,22.359
14,22.357
15,22.355
16,22.353
17,22.351
18,22.35
19,22.348
20,22.346
21,22.344
22,22.342
23,22.34
24,22.339
25,22.337
26,22.335
27,22.333
28,22.331
29,22.329
30,22.328
31,22.326
32,22.324
33,22.322
34,22.32
35,22.318
36,22.317
37,22.315
38,22.313
39,22.311
40,22.309
41,22.307
42,22.306
43,22.304
44,22.302
45,22.3
46,22.298
47,22.296
48,22.295
49,22.293
50,22.291
51,22.289
52,22.287
53,22.285
54,22.283
55,22.282
56,22.28
57,22.278
58,22.276
59,22.274
60,22.272
61,22.27
62,22.269
63,22.267
64,22.265
65,22.263
66,22.261
67,22.259
68,22.257
69,22.255
70,22.253
71,22.251
72,22.25
73,22.248
74,22.246
75,22.244
76,22.242
77,22.24
78,22.238
79,22.235
80,22.233
81,22.231
82,22.229
83,22.227
84,22.225
85,22.223
86,22.22
87,22.218
88,22.215
89,22.213
90,22.21
91,22.208
92,22.205
93,22.202
94,22.2
95,22.197
96,22.193
97,22.19
98,22.187
99,22.183
100,22.179
101,22.175
102,22.171
103,22.167
104,22.162
105,22.157
106,22.152
107,22.146
108,22.14
109,22.133
110,22.126
111,22.118
112,22.11
113,22.101
114,22.091
115,22.08
116,22.068
117,22.056
118,22.042
119,22.027
120,22.01
121,21.992
122,21.973
123,21.951
124,21.927
125,21.901
126,21.873
127,21.842
128,21.808
129,21.77
130,21.729
131,21.683
132,21.634
133,21.579
134,21.519
135,21.453
136,21.381
137,21.302
138,21.216
139,21.121
140,21.017
141,20.904
142,20.78
143,20.645
144,20.497
145,20.337
146,20.162
147,19.972
148,19.767
149,19.544
150,19.303
151,19.043
152,18.762
153,18.461
154,18.137
155,17.79
156,17.419
157,17.023
158,16.601
159,16.153
160,15.678
161,15.175
162,14.645
163,14.085
164,13.497
165,12.88
166,12.235
167,11.56
168,10.856
169,10.124
170,9.3633
171,8.5745
172,7.758
173,6.9142
174,6.0437
175,5.1468
176,4.2243
177,3.2767
178,2.3046
179,1.3085
180,0.2893
181,-0.75254
182,-1.8163
183,-2.9014
184,-4.0071
185,-5.1329
186,-6.278
187,-7.4419
188,-8.624
189,-9.8236
190,-11.04
191,-12.273
192,-13.522
193,-14.787
194,-16.066
195,-17.359
196,-18.667
197,-19.988
198,-21.321
199,-22.668
200,-24.026
