0,22.036
1,22.035
2,22.033
3,22.031
4,22.029
5,22.027
6,22.025
7,22.024
8,22.022
9,22.02
10,22.018
11,22.016
12,22.014
13,22.013
14,22.011
15,22.009
16,22.007
17,22.005
18,22.003
19,22.002
20,22
21,21.998
22,21.996
23,21.994
24,21.992
25,21.991
26,21.989
27,21.987
28,21.985
29,21.983
30,21.981
31,21.98
32,21.978
33,21.976
34,21.974
35,21.972
36,21.97
37,21.969
38,21.967
39,21.965
40,21.963
41,21.961
42,21.959
43,21.958
44,21.956
45,21.954
46,21.952
47,21.95
48,21.948
49,21.947
50,21.945
51,21.943
52,21.941
53,21.939
54,21.937
55,21.936
56,21.934
57,21.932
58,21.93
59,21.928
60,21.926
61,21.925
62,21.923
63,21.921
64,21.919
65,21.917
66,21.915
67,21.913
68,21.912
69,21.91
70,21.908
71,21.906
72,21.904
73,21.902
74,21.9
75,21.898
76,21.896
77,21.894
78,21.892
79,21.891
80,21.889
81,21.887
82,21.885
83,21.883
84,21.881
85,21.878
86,21.876
87,21.874
88,21.872
89,21.87
90,21.868
91,21.865
92,21.863
93,21.861
94,21.858
95,21.856
96,21.853
97,21.851
98,21.848
99,21.845
100,21.842
101,21.839
102,21.836
103,21.833
104,21.829
105,21.826
106,21.822
107,21.818
108,21.813
109,21.809
110,21.804
111,21.799
112,21.793
113,21.787
114,21.781
115,21.774
116,21.767
117,21.758
118,21.75
119,21.74
120,21.73
121,21.719
122,21.707
123,21.693
124,21.679
125,21.663
126,21.645
127,21.626
128,21.605
129,21.582
130,21.557
131,21.53
132,21.499
133,21.466
134,21.429
135,21.389
136,21.344
137,21.296
138,21.242
139,21.183
140,21.119
141,21.048
142,20.97
143,20.885
144,20.791
145,20.688
146,20.576
147,20.453
148,20.319
149,20.172
150,20.012
151,19.838
152,19.649
153,19.444
154,19.221
155,18.979
156,18.719
157,18.438
158,18.135
159,17.81
160,17.461
161,17.087
162,16.689
163,16.264
164,15.812
165,15.333
166,14.826
167,14.29
168,13.725
169,13.131
170,12.508
171,11.856
172,11.174
173,10.463
174,9.7235
175,8.9549
176,8.1579
177,7.333
178,6.4806
179,5.6012
180,4.6954
181,3.7637
182,2.8068
183,1.8254
184,0.81999
185,-0.20869
186,-1.26
187,-2.3332
188,-3.4278
189,-4.5429
190,-5.6781
191,-6.8325
192,-8.0057
193,-9.197
194,-10.406
195,-11.632
196,-12.874
197,-14.131
198,-15.405
199,-16.692
200,-17.995
