0,21.645
1,21.643
2,21.641
3,21.64
4,21.638
5,21.636
6,21.634
7,21.632
8,21.63
9,21.629
10,21.627
11,21.625
12,21.623
13,21.621
14,21.619
15,21.618
16,21.616
17,21.614
18,21.612
19,21.61
20,21.608
21,21.607
22,21.605
23,21.603
24,21.601
25,21.599
26,21.597
27,21.596
28,21.594
29,21.592
30,21.59
31,21.588
32,21.586
33,21.585
34,21.583
35,21.581
36,21.579
37,21.577
38,21.575
39,21.574
40,21.572
41,21.57
42,21.568
43,21.566
44,21.564
45,21.563
46,21.561
47,21.559
48,21.557
49,21.555
50,21.553
51,21.551
52,21.55
53,21.548
54,21.546
55,21.544
56,21.542
57,21.54
58,21.538
59,21.536
60,21.535
61,21.533
62,21.531
63,21.529
64,21.527
65,21.525
66,21.523
67,21.521
68,21.519
69,21.517
70,21.515
71,21.513
72,21.511
73,21.509
74,21.507
75,21.505
76,21.502
77,21.5
78,21.498
79,21.496
80,21.493
81,21.491
82,21.489
83,21.486
84,21.483
85,21.481
86,21.478
87,21.475
88,21.472
89,21.469
90,21.466
91,21.463
92,21.459
93,21.456
94,21.452
95,21.448
96,21.443
97,21.439
98,21.434
99,21.429
100,21.423
101,21.417
102,21.411
103,21.404
104,21.397
105,21.389
106,21.38
107,21.371
108,21.361
109,21.35
110,21.338
111,21.326
112,21.312
113,21.296
114,21.28
115,21.262
116,21.242
117,21.22
118,21.196
119,21.17
120,21.142
121,21.11
122,21.076
123,21.039
124,20.997
125,20.952
126,20.903
127,20.849
128,20.79
129,20.725
130,20.653
131,20.575
132,20.49
133,20.397
134,20.295
135,20.184
136,20.063
137,19.93
138,19.786
139,19.63
140,19.459
141,19.275
142,19.074
143,18.858
144,18.623
145,18.371
146,18.098
147,17.806
148,17.492
149,17.155
150,16.796
151,16.412
152,16.003
153,15.568
154,15.107
155,14.62
156,14.105
157,13.562
158,12.991
159,12.391
160,11.764
161,11.108
162,10.423
163,9.7098
164,8.9687
165,8.1997
166,7.4032
167,6.5795
168,5.729
169,4.8524
170,3.95
171,3.0225
172,2.0704
173,1.0943
174,0.094743
175,-0.92754
176,-1.972
177,-3.0379
178,-4.1248
179,-5.2319
180,-6.3586
181,-7.5045
182,-8.6687
183,-9.8508
184,-11.05
185,-12.266
186,-13.499
187,-14.747
188,-16.01
189,-17.288
190,-18.58
191,-19.885
192,-21.204
193,-22.536
194,-23.88
195,-25.237
196,-26.604
197,-27.983
198,-29.373
199,-30.774
200,-32.184
