0,24.756
1,24.755
2,24.753
3,24.751
4,24.749
5,24.747
6,24.745
7,24.744
8,24.742
9,24.74
10,24.738
11,24.736
12,24.734
13,24.733
14,24.731
15,24.729
16,24.727
17,24.725
18,24.723
19,24.722
20,24.72
21,24.718
22,24.716
23,24.714
24,24.712
25,24.711
26,24.709
27,24.707
28,24.705
29,24.703
30,24.701
31,24.7
32,24.698
33,24.696
34,24.694
35,24.692
36,24.69
37,24.689
38,24.687
39,24.685
40,24.683
41,24.681
42,24.679
43,24.678
44,24.676
45,24.674
46,24.672
47,24.67
48,24.668
49,24.666
50,24.664
51,24.663
52,24.661
53,24.659
54,24.657
55,24.655
56,24.653
57,24.651
58,24.649
59,24.647
60,24.645
61,24.644
62,24.642
63,24.64
64,24.638
65,24.636
66,24.634
67,24.632
68,24.629
69,24.627
70,24.625
71,24.623
72,24.621
73,24.619
74,24.616
75,24.614
76,24.612
77,24.609
78,24.607
79,24.604
80,24.602
81,24.599
82,24.596
83,24.593
84,24.59
85,24.587
86,24.584
87,24.581
88,24.577
89,24.573
90,24.569
91,24.565
92,24.561
93,24.556
94,24.551
95,24.546
96,24.54
97,24.534
98,24.528
99,24.521
100,24.513
101,24.505
102,24.497
103,24.487
104,24.477
105,24.466
106,24.454
107,24.441
108,24.426
109,24.411
110,24.394
111,24.375
112,24.355
113,24.333
114,24.309
115,24.282
116,24.253
117,24.222
118,24.187
119,24.149
120,24.107
121,24.061
122,24.011
123,23.956
124,23.896
125,23.831
126,23.759
127,23.68
128,23.594
129,23.5
130,23.397
131,23.285
132,23.163
133,23.03
134,22.885
135,22.728
136,22.557
137,22.371
138,22.17
139,21.953
140,21.718
141,21.465
142,21.193
143,20.9
144,20.586
145,20.249
146,19.89
147,19.506
148,19.098
149,18.664
150,18.204
151,17.718
152,17.204
153,16.663
154,16.094
155,15.496
156,14.871
157,14.217
158,13.534
159,12.824
160,12.086
161,11.32
162,10.526
163,9.7059
164,8.8588
165,7.9856
166,7.0868
167,6.1629
168,5.2145
169,4.2421
170,3.2464
171,2.228
172,1.1874
173,0.12541
174,-0.9575
175,-2.0607
176,-3.1835
177,-4.3253
178,-5.4857
179,-6.6639
180,-7.8594
181,-9.0716
182,-10.3
183,-11.544
184,-12.804
185,-14.078
186,-15.366
187,-16.668
188,-17.983
189,-19.311
190,-20.652
191,-22.004
192,-23.369
193,-24.744
194,-26.131
195,-27.528
196,-28.935
197,-30.352
198,-31.779
199,-33.215
200,-34.661
