0,23.421
1,23.419
2,23.417
3,23.415
4,23.413
5,23.412
6,23.41
7,23.408
8,23.406
9,23.404
10,23.402
11,23.401
12,23.399
13,23.397
14,23.395
15,23.393
16,23.391
17,23.39
18,23.388
19,23.386
20,23.384
21,23.382
22,23.38
23,23.379
24,23.377
25,23.375
26,23.373
27,23.371
28,23.369
29,23.368
30,23.366
31,23.364
32,23.362
33,23.36
34,23.358
35,23.356
36,23.355
37,23.353
38,23.351
39,23.349
40,23.347
41,23.345
42,23.343
43,23.342
44,23.34
45,23.338
46,23.336
47,23.334
48,23.332
49,23.33
50,23.328
51,23.326
52,23.325
53,23.323
54,23.321
55,23.319
56,23.317
57,23.315
58,23.313
59,23.311
60,23.309
61,23.307
62,23.305
63,23.302
64,23.3
65,23.298
66,23.296
67,23.294
68,23.291
69,23.289
70,23.287
71,23.284
72,23.282
73,23.279
74,23.277
75,23.274
76,23.271
77,23.268
78,23.265
79,23.262
80,23.259
81,23.255
82,23.252
83,23.248
84,23.244
85,23.24
86,23.235
87,23.231
88,23.226
89,23.221
90,23.215
91,23.209
92,23.202
93,23.195
94,23.188
95,23.18
96,23.171
97,23.162
98,23.152
99,23.141
100,23.129
101,23.116
102,23.102
103,23.086
104,23.07
105,23.051
106,23.032
107,23.01
108,22.986
109,22.96
110,22.932
111,22.901
112,22.867
113,22.83
114,22.79
115,22.746
116,22.697
117,22.645
118,22.587
119,22.523
120,22.454
121,22.379
122,22.296
123,22.206
124,22.108
125,22.001
126,21.884
127,21.757
128,21.619
129,21.469
130,21.306
131,21.129
132,20.938
133,20.732
134,20.509
135,20.268
136,20.009
137,19.731
138,19.432
139,19.112
140,18.77
141,18.405
142,18.017
143,17.603
144,17.165
145,16.701
146,16.21
147,15.693
148,15.148
149,14.576
150,13.976
151,13.348
152,12.693
153,12.01
154,11.299
155,10.56
156,9.7942
157,9.0014
158,8.182
159,7.3364
160,6.465
161,5.5684
162,4.647
163,3.7015
164,2.7323
165,1.7401
166,0.72536
167,-0.31121
168,-1.369
169,-2.4476
170,-3.5461
171,-4.6642
172,-5.8012
173,-6.9564
174,-8.1295
175,-9.3197
176,-10.527
177,-11.75
178,-12.988
179,-14.242
180,-15.51
181,-16.793
182,-18.089
183,-19.399
184,-20.721
185,-22.056
186,-23.403
187,-24.761
188,-26.131
189,-27.512
190,-28.903
191,-30.305
192,-31.716
193,-33.138
194,-34.568
195,-36.008
196,-37.456
197,-38.913
198,-40.378
199,-41.851
200,-43.332
