0,22.601
1,22.6
2,22.598
3,22.596
4,22.594
5,22.592
6,22.59
7,22.589
8,22.587
9,22.585
10,22.583
11,22.581
12,22.579
13,22.578
14,22.576
15,22.574
16,22.572
17,22.57
18,22.568
19,22.567
20,22.565
21,22.563
22,22.561
23,22.559
24,22.558
25,22.556
26,22.554
27,22.552
28,22.55
29,22.548
30,22.547
31,22.545
32,22.543
33,22.541
34,22.539
35,22.537
36,22.536
37,22.534
38,22.532
39,22.53
40,22.528
41,22.526
42,22.525
43,22.523
44,22.521
45,22.519
46,22.517
47,22.515
48,22.514
49,22.512
50,22.51
51,22.508
52,22.506
53,22.504
54,22.502
55,22.501
56,22.499
57,22.497
58,22.495
59,22.493
60,22.491
61,22.49
62,22.488
63,22.486
64,22.484
65,22.482
66,22.48
67,22.478
68,22.477
69,22.475
70,22.473
71,22.471
72,22.469
73,22.467
74,22.465
75,22.463
76,22.461
77,22.459
78,22.457
79,22.456
80,22.454
81,22.452
82,22.45
83,22.448
84,22.445
85,22.443
86,22.441
87,22.439
88,22.437
89,22.435
90,22.433
91,22.43
92,22.428
93,22.426
94,22.423
95,22.421
96,22.418
97,22.415
98,22.413
99,22.41
100,22.407
101,22.404
102,22.401
103,22.397
104,22.394
105,22.39
106,22.386
107,22.382
108,22.378
109,22.373
110,22.368
111,22.363
112,22.357
113,22.351
114,22.345
115,22.337
116,22.33
117,22.322
118,22.313
119,22.303
120,22.292
121,22.281
122,22.268
123,22.255
124,22.24
125,22.223
126,22.206
127,22.186
128,22.164
129,22.141
130,22.115
131,22.087
132,22.055
133,22.021
134,21.983
135,21.942
136,21.896
137,21.846
138,21.791
139,21.731
140,21.664
141,21.591
142,21.511
143,21.423
144,21.327
145,21.222
146,21.106
147,20.98
148,20.843
149,20.692
150,20.528
151,20.35
152,20.156
153,19.945
154,19.717
155,19.47
156,19.204
157,18.916
158,18.607
159,18.275
160,17.919
161,17.538
162,17.132
163,16.699
164,16.24
165,15.752
166,15.237
167,14.692
168,14.119
169,13.517
170,12.885
171,12.224
172,11.534
173,10.814
174,10.066
175,9.289
176,8.4838
177,7.6507
178,6.7903
179,5.9031
180,4.9896
181,4.0505
182,3.0863
183,2.0977
184,1.0854
185,0.050014
186,-1.0078
187,-2.0874
188,-3.188
189,-4.3091
190,-5.45
191,-6.6101
192,-7.7887
193,-8.9852
194,-10.199
195,-11.43
196,-12.676
197,-13.939
198,-15.216
199,-16.508
200,-17.815
