0,21.471
1,21.47
2,21.468
3,21.466
4,21.464
5,21.462
6,21.46
7,21.459
8,21.457
9,21.455
10,21.453
11,21.451
12,21.449
13,21.448
14,21.446
15,21.444
16,21.442
17,21.44
18,21.438
19,21.437
20,21.435
21,21.433
22,21.431
23,21.429
24,21.427
25,21.426
26,21.424
27,21.422
28,21.42
29,21.418
30,21.416
31,21.415
32,21.413
33,21.411
34,21.409
35,21.407
36,21.405
37,21.404
38,21.402
39,21.4
40,21.398
41,21.396
42,21.394
43,21.393
44,21.391
45,21.389
46,21.387
47,21.385
48,21.383
49,21.382
50,21.38
51,21.378
52,21.376
53,21.374
54,21.372
55,21.371
56,21.369
57,21.367
58,21.365
59,21.363
60,21.361
61,21.36
62,21.358
63,21.356
64,21.354
65,21.352
66,21.35
67,21.348
68,21.346
69,21.345
70,21.343
71,21.341
72,21.339
73,21.337
74,21.335
75,21.333
76,21.331
77,21.329
78,21.327
79,21.326
80,21.324
81,21.322
82,21.32
83,21.318
84,21.316
85,21.313
86,21.311
87,21.309
88,21.307
89,21.305
90,21.303
91,21.301
92,21.298
93,21.296
94,21.293
95,21.291
96,21.289
97,21.286
98,21.283
99,21.28
100,21.278
101,21.275
102,21.271
103,21.268
104,21.265
105,21.261
106,21.257
107,21.253
108,21.249
109,21.245
110,21.24
111,21.235
112,21.229
113,21.224
114,21.217
115,21.211
116,21.203
117,21.195
118,21.187
119,21.178
120,21.168
121,21.157
122,21.145
123,21.132
124,21.118
125,21.102
126,21.085
127,21.067
128,21.046
129,21.024
130,20.999
131,20.972
132,20.943
133,20.91
134,20.875
135,20.835
136,20.792
137,20.745
138,20.693
139,20.636
140,20.573
141,20.504
142,20.428
143,20.345
144,20.254
145,20.154
146,20.044
147,19.925
148,19.794
149,19.651
150,19.495
151,19.325
152,19.141
153,18.94
154,18.722
155,18.487
156,18.232
157,17.957
158,17.661
159,17.342
160,17
161,16.634
162,16.243
163,15.826
164,15.382
165,14.911
166,14.412
167,13.885
168,13.329
169,12.744
170,12.129
171,11.485
172,10.812
173,10.11
174,9.3785
175,8.6183
176,7.8296
177,7.0129
178,6.1685
179,5.297
180,4.3989
181,3.4748
182,2.5253
183,1.551
184,0.55254
185,-0.46936
186,-1.5141
187,-2.5809
188,-3.6693
189,-4.7784
190,-5.9078
191,-7.0566
192,-8.2244
193,-9.4104
194,-10.614
195,-11.835
196,-13.072
197,-14.325
198,-15.594
199,-16.878
200,-18.176
