0,27.254
1,27.252
2,27.25
3,27.248
4,27.246
5,27.244
6,27.243
7,27.241
8,27.239
9,27.237
10,27.235
11,27.233
12,27.232
13,27.23
14,27.228
15,27.226
16,27.224
17,27.222
18,27.221
19,27.219
20,27.217
21,27.215
22,27.213
23,27.211
24,27.21
25,27.208
26,27.206
27,27.204
28,27.202
29,27.2
30,27.199
31,27.197
32,27.195
33,27.193
34,27.191
35,27.189
36,27.188
37,27.186
38,27.184
39,27.182
40,27.18
41,27.178
42,27.177
43,27.175
44,27.173
45,27.171
46,27.169
47,27.167
48,27.166
49,27.164
50,27.162
51,27.16
52,27.158
53,27.156
54,27.155
55,27.153
56,27.151
57,27.149
58,27.147
59,27.145
60,27.144
61,27.142
62,27.14
63,27.138
64,27.136
65,27.134
66,27.133
67,27.131
68,27.129
69,27.127
70,27.125
71,27.123
72,27.122
73,27.12
74,27.118
75,27.116
76,27.114
77,27.112
78,27.11
79,27.108
80,27.107
81,27.105
82,27.103
83,27.101
84,27.099
85,27.097
86,27.095
87,27.093
88,27.091
89,27.089
90,27.087
91,27.085
92,27.083
93,27.081
94,27.079
95,27.077
96,27.075
97,27.073
98,27.071
99,27.069
100,27.067
101,27.064
102,27.062
103,27.06
104,27.057
105,27.055
106,27.052
107,27.05
108,27.047
109,27.044
110,27.041
111,27.038
112,27.035
113,27.031
114,27.028
115,27.024
116,27.02
117,27.016
118,27.012
119,27.007
120,27.002
121,26.996
122,26.991
123,26.984
124,26.978
125,26.97
126,26.962
127,26.954
128,26.944
129,26.934
130,26.923
131,26.911
132,26.898
133,26.883
134,26.867
135,26.85
136,26.831
137,26.809
138,26.786
139,26.761
140,26.732
141,26.701
142,26.667
143,26.629
144,26.588
145,26.542
146,26.492
147,26.436
148,26.374
149,26.307
150,26.232
151,26.151
152,26.061
153,25.962
154,25.853
155,25.734
156,25.603
157,25.46
158,25.303
159,25.132
160,24.946
161,24.743
162,24.522
163,24.282
164,24.023
165,23.742
166,23.439
167,23.113
168,22.763
169,22.387
170,21.985
171,21.556
172,21.099
173,20.614
174,20.099
175,19.555
176,18.981
177,18.378
178,17.743
179,17.079
180,16.385
181,15.66
182,14.906
183,14.122
184,13.309
185,12.468
186,11.599
187,10.702
188,9.7784
189,8.8286
190,7.8533
191,6.8531
192,5.8289
193,4.7811
194,3.7107
195,2.6182
196,1.5044
197,0.36996
198,-0.78442
199,-1.9581
200,-3.1504
