0,17.883
1,17.881
2,17.879
3,17.877
4,17.875
5,17.874
6,17.872
7,17.87
8,17.868
9,17.866
10,17.865
11,17.863
12,17.861
13,17.859
14,17.857
15,17.855
16,17.854
17,17.852
18,17.85
19,17.848
20,17.846
21,17.844
22,17.843
23,17.841
24,17.839
25,17.837
26,17.835
27,17.833
28,17.832
29,17.83
30,17.828
31,17.826
32,17.824
33,17.822
34,17.82
35,17.819
36,17.817
37,17.815
38,17.813
39,17.811
40,17.809
41,17.808
42,17.806
43,17.804
44,17.802
45,17.8
46,17.798
47,17.796
48,17.795
49,17.793
50,17.791
51,17.789
52,17.787
53,17.785
54,17.783
55,17.781
56,17.779
57,17.778
58,17.776
59,17.774
60,17.772
61,17.77
62,17.768
63,17.766
64,17.764
65,17.762
66,17.76
67,17.758
68,17.756
69,17.754
70,17.751
71,17.749
72,17.747
73,17.745
74,17.742
75,17.74
76,17.738
77,17.735
78,17.733
79,17.73
80,17.728
81,17.725
82,17.722
83,17.719
84,17.716
85,17.713
86,17.709
87,17.706
88,17.702
89,17.699
90,17.694
91,17.69
92,17.686
93,17.681
94,17.676
95,17.67
96,17.665
97,17.658
98,17.652
99,17.644
100,17.637
101,17.628
102,17.619
103,17.61
104,17.599
105,17.588
106,17.575
107,17.562
108,17.547
109,17.531
110,17.514
111,17.495
112,17.474
113,17.451
114,17.426
115,17.399
116,17.369
117,17.337
118,17.301
119,17.262
120,17.22
121,17.173
122,17.122
123,17.066
124,17.005
125,16.938
126,16.865
127,16.786
128,16.698
129,16.603
130,16.499
131,16.386
132,16.263
133,16.128
134,15.982
135,15.824
136,15.652
137,15.465
138,15.263
139,15.045
140,14.81
141,14.556
142,14.284
143,13.991
144,13.676
145,13.34
146,12.981
147,12.599
148,12.191
149,11.759
150,11.301
151,10.816
152,10.304
153,9.7653
154,9.1988
155,8.6045
156,7.9822
157,7.3319
158,6.6535
159,5.9473
160,5.2132
161,4.4517
162,3.663
163,2.8475
164,2.0055
165,1.1376
166,0.24416
167,-0.67423
168,-1.617
169,-2.5837
170,-3.5736
171,-4.5862
172,-5.6209
173,-6.677
174,-7.7539
175,-8.8511
176,-9.9679
177,-11.104
178,-12.258
179,-13.43
180,-14.62
181,-15.826
182,-17.049
183,-18.287
184,-19.541
185,-20.809
186,-22.092
187,-23.388
188,-24.698
189,-26.021
190,-27.356
191,-28.703
192,-30.062
193,-31.432
194,-32.813
195,-34.205
196,-35.608
197,-37.02
198,-38.442
199,-39.873
200,-41.313
