0,25.346
1,25.344
2,25.342
3,25.34
4,25.339
5,25.337
6,25.335
7,25.333
8,25.331
9,25.329
10,25.328
11,25.326
12,25.324
13,25.322
14,25.32
15,25.318
16,25.317
17,25.315
18,25.313
19,25.311
20,25.309
21,25.307
22,25.306
23,25.304
24,25.302
25,25.3
26,25.298
27,25.296
28,25.295
29,25.293
30,25.291
31,25.289
32,25.287
33,25.285
34,25.284
35,25.282
36,25.28
37,25.278
38,25.276
39,25.274
40,25.272
41,25.271
42,25.269
43,25.267
44,25.265
45,25.263
46,25.261
47,25.26
48,25.258
49,25.256
50,25.254
51,25.252
52,25.25
53,25.248
54,25.246
55,25.244
56,25.243
57,25.241
58,25.239
59,25.237
60,25.235
61,25.233
62,25.231
63,25.229
64,25.227
65,25.225
66,25.223
67,25.221
68,25.219
69,25.217
70,25.215
71,25.212
72,25.21
73,25.208
74,25.206
75,25.203
76,25.201
77,25.199
78,25.196
79,25.194
80,25.191
81,25.188
82,25.185
83,25.183
84,25.179
85,25.176
86,25.173
87,25.17
88,25.166
89,25.162
90,25.158
91,25.154
92,25.15
93,25.145
94,25.14
95,25.134
96,25.129
97,25.122
98,25.116
99,25.109
100,25.101
101,25.093
102,25.084
103,25.074
104,25.064
105,25.052
106,25.04
107,25.026
108,25.012
109,24.996
110,24.978
111,24.959
112,24.939
113,24.916
114,24.891
115,24.864
116,24.834
117,24.801
118,24.765
119,24.726
120,24.683
121,24.636
122,24.585
123,24.529
124,24.467
125,24.399
126,24.325
127,24.244
128,24.156
129,24.059
130,23.954
131,23.839
132,23.713
133,23.577
134,23.428
135,23.267
136,23.091
137,22.901
138,22.695
139,22.473
140,22.232
141,21.974
142,21.695
143,21.396
144,21.075
145,20.731
146,20.365
147,19.974
148,19.558
149,19.116
150,18.648
151,18.153
152,17.631
153,17.081
154,16.503
155,15.897
156,15.263
157,14.6
158,13.91
159,13.191
160,12.444
161,11.669
162,10.867
163,10.039
164,9.1837
165,8.3026
166,7.396
167,6.4645
168,5.5087
169,4.5291
170,3.5263
171,2.5011
172,1.4539
173,0.38536
174,-0.70383
175,-1.8131
176,-2.9418
177,-4.0894
178,-5.2553
179,-6.4388
180,-7.6395
181,-8.8568
182,-10.09
183,-11.339
184,-12.603
185,-13.881
186,-15.174
187,-16.48
188,-17.799
189,-19.131
190,-20.476
191,-21.832
192,-23.2
193,-24.579
194,-25.968
195,-27.369
196,-28.779
197,-30.199
198,-31.629
199,-33.068
200,-34.516
