0,20.82
1,20.819
2,20.817
3,20.815
4,20.813
5,20.811
6,20.809
7,20.808
8,20.806
9,20.804
10,20.802
11,20.8
12,20.799
13,20.797
14,20.795
15,20.793
16,20.791
17,20.789
18,20.788
19,20.786
20,20.784
21,20.782
22,20.78
23,20.778
24,20.777
25,20.775
26,20.773
27,20.771
28,20.769
29,20.767
30,20.766
31,20.764
32,20.762
33,20.76
34,20.758
35,20.756
36,20.755
37,20.753
38,20.751
39,20.749
40,20.747
41,20.745
42,20.744
43,20.742
44,20.74
45,20.738
46,20.736
47,20.734
48,20.732
49,20.731
50,20.729
51,20.727
52,20.725
53,20.723
54,20.721
55,20.72
56,20.718
57,20.716
58,20.714
59,20.712
60,20.71
61,20.708
62,20.706
63,20.705
64,20.703
65,20.701
66,20.699
67,20.697
68,20.695
69,20.693
70,20.691
71,20.689
72,20.687
73,20.685
74,20.683
75,20.681
76,20.679
77,20.677
78,20.675
79,20.673
80,20.671
81,20.669
82,20.666
83,20.664
84,20.662
85,20.659
86,20.657
87,20.655
88,20.652
89,20.649
90,20.647
91,20.644
92,20.641
93,20.638
94,20.635
95,20.632
96,20.628
97,20.625
98,20.621
99,20.617
100,20.613
101,20.608
102,20.604
103,20.599
104,20.593
105,20.588
106,20.582
107,20.575
108,20.568
109,20.56
110,20.552
111,20.543
112,20.533
113,20.523
114,20.511
115,20.499
116,20.485
117,20.47
118,20.454
119,20.437
120,20.417
121,20.396
122,20.373
123,20.348
124,20.32
125,20.289
126,20.256
127,20.219
128,20.179
129,20.135
130,20.086
131,20.033
132,19.975
133,19.911
134,19.841
135,19.764
136,19.68
137,19.588
138,19.488
139,19.378
140,19.258
141,19.127
142,18.984
143,18.828
144,18.659
145,18.475
146,18.276
147,18.06
148,17.827
149,17.575
150,17.303
151,17.011
152,16.697
153,16.36
154,16
155,15.615
156,15.205
157,14.77
158,14.307
159,13.818
160,13.301
161,12.755
162,12.182
163,11.579
164,10.948
165,10.288
166,9.6
167,8.8829
168,8.1374
169,7.3638
170,6.5625
171,5.7339
172,4.8783
173,3.9964
174,3.0886
175,2.1555
176,1.1977
177,0.21588
178,-0.78945
179,-1.8176
180,-2.868
181,-3.9399
182,-5.0327
183,-6.1458
184,-7.2786
185,-8.4304
186,-9.6006
187,-10.789
188,-11.994
189,-13.216
190,-14.454
191,-15.708
192,-16.977
193,-18.261
194,-19.558
195,-20.87
196,-22.194
197,-23.531
198,-24.881
199,-26.243
200,-27.616
