0,27.919
1,27.917
2,27.915
3,27.914
4,27.912
5,27.91
6,27.908
7,27.906
8,27.904
9,27.903
10,27.901
11,27.899
12,27.897
13,27.895
14,27.893
15,27.892
16,27.89
17,27.888
18,27.886
19,27.884
20,27.882
21,27.881
22,27.879
23,27.877
24,27.875
25,27.873
26,27.871
27,27.87
28,27.868
29,27.866
30,27.864
31,27.862
32,27.86
33,27.859
34,27.857
35,27.855
36,27.853
37,27.851
38,27.849
39,27.848
40,27.846
41,27.844
42,27.842
43,27.84
44,27.838
45,27.837
46,27.835
47,27.833
48,27.831
49,27.829
50,27.827
51,27.826
52,27.824
53,27.822
54,27.82
55,27.818
56,27.816
57,27.815
58,27.813
59,27.811
60,27.809
61,27.807
62,27.805
63,27.804
64,27.802
65,27.8
66,27.798
67,27.796
68,27.794
69,27.792
70,27.79
71,27.789
72,27.787
73,27.785
74,27.783
75,27.781
76,27.779
77,27.777
78,27.775
79,27.773
80,27.771
81,27.769
82,27.767
83,27.765
84,27.763
85,27.761
86,27.759
87,27.757
88,27.755
89,27.753
90,27.751
91,27.749
92,27.746
93,27.744
94,27.742
95,27.739
96,27.737
97,27.734
98,27.732
99,27.729
100,27.726
101,27.723
102,27.72
103,27.717
104,27.714
105,27.71
106,27.707
107,27.703
108,27.699
109,27.695
110,27.69
111,27.685
112,27.68
113,27.674
114,27.668
115,27.662
116,27.655
117,27.647
118,27.639
119,27.631
120,27.621
121,27.611
122,27.599
123,27.587
124,27.574
125,27.559
126,27.543
127,27.525
128,27.506
129,27.484
130,27.461
131,27.435
132,27.407
133,27.376
134,27.342
135,27.304
136,27.263
137,27.217
138,27.167
139,27.112
140,27.052
141,26.985
142,26.912
143,26.832
144,26.744
145,26.647
146,26.541
147,26.425
148,26.297
149,26.158
150,26.007
151,25.841
152,25.661
153,25.464
154,25.251
155,25.02
156,24.77
157,24.5
158,24.208
159,23.895
160,23.558
161,23.196
162,22.81
163,22.397
164,21.958
165,21.491
166,20.996
167,20.472
168,19.919
169,19.337
170,18.726
171,18.085
172,17.414
173,16.714
174,15.984
175,15.225
176,14.438
177,13.622
178,12.778
179,11.907
180,11.009
181,10.084
182,9.1341
183,8.1591
184,7.1597
185,6.1366
186,5.0905
187,4.0221
188,2.932
189,1.821
190,0.68961
191,-0.4614
192,-1.6314
193,-2.8198
194,-4.026
195,-5.2493
196,-6.4893
197,-7.7452
198,-9.0167
199,-10.303
200,-11.604
