0,26.491
1,26.489
2,26.487
3,26.486
4,26.484
5,26.482
6,26.48
7,26.478
8,26.476
9,26.475
10,26.473
11,26.471
12,26.469
13,26.467
14,26.465
15,26.464
16,26.462
17,26.46
18,26.458
19,26.456
20,26.454
21,26.453
22,26.451
23,26.449
24,26.447
25,26.445
26,26.443
27,26.442
28,26.44
29,26.438
30,26.436
31,26.434
32,26.432
33,26.431
34,26.429
35,26.427
36,26.425
37,26.423
38,26.421
39,26.42
40,26.418
41,26.416
42,26.414
43,26.412
44,26.41
45,26.409
46,26.407
47,26.405
48,26.403
49,26.401
50,26.399
51,26.398
52,26.396
53,26.394
54,26.392
55,26.39
56,26.389
57,26.387
58,26.385
59,26.383
60,26.381
61,26.379
62,26.377
63,26.376
64,26.374
65,26.372
66,26.37
67,26.368
68,26.366
69,26.365
70,26.363
71,26.361
72,26.359
73,26.357
74,26.355
75,26.354
76,26.352
77,26.35
78,26.348
79,26.346
80,26.344
81,26.342
82,26.341
83,26.339
84,26.337
85,26.335
86,26.333
87,26.331
88,26.329
89,26.327
90,26.325
91,26.323
92,26.321
93,26.32
94,26.318
95,26.316
96,26.314
97,26.312
98,26.309
99,26.307
100,26.305
101,26.303
102,26.301
103,26.299
104,26.297
105,26.294
106,26.292
107,26.289
108,26.287
109,26.284
110,26.282
111,26.279
112,26.276
113,26.273
114,26.27
115,26.267
116,26.264
117,26.26
118,26.257
119,26.253
120,26.249
121,26.244
122,26.239
123,26.234
124,26.229
125,26.223
126,26.217
127,26.21
128,26.203
129,26.195
130,26.187
131,26.177
132,26.167
133,26.156
134,26.144
135,26.131
136,26.116
137,26.1
138,26.083
139,26.063
140,26.042
141,26.019
142,25.993
143,25.965
144,25.934
145,25.899
146,25.861
147,25.819
148,25.773
149,25.722
150,25.666
151,25.604
152,25.536
153,25.461
154,25.378
155,25.286
156,25.186
157,25.076
158,24.955
159,24.822
160,24.677
161,24.518
162,24.345
163,24.155
164,23.949
165,23.724
166,23.481
167,23.217
168,22.931
169,22.623
170,22.292
171,21.935
172,21.553
173,21.144
174,20.708
175,20.243
176,19.75
177,19.227
178,18.675
179,18.092
180,17.479
181,16.836
182,16.162
183,15.457
184,14.723
185,13.959
186,13.165
187,12.342
188,11.491
189,10.611
190,9.7044
191,8.7708
192,7.8111
193,6.8259
194,5.8161
195,4.7821
196,3.7249
197,2.6451
198,1.5434
199,0.42058
200,-0.72274
