0,16.951
1,16.949
2,16.947
3,16.946
4,16.944
5,16.942
6,16.94
7,16.938
8,16.936
9,16.935
10,16.933
11,16.931
12,16.929
13,16.927
14,16.925
15,16.924
16,16.922
17,16.92
18,16.918
19,16.916
20,16.914
21,16.913
22,16.911
23,16.909
24,16.907
25,16.905
26,16.903
27,16.902
28,16.9
29,16.898
30,16.896
31,16.894
32,16.892
33,16.891
34,16.889
35,16.887
36,16.885
37,16.883
38,16.882
39,16.88
40,16.878
41,16.876
42,16.874
43,16.872
44,16.871
45,16.869
46,16.867
47,16.865
48,16.863
49,16.861
50,16.859
51,16.858
52,16.856
53,16.854
54,16.852
55,16.85
56,16.848
57,16.847
58,16.845
59,16.843
60,16.841
61,16.839
62,16.837
63,16.836
64,16.834
65,16.832
66,16.83
67,16.828
68,16.826
69,16.824
70,16.823
71,16.821
72,16.819
73,16.817
74,16.815
75,16.813
76,16.811
77,16.809
78,16.807
79,16.805
80,16.804
81,16.802
82,16.8
83,16.798
84,16.796
85,16.794
86,16.792
87,16.79
88,16.788
89,16.785
90,16.783
91,16.781
92,16.779
93,16.777
94,16.774
95,16.772
96,16.77
97,16.767
98,16.765
99,16.762
100,16.76
101,16.757
102,16.754
103,16.751
104,16.748
105,16.745
106,16.741
107,16.738
108,16.734
109,16.73
110,16.726
111,16.722
112,16.717
113,16.712
114,16.707
115,16.701
116,16.695
117,16.688
118,16.681
119,16.674
120,16.665
121,16.656
122,16.647
123,16.636
124,16.624
125,16.612
126,16.598
127,16.583
128,16.567
129,16.549
130,16.529
131,16.507
132,16.484
133,16.458
134,16.429
135,16.398
136,16.363
137,16.325
138,16.283
139,16.238
140,16.187
141,16.132
142,16.071
143,16.004
144,15.931
145,15.851
146,15.762
147,15.666
148,15.56
149,15.444
150,15.317
151,15.178
152,15.027
153,14.862
154,14.683
155,14.488
156,14.277
157,14.047
158,13.8
159,13.532
160,13.243
161,12.932
162,12.599
163,12.242
164,11.859
165,11.452
166,11.017
167,10.556
168,10.067
169,9.5496
170,9.0037
171,8.4288
172,7.8246
173,7.1912
174,6.5285
175,5.8364
176,5.1153
177,4.3652
178,3.5865
179,2.7796
180,1.9449
181,1.0829
182,0.19414
183,-0.72086
184,-1.6615
185,-2.6271
186,-3.6171
187,-4.6308
188,-5.6675
189,-6.7267
190,-7.8075
191,-8.9094
192,-10.032
193,-11.174
194,-12.335
195,-13.515
196,-14.712
197,-15.927
198,-17.158
199,-18.406
200,-19.669
