0,23.69
1,23.688
2,23.687
3,23.685
4,23.683
5,23.681
6,23.679
7,23.677
8,23.676
9,23.674
10,23.672
11,23.67
12,23.668
13,23.666
14,23.665
15,23.663
16,23.661
17,23.659
18,23.657
19,23.655
20,23.654
21,23.652
22,23.65
23,23.648
24,23.646
25,23.645
26,23.643
27,23.641
28,23.639
29,23.637
30,23.635
31,23.634
32,23.632
33,23.63
34,23.628
35,23.626
36,23.624
37,23.623
38,23.621
39,23.619
40,23.617
41,23.615
42,23.613
43,23.612
44,23.61
45,23.608
46,23.606
47,23.604
48,23.602
49,23.601
50,23.599
51,23.597
52,23.595
53,23.593
54,23.591
55,23.59
56,23.588
57,23.586
58,23.584
59,23.582
60,23.58
61,23.579
62,23.577
63,23.575
64,23.573
65,23.571
66,23.569
67,23.568
68,23.566
69,23.564
70,23.562
71,23.56
72,23.558
73,23.557
74,23.555
75,23.553
76,23.551
77,23.549
78,23.547
79,23.545
80,23.544
81,23.542
82,23.54
83,23.538
84,23.536
85,23.534
86,23.532
87,23.531
88,23.529
89,23.527
90,23.525
91,23.523
92,23.521
93,23.519
94,23.517
95,23.515
96,23.513
97,23.511
98,23.509
99,23.507
100,23.505
101,23.503
102,23.501
103,23.499
104,23.497
105,23.495
106,23.492
107,23.49
108,23.488
109,23.486
110,23.483
111,23.481
112,23.478
113,23.475
114,23.473
115,23.47
116,23.467
117,23.464
118,23.461
119,23.457
120,23.454
121,23.45
122,23.446
123,23.442
124,23.437
125,23.433
126,23.428
127,23.422
128,23.416
129,23.41
130,23.403
131,23.396
132,23.388
133,23.379
134,23.369
135,23.359
136,23.348
137,23.335
138,23.322
139,23.307
140,23.291
141,23.273
142,23.253
143,23.231
144,23.207
145,23.181
146,23.152
147,23.12
148,23.085
149,23.046
150,23.003
151,22.955
152,22.903
153,22.845
154,22.781
155,22.711
156,22.633
157,22.548
158,22.454
159,22.351
160,22.237
161,22.113
162,21.976
163,21.827
164,21.663
165,21.484
166,21.289
167,21.077
168,20.846
169,20.596
170,20.324
171,20.031
172,19.715
173,19.374
174,19.008
175,18.617
176,18.198
177,17.751
178,17.276
179,16.771
180,16.237
181,15.673
182,15.078
183,14.453
184,13.798
185,13.112
186,12.395
187,11.649
188,10.872
189,10.066
190,9.2314
191,8.3682
192,7.477
193,6.5586
194,5.6137
195,4.6428
196,3.6467
197,2.6261
198,1.5817
199,0.5142
200,-0.5756
