0,26.824
1,26.822
2,26.821
3,26.819
4,26.817
5,26.815
6,26.813
7,26.811
8,26.81
9,26.808
10,26.806
11,26.804
12,26.802
13,26.8
14,26.799
15,26.797
16,26.795
17,26.793
18,26.791
19,26.789
20,26.788
21,26.786
22,26.784
23,26.782
24,26.78
25,26.778
26,26.777
27,26.775
28,26.773
29,26.771
30,26.769
31,26.767
32,26.766
33,26.764
34,26.762
35,26.76
36,26.758
37,26.756
38,26.754
39,26.753
40,26.751
41,26.749
42,26.747
43,26.745
44,26.743
45,26.741
46,26.74
47,26.738
48,26.736
49,26.734
50,26.732
51,26.73
52,26.728
53,26.726
54,26.724
55,26.722
56,26.72
57,26.718
58,26.716
59,26.714
60,26.712
61,26.71
62,26.708
63,26.706
64,26.704
65,26.702
66,26.7
67,26.698
68,26.695
69,26.693
70,26.691
71,26.689
72,26.686
73,26.684
74,26.681
75,26.678
76,26.676
77,26.673
78,26.67
79,26.667
80,26.664
81,26.661
82,26.657
83,26.654
84,26.65
85,26.646
86,26.642
87,26.637
88,26.633
89,26.628
90,26.622
91,26.617
92,26.61
93,26.604
94,26.597
95,26.589
96,26.581
97,26.573
98,26.563
99,26.553
100,26.542
101,26.53
102,26.516
103,26.502
104,26.487
105,26.47
106,26.451
107,26.431
108,26.409
109,26.385
110,26.359
111,26.33
112,26.298
113,26.264
114,26.226
115,26.185
116,26.14
117,26.09
118,26.036
119,25.977
120,25.912
121,25.841
122,25.764
123,25.679
124,25.587
125,25.486
126,25.376
127,25.256
128,25.126
129,24.984
130,24.83
131,24.663
132,24.481
133,24.285
134,24.073
135,23.843
136,23.596
137,23.33
138,23.044
139,22.738
140,22.409
141,22.058
142,21.684
143,21.285
144,20.861
145,20.412
146,19.937
147,19.434
148,18.905
149,18.348
150,17.763
151,17.151
152,16.51
153,15.841
154,15.145
155,14.42
156,13.668
157,12.889
158,12.083
159,11.25
160,10.391
161,9.5061
162,8.5963
163,7.6619
164,6.7034
165,5.7215
166,4.7166
167,3.6896
168,2.6408
169,1.571
170,0.48075
171,-0.62936
172,-1.7587
173,-2.9068
174,-4.0729
175,-5.2565
176,-6.4572
177,-7.6742
178,-8.9072
179,-10.156
180,-11.419
181,-12.696
182,-13.988
183,-15.293
184,-16.611
185,-17.942
186,-19.285
187,-20.64
188,-22.007
189,-23.384
190,-24.773
191,-26.171
192,-27.58
193,-28.999
194,-30.427
195,-31.864
196,-33.31
197,-34.765
198,-36.228
199,-37.699
200,-39.179
