0,20.25
1,20.248
2,20.246
3,20.244
4,20.242
5,20.241
6,20.239
7,20.237
8,20.235
9,20.233
10,20.231
11,20.23
12,20.228
13,20.226
14,20.224
15,20.222
16,20.22
17,20.219
18,20.217
19,20.215
20,20.213
21,20.211
22,20.209
23,20.208
24,20.206
25,20.204
26,20.202
27,20.2
28,20.198
29,20.197
30,20.195
31,20.193
32,20.191
33,20.189
34,20.187
35,20.186
36,20.184
37,20.182
38,20.18
39,20.178
40,20.176
41,20.175
42,20.173
43,20.171
44,20.169
45,20.167
46,20.165
47,20.164
48,20.162
49,20.16
50,20.158
51,20.156
52,20.154
53,20.153
54,20.151
55,20.149
56,20.147
57,20.145
58,20.143
59,20.142
60,20.14
61,20.138
62,20.136
63,20.134
64,20.132
65,20.131
66,20.129
67,20.127
68,20.125
69,20.123
70,20.121
71,20.12
72,20.118
73,20.116
74,20.114
75,20.112
76,20.11
77,20.108
78,20.107
79,20.105
80,20.103
81,20.101
82,20.099
83,20.097
84,20.095
85,20.093
86,20.092
87,20.09
88,20.088
89,20.086
90,20.084
91,20.082
92,20.08
93,20.078
94,20.076
95,20.074
96,20.072
97,20.07
98,20.068
99,20.066
100,20.064
101,20.061
102,20.059
103,20.057
104,20.055
105,20.052
106,20.05
107,20.047
108,20.045
109,20.042
110,20.04
111,20.037
112,20.034
113,20.031
114,20.028
115,20.024
116,20.021
117,20.017
118,20.013
119,20.009
120,20.005
121,20
122,19.995
123,19.99
124,19.984
125,19.978
126,19.972
127,19.964
128,19.957
129,19.948
130,19.939
131,19.929
132,19.919
133,19.907
134,19.894
135,19.88
136,19.864
137,19.848
138,19.829
139,19.808
140,19.786
141,19.761
142,19.734
143,19.704
144,19.671
145,19.635
146,19.595
147,19.551
148,19.502
149,19.448
150,19.389
151,19.324
152,19.253
153,19.174
154,19.087
155,18.992
156,18.887
157,18.773
158,18.647
159,18.509
160,18.358
161,18.194
162,18.014
163,17.818
164,17.606
165,17.375
166,17.124
167,16.853
168,16.561
169,16.245
170,15.906
171,15.542
172,15.153
173,14.736
174,14.293
175,13.821
176,13.321
177,12.791
178,12.232
179,11.643
180,11.024
181,10.375
182,9.6953
183,8.9859
184,8.2467
185,7.4781
186,6.6803
187,5.8538
188,4.999
189,4.1167
190,3.2072
191,2.2713
192,1.3096
193,0.32283
194,-0.68842
195,-1.7234
196,-2.7814
197,-3.8618
198,-4.9638
199,-6.0867
200,-7.2299
