0,17.516
1,17.514
2,17.512
3,17.511
4,17.509
5,17.507
6,17.505
7,17.503
8,17.501
9,17.5
10,17.498
11,17.496
12,17.494
13,17.492
14,17.49
15,17.489
16,17.487
17,17.485
18,17.483
19,17.481
20,17.48
21,17.478
22,17.476
23,17.474
24,17.472
25,17.47
26,17.469
27,17.467
28,17.465
29,17.463
30,17.461
31,17.459
32,17.458
33,17.456
34,17.454
35,17.452
36,17.45
37,17.448
38,17.447
39,17.445
40,17.443
41,17.441
42,17.439
43,17.437
44,17.436
45,17.434
46,17.432
47,17.43
48,17.428
49,17.426
50,17.425
51,17.423
52,17.421
53,17.419
54,17.417
55,17.415
56,17.414
57,17.412
58,17.41
59,17.408
60,17.406
61,17.404
62,17.402
63,17.401
64,17.399
65,17.397
66,17.395
67,17.393
68,17.391
69,17.389
70,17.388
71,17.386
72,17.384
73,17.382
74,17.38
75,17.378
76,17.376
77,17.374
78,17.372
79,17.37
80,17.369
81,17.367
82,17.365
83,17.363
84,17.361
85,17.359
86,17.357
87,17.355
88,17.352
89,17.35
90,17.348
91,17.346
92,17.344
93,17.342
94,17.339
95,17.337
96,17.335
97,17.332
98,17.33
99,17.327
100,17.324
101,17.322
102,17.319
103,17.316
104,17.313
105,17.309
106,17.306
107,17.302
108,17.299
109,17.295
110,17.29
111,17.286
112,17.281
113,17.276
114,17.271
115,17.265
116,17.259
117,17.252
118,17.245
119,17.237
120,17.228
121,17.219
122,17.209
123,17.198
124,17.186
125,17.174
126,17.159
127,17.144
128,17.127
129,17.109
130,17.088
131,17.066
132,17.042
133,17.015
134,16.986
135,16.953
136,16.918
137,16.879
138,16.836
139,16.789
140,16.737
141,16.68
142,16.618
143,16.549
144,16.474
145,16.391
146,16.3
147,16.201
148,16.092
149,15.973
150,15.843
151,15.701
152,15.546
153,15.377
154,15.193
155,14.993
156,14.777
157,14.542
158,14.288
159,14.015
160,13.72
161,13.402
162,13.062
163,12.697
164,12.308
165,11.892
166,11.45
167,10.981
168,10.483
169,9.9576
170,9.4032
171,8.8197
172,8.207
173,7.5649
174,6.8936
175,6.1929
176,5.4632
177,4.7047
178,3.9177
179,3.1026
180,2.2598
181,1.3899
182,0.49331
183,-0.42929
184,-1.3773
185,-2.3502
186,-3.3472
187,-4.3678
188,-5.4112
189,-6.4767
190,-7.5638
191,-8.6718
192,-9.8
193,-10.948
194,-12.114
195,-13.299
196,-14.502
197,-15.722
198,-16.958
199,-18.21
200,-19.478
