0,14.902
1,14.901
2,14.899
3,14.897
4,14.895
5,14.893
6,14.891
7,14.89
8,14.888
9,14.886
10,14.884
11,14.882
12,14.88
13,14.879
14,14.877
15,14.875
16,14.873
17,14.871
18,14.869
19,14.868
20,14.866
21,14.864
22,14.862
23,14.86
24,14.858
25,14.857
26,14.855
27,14.853
28,14.851
29,14.849
30,14.847
31,14.846
32,14.844
33,14.842
34,14.84
35,14.838
36,14.836
37,14.835
38,14.833
39,14.831
40,14.829
41,14.827
42,14.825
43,14.823
44,14.822
45,14.82
46,14.818
47,14.816
48,14.814
49,14.812
50,14.81
51,14.809
52,14.807
53,14.805
54,14.803
55,14.801
56,14.799
57,14.797
58,14.795
59,14.793
60,14.791
61,14.79
62,14.788
63,14.786
64,14.784
65,14.782
66,14.78
67,14.778
68,14.776
69,14.773
70,14.771
71,14.769
72,14.767
73,14.765
74,14.763
75,14.76
76,14.758
77,14.756
78,14.753
79,14.751
80,14.748
81,14.746
82,14.743
83,14.74
84,14.737
85,14.734
86,14.731
87,14.728
88,14.725
89,14.721
90,14.717
91,14.713
92,14.709
93,14.705
94,14.7
95,14.695
96,14.69
97,14.684
98,14.678
99,14.672
100,14.665
101,14.658
102,14.65
103,14.641
104,14.632
105,14.622
106,14.611
107,14.599
108,14.586
109,14.572
110,14.557
111,14.54
112,14.522
113,14.502
114,14.48
115,14.457
116,14.431
117,14.403
118,14.372
119,14.338
120,14.301
121,14.26
122,14.216
123,14.168
124,14.114
125,14.056
126,13.993
127,13.923
128,13.847
129,13.764
130,13.673
131,13.574
132,13.466
133,13.349
134,13.22
135,13.081
136,12.929
137,12.765
138,12.587
139,12.393
140,12.184
141,11.959
142,11.715
143,11.453
144,11.171
145,10.869
146,10.545
147,10.199
148,9.8292
149,9.4356
150,9.0171
151,8.5731
152,8.103
153,7.6063
154,7.0825
155,6.5313
156,5.9523
157,5.3455
158,4.7106
159,4.0477
160,3.3568
161,2.638
162,1.8916
163,1.1179
164,0.31711
165,-0.51034
166,-1.364
167,-2.2435
168,-3.1482
169,-4.0776
170,-5.0312
171,-6.0083
172,-7.0085
173,-8.031
174,-9.0754
175,-10.141
176,-11.227
177,-12.333
178,-13.459
179,-14.603
180,-15.765
181,-16.945
182,-18.143
183,-19.356
184,-20.586
185,-21.831
186,-23.092
187,-24.366
188,-25.655
189,-26.958
190,-28.273
191,-29.601
192,-30.942
193,-32.295
194,-33.659
195,-35.034
196,-36.42
197,-37.817
198,-39.223
199,-40.64
200,-42.066
