0,12.471
1,12.47
2,12.468
3,12.466
4,12.464
5,12.462
6,12.46
7,12.459
8,12.457
9,12.455
10,12.453
11,12.451
12,12.449
13,12.448
14,12.446
15,12.444
16,12.442
17,12.44
18,12.438
19,12.437
20,12.435
21,12.433
22,12.431
23,12.429
24,12.427
25,12.426
26,12.424
27,12.422
28,12.42
29,12.418
30,12.416
31,12.415
32,12.413
33,12.411
34,12.409
35,12.407
36,12.405
37,12.404
38,12.402
39,12.4
40,12.398
41,12.396
42,12.394
43,12.393
44,12.391
45,12.389
46,12.387
47,12.385
48,12.383
49,12.381
50,12.38
51,12.378
52,12.376
53,12.374
54,12.372
55,12.37
56,12.368
57,12.366
58,12.365
59,12.363
60,12.361
61,12.359
62,12.357
63,12.355
64,12.353
65,12.351
66,12.349
67,12.347
68,12.345
69,12.343
70,12.341
71,12.339
72,12.337
73,12.335
74,12.333
75,12.331
76,12.328
77,12.326
78,12.324
79,12.322
80,12.319
81,12.317
82,12.314
83,12.312
84,12.309
85,12.306
86,12.303
87,12.301
88,12.298
89,12.294
90,12.291
91,12.288
92,12.284
93,12.28
94,12.276
95,12.272
96,12.268
97,12.263
98,12.258
99,12.252
100,12.247
101,12.24
102,12.234
103,12.227
104,12.219
105,12.211
106,12.202
107,12.192
108,12.182
109,12.171
110,12.158
111,12.145
112,12.13
113,12.115
114,12.097
115,12.078
116,12.058
117,12.035
118,12.011
119,11.984
120,11.954
121,11.922
122,11.887
123,11.848
124,11.806
125,11.76
126,11.709
127,11.654
128,11.593
129,11.527
130,11.454
131,11.375
132,11.288
133,11.193
134,11.09
135,10.977
136,10.854
137,10.72
138,10.575
139,10.417
140,10.245
141,10.059
142,9.8576
143,9.64
144,9.405
145,9.1517
146,8.8792
147,8.5865
148,8.2726
149,7.9366
150,7.5776
151,7.1948
152,6.7875
153,6.3548
154,5.8963
155,5.4112
156,4.8992
157,4.3597
158,3.7926
159,3.1975
160,2.5744
161,1.9231
162,1.2438
163,0.53641
164,-0.19876
165,-0.96151
166,-1.7515
167,-2.5684
168,-3.4119
169,-4.2813
170,-5.1763
171,-6.0963
172,-7.0407
173,-8.009
174,-9.0007
175,-10.015
176,-11.051
177,-12.109
178,-13.188
179,-14.287
180,-15.406
181,-16.543
182,-17.699
183,-18.874
184,-20.065
185,-21.273
186,-22.498
187,-23.738
188,-24.993
189,-26.263
190,-27.547
191,-28.846
192,-30.157
193,-31.481
194,-32.818
195,-34.167
196,-35.528
197,-36.9
198,-38.283
199,-39.676
200,-41.08
