0,20.397
1,20.396
2,20.394
3,20.392
4,20.39
5,20.388
6,20.386
7,20.385
8,20.383
9,20.381
10,20.379
11,20.377
12,20.375
13,20.374
14,20.372
15,20.37
16,20.368
17,20.366
18,20.364
19,20.363
20,20.361
21,20.359
22,20.357
23,20.355
24,20.353
25,20.352
26,20.35
27,20.348
28,20.346
29,20.344
30,20.342
31,20.341
32,20.339
33,20.337
34,20.335
35,20.333
36,20.331
37,20.33
38,20.328
39,20.326
40,20.324
41,20.322
42,20.32
43,20.319
44,20.317
45,20.315
46,20.313
47,20.311
48,20.309
49,20.308
50,20.306
51,20.304
52,20.302
53,20.3
54,20.298
55,20.296
56,20.295
57,20.293
58,20.291
59,20.289
60,20.287
61,20.285
62,20.283
63,20.281
64,20.279
65,20.277
66,20.276
67,20.274
68,20.272
69,20.27
70,20.268
71,20.266
72,20.264
73,20.262
74,20.26
75,20.258
76,20.255
77,20.253
78,20.251
79,20.249
80,20.247
81,20.244
82,20.242
83,20.24
84,20.237
85,20.235
86,20.232
87,20.23
88,20.227
89,20.224
90,20.221
91,20.218
92,20.215
93,20.211
94,20.208
95,20.204
96,20.2
97,20.196
98,20.192
99,20.188
100,20.183
101,20.178
102,20.172
103,20.166
104,20.16
105,20.153
106,20.146
107,20.138
108,20.129
109,20.12
110,20.11
111,20.099
112,20.087
113,20.074
114,20.06
115,20.045
116,20.028
117,20.01
118,19.99
119,19.968
120,19.944
121,19.918
122,19.889
123,19.858
124,19.823
125,19.785
126,19.744
127,19.699
128,19.649
129,19.594
130,19.534
131,19.469
132,19.397
133,19.318
134,19.232
135,19.138
136,19.035
137,18.923
138,18.8
139,18.667
140,18.521
141,18.363
142,18.19
143,18.004
144,17.801
145,17.582
146,17.345
147,17.089
148,16.814
149,16.518
150,16.201
151,15.86
152,15.497
153,15.109
154,14.695
155,14.256
156,13.791
157,13.298
158,12.778
159,12.23
160,11.653
161,11.048
162,10.415
163,9.7529
164,9.0624
165,8.3435
166,7.5965
167,6.8215
168,6.019
169,5.1893
170,4.333
171,3.4504
172,2.5422
173,1.6088
174,0.65093
175,-0.33089
176,-1.336
177,-2.3639
178,-3.4137
179,-4.4851
180,-5.5772
181,-6.6895
182,-7.8213
183,-8.9721
184,-10.141
185,-11.328
186,-12.532
187,-13.753
188,-14.99
189,-16.242
190,-17.51
191,-18.792
192,-20.088
193,-21.398
194,-22.72
195,-24.056
196,-25.404
197,-26.764
198,-28.135
199,-29.518
200,-30.911
