0,17.722
1,17.721
2,17.719
3,17.717
4,17.715
5,17.713
6,17.711
7,17.71
8,17.708
9,17.706
10,17.704
11,17.702
12,17.7
13,17.699
14,17.697
15,17.695
16,17.693
17,17.691
18,17.689
19,17.688
20,17.686
21,17.684
22,17.682
23,17.68
24,17.678
25,17.677
26,17.675
27,17.673
28,17.671
29,17.669
30,17.668
31,17.666
32,17.664
33,17.662
34,17.66
35,17.658
36,17.657
37,17.655
38,17.653
39,17.651
40,17.649
41,17.647
42,17.646
43,17.644
44,17.642
45,17.64
46,17.638
47,17.636
48,17.634
49,17.633
50,17.631
51,17.629
52,17.627
53,17.625
54,17.623
55,17.622
56,17.62
57,17.618
58,17.616
59,17.614
60,17.612
61,17.611
62,17.609
63,17.607
64,17.605
65,17.603
66,17.601
67,17.599
68,17.597
69,17.596
70,17.594
71,17.592
72,17.59
73,17.588
74,17.586
75,17.584
76,17.582
77,17.58
78,17.578
79,17.576
80,17.574
81,17.572
82,17.57
83,17.568
84,17.566
85,17.564
86,17.562
87,17.56
88,17.557
89,17.555
90,17.553
91,17.55
92,17.548
93,17.546
94,17.543
95,17.54
96,17.538
97,17.535
98,17.532
99,17.529
100,17.526
101,17.522
102,17.519
103,17.515
104,17.512
105,17.508
106,17.503
107,17.499
108,17.494
109,17.489
110,17.483
111,17.478
112,17.471
113,17.464
114,17.457
115,17.449
116,17.441
117,17.431
118,17.421
119,17.411
120,17.399
121,17.386
122,17.372
123,17.356
124,17.339
125,17.321
126,17.301
127,17.278
128,17.254
129,17.227
130,17.198
131,17.166
132,17.131
133,17.092
134,17.05
135,17.003
136,16.952
137,16.896
138,16.834
139,16.766
140,16.692
141,16.61
142,16.521
143,16.423
144,16.316
145,16.199
146,16.072
147,15.932
148,15.78
149,15.615
150,15.435
151,15.24
152,15.028
153,14.798
154,14.55
155,14.283
156,13.994
157,13.684
158,13.352
159,12.996
160,12.615
161,12.209
162,11.777
163,11.318
164,10.831
165,10.317
166,9.7745
167,9.2032
168,8.6031
169,7.974
170,7.3159
171,6.6287
172,5.9126
173,5.1679
174,4.3948
175,3.5937
176,2.765
177,1.9091
178,1.0266
179,0.11794
180,-0.8162
181,-1.7753
182,-2.7586
183,-3.7656
184,-4.7956
185,-5.848
186,-6.9221
187,-8.0172
188,-9.1327
189,-10.268
190,-11.422
191,-12.595
192,-13.786
193,-14.995
194,-16.22
195,-17.461
196,-18.718
197,-19.99
198,-21.277
199,-22.577
200,-23.892
