0,11.54
1,11.538
2,11.536
3,11.534
4,11.532
5,11.531
6,11.529
7,11.527
8,11.525
9,11.523
10,11.521
11,11.52
12,11.518
13,11.516
14,11.514
15,11.512
16,11.51
17,11.509
18,11.507
19,11.505
20,11.503
21,11.501
22,11.499
23,11.498
24,11.496
25,11.494
26,11.492
27,11.49
28,11.488
29,11.487
30,11.485
31,11.483
32,11.481
33,11.479
34,11.477
35,11.476
36,11.474
37,11.472
38,11.47
39,11.468
40,11.466
41,11.465
42,11.463
43,11.461
44,11.459
45,11.457
46,11.455
47,11.454
48,11.452
49,11.45
50,11.448
51,11.446
52,11.444
53,11.443
54,11.441
55,11.439
56,11.437
57,11.435
58,11.433
59,11.432
60,11.43
61,11.428
62,11.426
63,11.424
64,11.422
65,11.421
66,11.419
67,11.417
68,11.415
69,11.413
70,11.411
71,11.41
72,11.408
73,11.406
74,11.404
75,11.402
76,11.4
77,11.398
78,11.397
79,11.395
80,11.393
81,11.391
82,11.389
83,11.387
84,11.385
85,11.384
86,11.382
87,11.38
88,11.378
89,11.376
90,11.374
91,11.372
92,11.37
93,11.368
94,11.366
95,11.364
96,11.362
97,11.36
98,11.358
99,11.356
100,11.354
101,11.352
102,11.35
103,11.348
104,11.346
105,11.344
106,11.341
107,11.339
108,11.337
109,11.334
110,11.332
111,11.329
112,11.327
113,11.324
114,11.321
115,11.318
116,11.315
117,11.312
118,11.309
119,11.306
120,11.302
121,11.298
122,11.294
123,11.29
124,11.285
125,11.28
126,11.275
127,11.269
128,11.263
129,11.257
130,11.25
131,11.242
132,11.234
133,11.225
134,11.215
135,11.205
136,11.193
137,11.181
138,11.167
139,11.152
140,11.135
141,11.117
142,11.097
143,11.075
144,11.051
145,11.024
146,10.995
147,10.963
148,10.928
149,10.889
150,10.845
151,10.798
152,10.746
153,10.688
154,10.625
155,10.555
156,10.479
157,10.395
158,10.302
159,10.2
160,10.089
161,9.9664
162,9.8324
163,9.6859
164,9.5259
165,9.3512
166,9.1609
167,8.9539
168,8.729
169,8.4851
170,8.2212
171,7.9361
172,7.6287
173,7.298
174,6.9429
175,6.5626
176,6.156
177,5.7224
178,5.2611
179,4.7713
180,4.2527
181,3.7047
182,3.127
183,2.5194
184,1.8818
185,1.2141
186,0.5165
187,-0.2109
188,-0.96783
189,-1.7539
190,-2.5688
191,-3.4121
192,-4.2831
193,-5.1813
194,-6.1062
195,-7.057
196,-8.0332
197,-9.034
198,-10.059
199,-11.107
200,-12.177
