0,18.353
1,18.352
2,18.35
3,18.348
4,18.346
5,18.344
6,18.342
7,18.341
8,18.339
9,18.337
10,18.335
11,18.333
12,18.331
13,18.33
14,18.328
15,18.326
16,18.324
17,18.322
18,18.32
19,18.319
20,18.317
21,18.315
22,18.313
23,18.311
24,18.309
25,18.308
26,18.306
27,18.304
28,18.302
29,18.3
30,18.298
31,18.297
32,18.295
33,18.293
34,18.291
35,18.289
36,18.287
37,18.286
38,18.284
39,18.282
40,18.28
41,18.278
42,18.276
43,18.275
44,18.273
45,18.271
46,18.269
47,18.267
48,18.265
49,18.264
50,18.262
51,18.26
52,18.258
53,18.256
54,18.254
55,18.253
56,18.251
57,18.249
58,18.247
59,18.245
60,18.243
61,18.242
62,18.24
63,18.238
64,18.236
65,18.234
66,18.232
67,18.231
68,18.229
69,18.227
70,18.225
71,18.223
72,18.221
73,18.219
74,18.218
75,18.216
76,18.214
77,18.212
78,18.21
79,18.208
80,18.206
81,18.204
82,18.202
83,18.201
84,18.199
85,18.197
86,18.195
87,18.193
88,18.191
89,18.189
90,18.187
91,18.185
92,18.183
93,18.181
94,18.179
95,18.176
96,18.174
97,18.172
98,18.17
99,18.168
100,18.165
101,18.163
102,18.16
103,18.158
104,18.155
105,18.153
106,18.15
107,18.147
108,18.144
109,18.141
110,18.138
111,18.134
112,18.131
113,18.127
114,18.123
115,18.119
116,18.114
117,18.11
118,18.104
119,18.099
120,18.093
121,18.087
122,18.08
123,18.073
124,18.065
125,18.056
126,18.047
127,18.037
128,18.026
129,18.014
130,18.001
131,17.986
132,17.971
133,17.953
134,17.934
135,17.914
136,17.891
137,17.866
138,17.838
139,17.808
140,17.775
141,17.738
142,17.697
143,17.653
144,17.604
145,17.55
146,17.491
147,17.426
148,17.354
149,17.276
150,17.189
151,17.094
152,16.99
153,16.876
154,16.752
155,16.615
156,16.466
157,16.303
158,16.126
159,15.932
160,15.723
161,15.495
162,15.248
163,14.982
164,14.694
165,14.384
166,14.051
167,13.693
168,13.311
169,12.902
170,12.467
171,12.004
172,11.513
173,10.994
174,10.445
175,9.867
176,9.2594
177,8.622
178,7.955
179,7.2582
180,6.532
181,5.7765
182,4.9921
183,4.1792
184,3.3382
185,2.4697
186,1.5741
187,0.65218
188,-0.29558
189,-1.2685
190,-2.2659
191,-3.2871
192,-4.3315
193,-5.3983
194,-6.4868
195,-7.5965
196,-8.7266
197,-9.8764
198,-11.045
199,-12.233
200,-13.438
