0,15.936
1,15.934
2,15.932
3,15.93
4,15.928
5,15.927
6,15.925
7,15.923
8,15.921
9,15.919
10,15.917
11,15.916
12,15.914
13,15.912
14,15.91
15,15.908
16,15.906
17,15.905
18,15.903
19,15.901
20,15.899
21,15.897
22,15.895
23,15.894
24,15.892
25,15.89
26,15.888
27,15.886
28,15.884
29,15.883
30,15.881
31,15.879
32,15.877
33,15.875
34,15.873
35,15.872
36,15.87
37,15.868
38,15.866
39,15.864
40,15.862
41,15.861
42,15.859
43,15.857
44,15.855
45,15.853
46,15.851
47,15.85
48,15.848
49,15.846
50,15.844
51,15.842
52,15.84
53,15.839
54,15.837
55,15.835
56,15.833
57,15.831
58,15.829
59,15.828
60,15.826
61,15.824
62,15.822
63,15.82
64,15.818
65,15.817
66,15.815
67,15.813
68,15.811
69,15.809
70,15.807
71,15.806
72,15.804
73,15.802
74,15.8
75,15.798
76,15.796
77,15.794
78,15.793
79,15.791
80,15.789
81,15.787
82,15.785
83,15.783
84,15.781
85,15.78
86,15.778
87,15.776
88,15.774
89,15.772
90,15.77
91,15.768
92,15.766
93,15.764
94,15.762
95,15.76
96,15.758
97,15.756
98,15.754
99,15.752
100,15.75
101,15.748
102,15.746
103,15.743
104,15.741
105,15.739
106,15.736
107,15.734
108,15.732
109,15.729
110,15.726
111,15.724
112,15.721
113,15.718
114,15.715
115,15.712
116,15.708
117,15.705
118,15.701
119,15.697
120,15.693
121,15.689
122,15.684
123,15.679
124,15.674
125,15.668
126,15.662
127,15.655
128,15.648
129,15.64
130,15.632
131,15.623
132,15.613
133,15.602
134,15.59
135,15.577
136,15.563
137,15.547
138,15.53
139,15.512
140,15.491
141,15.469
142,15.444
143,15.417
144,15.386
145,15.353
146,15.317
147,15.277
148,15.233
149,15.184
150,15.13
151,15.071
152,15.006
153,14.934
154,14.856
155,14.769
156,14.674
157,14.569
158,14.455
159,14.329
160,14.192
161,14.041
162,13.877
163,13.698
164,13.503
165,13.291
166,13.061
167,12.811
168,12.542
169,12.25
170,11.936
171,11.598
172,11.236
173,10.848
174,10.434
175,9.9926
176,9.5231
177,9.0251
178,8.4981
179,7.9415
180,7.3552
181,6.739
182,6.0927
183,5.4164
184,4.7102
185,3.9743
186,3.2089
187,2.4144
188,1.5913
189,0.74004
190,-0.13888
191,-1.0449
192,-1.9773
193,-2.9355
194,-3.9188
195,-4.9266
196,-5.9582
197,-7.0128
198,-8.0898
199,-9.1884
200,-10.308
