0,13.46
1,13.459
2,13.457
3,13.455
4,13.453
5,13.451
6,13.449
7,13.448
8,13.446
9,13.444
10,13.442
11,13.44
12,13.438
13,13.437
14,13.435
15,13.433
16,13.431
17,13.429
18,13.427
19,13.426
20,13.424
21,13.422
22,13.42
23,13.418
24,13.416
25,13.415
26,13.413
27,13.411
28,13.409
29,13.407
30,13.405
31,13.404
32,13.402
33,13.4
34,13.398
35,13.396
36,13.394
37,13.393
38,13.391
39,13.389
40,13.387
41,13.385
42,13.383
43,13.382
44,13.38
45,13.378
46,13.376
47,13.374
48,13.372
49,13.371
50,13.369
51,13.367
52,13.365
53,13.363
54,13.362
55,13.36
56,13.358
57,13.356
58,13.354
59,13.352
60,13.351
61,13.349
62,13.347
63,13.345
64,13.343
65,13.341
66,13.34
67,13.338
68,13.336
69,13.334
70,13.332
71,13.33
72,13.329
73,13.327
74,13.325
75,13.323
76,13.321
77,13.319
78,13.317
79,13.316
80,13.314
81,13.312
82,13.31
83,13.308
84,13.306
85,13.305
86,13.303
87,13.301
88,13.299
89,13.297
90,13.295
91,13.293
92,13.291
93,13.29
94,13.288
95,13.286
96,13.284
97,13.282
98,13.28
99,13.278
100,13.276
101,13.274
102,13.272
103,13.27
104,13.268
105,13.266
106,13.264
107,13.262
108,13.26
109,13.258
110,13.256
111,13.254
112,13.251
113,13.249
114,13.247
115,13.244
116,13.242
117,13.239
118,13.237
119,13.234
120,13.231
121,13.228
122,13.225
123,13.222
124,13.219
125,13.215
126,13.212
127,13.208
128,13.204
129,13.199
130,13.195
131,13.19
132,13.184
133,13.179
134,13.172
135,13.166
136,13.159
137,13.151
138,13.142
139,13.133
140,13.123
141,13.112
142,13.1
143,13.087
144,13.072
145,13.057
146,13.039
147,13.02
148,12.999
149,12.976
150,12.95
151,12.922
152,12.891
153,12.857
154,12.819
155,12.777
156,12.731
157,12.681
158,12.625
159,12.563
160,12.495
161,12.42
162,12.337
163,12.246
164,12.146
165,12.036
166,11.915
167,11.782
168,11.637
169,11.478
170,11.304
171,11.115
172,10.908
173,10.684
174,10.44
175,10.175
176,9.8891
177,9.5804
178,9.2478
179,8.8904
180,8.5071
181,8.0971
182,7.6595
183,7.1935
184,6.6986
185,6.1742
186,5.6198
187,5.0351
188,4.42
189,3.7744
190,3.0982
191,2.3915
192,1.6546
193,0.88781
194,0.091434
195,-0.73406
196,-1.5882
197,-2.4703
198,-3.3799
199,-4.3164
200,-5.2789
