0,14.23
1,14.228
2,14.226
3,14.224
4,14.222
5,14.22
6,14.219
7,14.217
8,14.215
9,14.213
10,14.211
11,14.209
12,14.208
13,14.206
14,14.204
15,14.202
16,14.2
17,14.198
18,14.197
19,14.195
20,14.193
21,14.191
22,14.189
23,14.187
24,14.186
25,14.184
26,14.182
27,14.18
28,14.178
29,14.176
30,14.175
31,14.173
32,14.171
33,14.169
34,14.167
35,14.165
36,14.164
37,14.162
38,14.16
39,14.158
40,14.156
41,14.154
42,14.153
43,14.151
44,14.149
45,14.147
46,14.145
47,14.143
48,14.142
49,14.14
50,14.138
51,14.136
52,14.134
53,14.132
54,14.131
55,14.129
56,14.127
57,14.125
58,14.123
59,14.121
60,14.12
61,14.118
62,14.116
63,14.114
64,14.112
65,14.11
66,14.109
67,14.107
68,14.105
69,14.103
70,14.101
71,14.099
72,14.098
73,14.096
74,14.094
75,14.092
76,14.09
77,14.088
78,14.086
79,14.085
80,14.083
81,14.081
82,14.079
83,14.077
84,14.075
85,14.073
86,14.072
87,14.07
88,14.068
89,14.066
90,14.064
91,14.062
92,14.06
93,14.058
94,14.056
95,14.054
96,14.052
97,14.05
98,14.048
99,14.046
100,14.044
101,14.042
102,14.04
103,14.038
104,14.036
105,14.034
106,14.031
107,14.029
108,14.027
109,14.024
110,14.022
111,14.019
112,14.017
113,14.014
114,14.011
115,14.008
116,14.005
117,14.002
118,13.999
119,13.995
120,13.992
121,13.988
122,13.984
123,13.98
124,13.975
125,13.97
126,13.965
127,13.959
128,13.953
129,13.947
130,13.939
131,13.932
132,13.924
133,13.915
134,13.905
135,13.894
136,13.883
137,13.87
138,13.856
139,13.841
140,13.824
141,13.806
142,13.785
143,13.763
144,13.739
145,13.712
146,13.682
147,13.65
148,13.614
149,13.574
150,13.531
151,13.483
152,13.43
153,13.371
154,13.307
155,13.237
156,13.159
157,13.073
158,12.979
159,12.876
160,12.763
161,12.638
162,12.502
163,12.353
164,12.191
165,12.013
166,11.82
167,11.609
168,11.381
169,11.133
170,10.865
171,10.575
172,10.263
173,9.9269
174,9.5664
175,9.1802
176,8.7676
177,8.3277
178,7.8598
179,7.3633
180,6.8377
181,6.2825
182,5.6975
183,5.0824
184,4.4371
185,3.7618
186,3.0564
187,2.3212
188,1.5564
189,0.7625
190,-0.060202
191,-0.91118
192,-1.7899
193,-2.6958
194,-3.6282
195,-4.5864
196,-5.5699
197,-6.578
198,-7.6098
199,-8.6648
200,-9.7422
