0,24.927
1,24.926
2,24.924
3,24.922
4,24.92
5,24.918
6,24.917
7,24.915
8,24.913
9,24.911
10,24.909
11,24.907
12,24.906
13,24.904
14,24.902
15,24.9
16,24.898
17,24.896
18,24.895
19,24.893
20,24.891
21,24.889
22,24.887
23,24.885
24,24.884
25,24.882
26,24.88
27,24.878
28,24.876
29,24.874
30,24.873
31,24.871
32,24.869
33,24.867
34,24.865
35,24.863
36,24.862
37,24.86
38,24.858
39,24.856
40,24.854
41,24.852
42,24.851
43,24.849
44,24.847
45,24.845
46,24.843
47,24.841
48,24.84
49,24.838
50,24.836
51,24.834
52,24.832
53,24.83
54,24.829
55,24.827
56,24.825
57,24.823
58,24.821
59,24.819
60,24.818
61,24.816
62,24.814
63,24.812
64,24.81
65,24.808
66,24.806
67,24.805
68,24.803
69,24.801
70,24.799
71,24.797
72,24.795
73,24.793
74,24.792
75,24.79
76,24.788
77,24.786
78,24.784
79,24.782
80,24.78
81,24.778
82,24.776
83,24.774
84,24.773
85,24.771
86,24.769
87,24.767
88,24.765
89,24.763
90,24.761
91,24.758
92,24.756
93,24.754
94,24.752
95,24.75
96,24.748
97,24.745
98,24.743
99,24.741
100,24.738
101,24.736
102,24.733
103,24.73
104,24.728
105,24.725
106,24.722
107,24.719
108,24.715
109,24.712
110,24.708
111,24.705
112,24.701
113,24.696
114,24.692
115,24.687
116,24.682
117,24.677
118,24.671
119,24.664
120,24.658
121,24.65
122,24.642
123,24.634
124,24.624
125,24.614
126,24.603
127,24.591
128,24.577
129,24.563
130,24.547
131,24.53
132,24.51
133,24.489
134,24.466
135,24.441
136,24.413
137,24.382
138,24.348
139,24.311
140,24.27
141,24.225
142,24.175
143,24.121
144,24.061
145,23.994
146,23.922
147,23.842
148,23.754
149,23.657
150,23.551
151,23.435
152,23.308
153,23.169
154,23.017
155,22.852
156,22.671
157,22.474
158,22.261
159,22.029
160,21.778
161,21.506
162,21.214
163,20.898
164,20.56
165,20.196
166,19.807
167,19.392
168,18.95
169,18.48
170,17.982
171,17.455
172,16.899
173,16.313
174,15.697
175,15.052
176,14.376
177,13.671
178,12.937
179,12.173
180,11.38
181,10.559
182,9.7095
183,8.8328
184,7.9292
185,6.9992
186,6.0435
187,5.0628
188,4.0578
189,3.029
190,1.9773
191,0.90327
192,-0.19238
193,-1.309
194,-2.4458
195,-3.6023
196,-4.7777
197,-5.9714
198,-7.1829
199,-8.4114
200,-9.6565
