0,19.217
1,19.215
2,19.213
3,19.211
4,19.21
5,19.208
6,19.206
7,19.204
8,19.202
9,19.201
10,19.199
11,19.197
12,19.195
13,19.193
14,19.191
15,19.19
16,19.188
17,19.186
18,19.184
19,19.182
20,19.18
21,19.179
22,19.177
23,19.175
24,19.173
25,19.171
26,19.169
27,19.167
28,19.166
29,19.164
30,19.162
31,19.16
32,19.158
33,19.156
34,19.155
35,19.153
36,19.151
37,19.149
38,19.147
39,19.145
40,19.144
41,19.142
42,19.14
43,19.138
44,19.136
45,19.134
46,19.132
47,19.13
48,19.129
49,19.127
50,19.125
51,19.123
52,19.121
53,19.119
54,19.117
55,19.115
56,19.113
57,19.111
58,19.109
59,19.107
60,19.105
61,19.103
62,19.101
63,19.099
64,19.097
65,19.095
66,19.093
67,19.091
68,19.089
69,19.086
70,19.084
71,19.082
72,19.079
73,19.077
74,19.075
75,19.072
76,19.069
77,19.067
78,19.064
79,19.061
80,19.058
81,19.055
82,19.052
83,19.048
84,19.045
85,19.041
86,19.037
87,19.033
88,19.029
89,19.024
90,19.019
91,19.014
92,19.008
93,19.002
94,18.996
95,18.989
96,18.982
97,18.974
98,18.965
99,18.956
100,18.946
101,18.935
102,18.923
103,18.911
104,18.897
105,18.882
106,18.865
107,18.847
108,18.828
109,18.806
110,18.783
111,18.758
112,18.73
113,18.7
114,18.666
115,18.63
116,18.59
117,18.547
118,18.499
119,18.447
120,18.39
121,18.328
122,18.26
123,18.186
124,18.104
125,18.016
126,17.919
127,17.814
128,17.699
129,17.574
130,17.438
131,17.29
132,17.13
133,16.956
134,16.768
135,16.564
136,16.344
137,16.107
138,15.851
139,15.577
140,15.282
141,14.966
142,14.629
143,14.268
144,13.884
145,13.475
146,13.042
147,12.582
148,12.097
149,11.584
150,11.045
151,10.478
152,9.8832
153,9.2608
154,8.6105
155,7.9325
156,7.2266
157,6.4932
158,5.7325
159,4.9448
160,4.1303
161,3.2896
162,2.4231
163,1.5312
164,0.61441
165,-0.32663
166,-1.2914
167,-2.2794
168,-3.2899
169,-4.3224
170,-5.3763
171,-6.451
172,-7.5458
173,-8.6602
174,-9.7937
175,-10.946
176,-12.115
177,-13.302
178,-14.506
179,-15.726
180,-16.962
181,-18.213
182,-19.479
183,-20.758
184,-22.052
185,-23.359
186,-24.679
187,-26.012
188,-27.356
189,-28.713
190,-30.081
191,-31.459
192,-32.849
193,-34.248
194,-35.658
195,-37.077
196,-38.506
197,-39.944
198,-41.391
199,-42.846
200,-44.31
