0,24.767
1,24.765
2,24.763
3,24.762
4,24.76
5,24.758
6,24.756
7,24.754
8,24.752
9,24.751
10,24.749
11,24.747
12,24.745
13,24.743
14,24.741
15,24.74
16,24.738
17,24.736
18,24.734
19,24.732
20,24.73
21,24.729
22,24.727
23,24.725
24,24.723
25,24.721
26,24.72
27,24.718
28,24.716
29,24.714
30,24.712
31,24.71
32,24.709
33,24.707
34,24.705
35,24.703
36,24.701
37,24.699
38,24.698
39,24.696
40,24.694
41,24.692
42,24.69
43,24.688
44,24.687
45,24.685
46,24.683
47,24.681
48,24.679
49,24.677
50,24.676
51,24.674
52,24.672
53,24.67
54,24.668
55,24.666
56,24.665
57,24.663
58,24.661
59,24.659
60,24.657
61,24.655
62,24.654
63,24.652
64,24.65
65,24.648
66,24.646
67,24.644
68,24.643
69,24.641
70,24.639
71,24.637
72,24.635
73,24.633
74,24.631
75,24.63
76,24.628
77,24.626
78,24.624
79,24.622
80,24.62
81,24.619
82,24.617
83,24.615
84,24.613
85,24.611
86,24.609
87,24.607
88,24.605
89,24.604
90,24.602
91,24.6
92,24.598
93,24.596
94,24.594
95,24.592
96,24.59
97,24.588
98,24.586
99,24.584
100,24.582
101,24.58
102,24.578
103,24.576
104,24.573
105,24.571
106,24.569
107,24.567
108,24.564
109,24.562
110,24.56
111,24.557
112,24.554
113,24.552
114,24.549
115,24.546
116,24.543
117,24.54
118,24.537
119,24.533
120,24.53
121,24.526
122,24.522
123,24.517
124,24.513
125,24.508
126,24.502
127,24.497
128,24.491
129,24.484
130,24.477
131,24.469
132,24.461
133,24.452
134,24.442
135,24.431
136,24.419
137,24.406
138,24.392
139,24.376
140,24.359
141,24.34
142,24.319
143,24.296
144,24.271
145,24.243
146,24.212
147,24.178
148,24.141
149,24.1
150,24.054
151,24.004
152,23.949
153,23.888
154,23.82
155,23.746
156,23.664
157,23.574
158,23.475
159,23.366
160,23.247
161,23.116
162,22.972
163,22.815
164,22.643
165,22.455
166,22.25
167,22.028
168,21.786
169,21.524
170,21.241
171,20.935
172,20.605
173,20.25
174,19.87
175,19.463
176,19.029
177,18.566
178,18.074
179,17.553
180,17.003
181,16.421
182,15.81
183,15.168
184,14.495
185,13.792
186,13.058
187,12.295
188,11.502
189,10.68
190,9.8289
191,8.9499
192,8.0435
193,7.1101
194,6.1505
195,5.1654
196,4.1555
197,3.1214
198,2.064
199,0.98394
200,-0.11807
