0,16.515
1,16.513
2,16.511
3,16.509
4,16.507
5,16.506
6,16.504
7,16.502
8,16.5
9,16.498
10,16.496
11,16.495
12,16.493
13,16.491
14,16.489
15,16.487
16,16.485
17,16.484
18,16.482
19,16.48
20,16.478
21,16.476
22,16.474
23,16.473
24,16.471
25,16.469
26,16.467
27,16.465
28,16.463
29,16.462
30,16.46
31,16.458
32,16.456
33,16.454
34,16.452
35,16.451
36,16.449
37,16.447
38,16.445
39,16.443
40,16.441
41,16.44
42,16.438
43,16.436
44,16.434
45,16.432
46,16.43
47,16.429
48,16.427
49,16.425
50,16.423
51,16.421
52,16.419
53,16.418
54,16.416
55,16.414
56,16.412
57,16.41
58,16.408
59,16.407
60,16.405
61,16.403
62,16.401
63,16.399
64,16.397
65,16.395
66,16.394
67,16.392
68,16.39
69,16.388
70,16.386
71,16.384
72,16.382
73,16.38
74,16.378
75,16.377
76,16.375
77,16.373
78,16.371
79,16.369
80,16.367
81,16.365
82,16.363
83,16.361
84,16.359
85,16.357
86,16.355
87,16.353
88,16.35
89,16.348
90,16.346
91,16.344
92,16.341
93,16.339
94,16.337
95,16.334
96,16.332
97,16.329
98,16.326
99,16.324
100,16.321
101,16.318
102,16.314
103,16.311
104,16.308
105,16.304
106,16.3
107,16.296
108,16.292
109,16.287
110,16.283
111,16.278
112,16.272
113,16.266
114,16.26
115,16.253
116,16.246
117,16.238
118,16.229
119,16.22
120,16.21
121,16.199
122,16.187
123,16.174
124,16.16
125,16.144
126,16.127
127,16.109
128,16.088
129,16.066
130,16.041
131,16.015
132,15.985
133,15.953
134,15.917
135,15.878
136,15.835
137,15.788
138,15.736
139,15.679
140,15.617
141,15.548
142,15.473
143,15.391
144,15.301
145,15.202
146,15.093
147,14.975
148,14.846
149,14.704
150,14.55
151,14.383
152,14.2
153,14.003
154,13.788
155,13.555
156,13.304
157,13.033
158,12.741
159,12.427
160,12.09
161,11.729
162,11.344
163,10.932
164,10.495
165,10.031
166,9.5386
167,9.0185
168,8.4699
169,7.8924
170,7.286
171,6.6505
172,5.9858
173,5.292
174,4.5693
175,3.8179
176,3.0381
177,2.2303
178,1.3949
179,0.53238
180,-0.35675
181,-1.2719
182,-2.2125
183,-3.178
184,-4.1677
185,-5.1809
186,-6.217
187,-7.2754
188,-8.3554
189,-9.4563
190,-10.578
191,-11.718
192,-12.878
193,-14.057
194,-15.253
195,-16.466
196,-17.696
197,-18.942
198,-20.204
199,-21.481
200,-22.772
