0,16.685
1,16.683
2,16.681
3,16.679
4,16.678
5,16.676
6,16.674
7,16.672
8,16.67
9,16.668
10,16.667
11,16.665
12,16.663
13,16.661
14,16.659
15,16.657
16,16.656
17,16.654
18,16.652
19,16.65
20,16.648
21,16.646
22,16.645
23,16.643
24,16.641
25,16.639
26,16.637
27,16.635
28,16.634
29,16.632
30,16.63
31,16.628
32,16.626
33,16.624
34,16.623
35,16.621
36,16.619
37,16.617
38,16.615
39,16.613
40,16.612
41,16.61
42,16.608
43,16.606
44,16.604
45,16.602
46,16.601
47,16.599
48,16.597
49,16.595
50,16.593
51,16.591
52,16.59
53,16.588
54,16.586
55,16.584
56,16.582
57,16.58
58,16.579
59,16.577
60,16.575
61,16.573
62,16.571
63,16.569
64,16.568
65,16.566
66,16.564
67,16.562
68,16.56
69,16.558
70,16.557
71,16.555
72,16.553
73,16.551
74,16.549
75,16.547
76,16.545
77,16.543
78,16.542
79,16.54
80,16.538
81,16.536
82,16.534
83,16.532
84,16.53
85,16.528
86,16.526
87,16.524
88,16.522
89,16.52
90,16.518
91,16.516
92,16.514
93,16.512
94,16.51
95,16.508
96,16.506
97,16.504
98,16.502
99,16.5
100,16.497
101,16.495
102,16.492
103,16.49
104,16.488
105,16.485
106,16.482
107,16.479
108,16.477
109,16.474
110,16.47
111,16.467
112,16.464
113,16.46
114,16.456
115,16.452
116,16.448
117,16.444
118,16.439
119,16.434
120,16.428
121,16.422
122,16.416
123,16.409
124,16.402
125,16.394
126,16.385
127,16.376
128,16.365
129,16.354
130,16.342
131,16.329
132,16.314
133,16.298
134,16.281
135,16.262
136,16.241
137,16.218
138,16.192
139,16.164
140,16.134
141,16.1
142,16.063
143,16.022
144,15.977
145,15.927
146,15.873
147,15.813
148,15.747
149,15.674
150,15.595
151,15.507
152,15.411
153,15.306
154,15.191
155,15.064
156,14.926
157,14.775
158,14.61
159,14.431
160,14.236
161,14.024
162,13.793
163,13.544
164,13.275
165,12.984
166,12.671
167,12.335
168,11.974
169,11.588
170,11.176
171,10.738
172,10.271
173,9.7765
174,9.2531
175,8.7006
176,8.1187
177,7.5072
178,6.8659
179,6.1949
180,5.4943
181,4.7642
182,4.0049
183,3.2167
184,2.4001
185,1.5554
186,0.68332
187,-0.21574
188,-1.1411
189,-2.0922
190,-3.0684
191,-4.069
192,-5.0933
193,-6.1406
194,-7.2103
195,-8.3017
196,-9.4141
197,-10.547
198,-11.699
199,-12.871
200,-14.06
