0,22.902
1,22.9
2,22.898
3,22.896
4,22.894
5,22.892
6,22.891
7,22.889
8,22.887
9,22.885
10,22.883
11,22.881
12,22.88
13,22.878
14,22.876
15,22.874
16,22.872
17,22.87
18,22.869
19,22.867
20,22.865
21,22.863
22,22.861
23,22.859
24,22.858
25,22.856
26,22.854
27,22.852
28,22.85
29,22.848
30,22.847
31,22.845
32,22.843
33,22.841
34,22.839
35,22.837
36,22.836
37,22.834
38,22.832
39,22.83
40,22.828
41,22.826
42,22.825
43,22.823
44,22.821
45,22.819
46,22.817
47,22.815
48,22.813
49,22.812
50,22.81
51,22.808
52,22.806
53,22.804
54,22.802
55,22.8
56,22.798
57,22.797
58,22.795
59,22.793
60,22.791
61,22.789
62,22.787
63,22.785
64,22.783
65,22.781
66,22.779
67,22.777
68,22.775
69,22.773
70,22.771
71,22.769
72,22.767
73,22.765
74,22.763
75,22.76
76,22.758
77,22.756
78,22.753
79,22.751
80,22.749
81,22.746
82,22.744
83,22.741
84,22.738
85,22.735
86,22.732
87,22.729
88,22.726
89,22.723
90,22.719
91,22.716
92,22.712
93,22.708
94,22.703
95,22.699
96,22.694
97,22.689
98,22.683
99,22.677
100,22.671
101,22.664
102,22.657
103,22.649
104,22.64
105,22.631
106,22.621
107,22.61
108,22.599
109,22.586
110,22.572
111,22.557
112,22.54
113,22.522
114,22.502
115,22.481
116,22.457
117,22.431
118,22.403
119,22.372
120,22.338
121,22.3
122,22.26
123,22.215
124,22.166
125,22.112
126,22.053
127,21.989
128,21.918
129,21.841
130,21.757
131,21.664
132,21.563
133,21.453
134,21.333
135,21.202
136,21.06
137,20.904
138,20.736
139,20.553
140,20.355
141,20.141
142,19.909
143,19.659
144,19.39
145,19.1
146,18.79
147,18.457
148,18.101
149,17.721
150,17.316
151,16.886
152,16.43
153,15.947
154,15.437
155,14.899
156,14.333
157,13.739
158,13.117
159,12.467
160,11.788
161,11.08
162,10.345
163,9.5817
164,8.791
165,7.9731
166,7.1285
167,6.2577
168,5.361
169,4.4392
170,3.4927
171,2.5222
172,1.5282
173,0.51132
174,-0.52776
175,-1.5884
176,-2.6701
177,-3.7721
178,-4.8939
179,-6.0348
180,-7.1942
181,-8.3716
182,-9.5665
183,-10.778
184,-12.006
185,-13.25
186,-14.509
187,-15.782
188,-17.07
189,-18.372
190,-19.687
191,-21.015
192,-22.355
193,-23.708
194,-25.072
195,-26.448
196,-27.834
197,-29.231
198,-30.639
199,-32.056
200,-33.483
