0,27.586
1,27.584
2,27.583
3,27.581
4,27.579
5,27.577
6,27.575
7,27.573
8,27.572
9,27.57
10,27.568
11,27.566
12,27.564
13,27.562
14,27.561
15,27.559
16,27.557
17,27.555
18,27.553
19,27.552
20,27.55
21,27.548
22,27.546
23,27.544
24,27.542
25,27.541
26,27.539
27,27.537
28,27.535
29,27.533
30,27.531
31,27.53
32,27.528
33,27.526
34,27.524
35,27.522
36,27.52
37,27.519
38,27.517
39,27.515
40,27.513
41,27.511
42,27.509
43,27.508
44,27.506
45,27.504
46,27.502
47,27.5
48,27.498
49,27.497
50,27.495
51,27.493
52,27.491
53,27.489
54,27.487
55,27.486
56,27.484
57,27.482
58,27.48
59,27.478
60,27.476
61,27.475
62,27.473
63,27.471
64,27.469
65,27.467
66,27.465
67,27.463
68,27.462
69,27.46
70,27.458
71,27.456
72,27.454
73,27.452
74,27.45
75,27.449
76,27.447
77,27.445
78,27.443
79,27.441
80,27.439
81,27.437
82,27.435
83,27.433
84,27.431
85,27.429
86,27.427
87,27.425
88,27.423
89,27.421
90,27.419
91,27.417
92,27.415
93,27.413
94,27.411
95,27.409
96,27.406
97,27.404
98,27.402
99,27.4
100,27.397
101,27.395
102,27.392
103,27.389
104,27.387
105,27.384
106,27.381
107,27.378
108,27.374
109,27.371
110,27.367
111,27.364
112,27.36
113,27.355
114,27.351
115,27.346
116,27.341
117,27.335
118,27.329
119,27.323
120,27.316
121,27.309
122,27.301
123,27.292
124,27.283
125,27.272
126,27.261
127,27.249
128,27.236
129,27.221
130,27.205
131,27.187
132,27.168
133,27.147
134,27.124
135,27.098
136,27.07
137,27.039
138,27.004
139,26.967
140,26.925
141,26.88
142,26.829
143,26.774
144,26.713
145,26.646
146,26.572
147,26.491
148,26.402
149,26.304
150,26.197
151,26.079
152,25.95
153,25.809
154,25.655
155,25.487
156,25.304
157,25.104
158,24.887
159,24.652
160,24.397
161,24.122
162,23.825
163,23.505
164,23.162
165,22.793
166,22.399
167,21.978
168,21.53
169,21.054
170,20.55
171,20.016
172,19.453
173,18.86
174,18.238
175,17.585
176,16.902
177,16.19
178,15.448
179,14.677
180,13.877
181,13.049
182,12.192
183,11.308
184,10.397
185,9.4605
186,8.4979
187,7.5103
188,6.4985
189,5.4632
190,4.4049
191,3.3245
192,2.2226
193,1.0999
194,-0.042915
195,-1.2052
196,-2.3864
197,-3.5857
198,-4.8026
199,-6.0365
200,-7.2868
