0,14.749
1,14.747
2,14.745
3,14.743
4,14.741
5,14.739
6,14.738
7,14.736
8,14.734
9,14.732
10,14.73
11,14.728
12,14.727
13,14.725
14,14.723
15,14.721
16,14.719
17,14.717
18,14.716
19,14.714
20,14.712
21,14.71
22,14.708
23,14.707
24,14.705
25,14.703
26,14.701
27,14.699
28,14.697
29,14.696
30,14.694
31,14.692
32,14.69
33,14.688
34,14.686
35,14.685
36,14.683
37,14.681
38,14.679
39,14.677
40,14.675
41,14.674
42,14.672
43,14.67
44,14.668
45,14.666
46,14.664
47,14.663
48,14.661
49,14.659
50,14.657
51,14.655
52,14.653
53,14.652
54,14.65
55,14.648
56,14.646
57,14.644
58,14.642
59,14.64
60,14.639
61,14.637
62,14.635
63,14.633
64,14.631
65,14.629
66,14.628
67,14.626
68,14.624
69,14.622
70,14.62
71,14.618
72,14.616
73,14.614
74,14.613
75,14.611
76,14.609
77,14.607
78,14.605
79,14.603
80,14.601
81,14.599
82,14.597
83,14.595
84,14.593
85,14.591
86,14.589
87,14.587
88,14.585
89,14.583
90,14.581
91,14.579
92,14.576
93,14.574
94,14.572
95,14.57
96,14.567
97,14.565
98,14.562
99,14.56
100,14.557
101,14.554
102,14.551
103,14.548
104,14.545
105,14.542
106,14.539
107,14.535
108,14.531
109,14.527
110,14.523
111,14.519
112,14.514
113,14.509
114,14.503
115,14.498
116,14.491
117,14.485
118,14.478
119,14.47
120,14.461
121,14.452
122,14.442
123,14.432
124,14.42
125,14.407
126,14.393
127,14.378
128,14.361
129,14.343
130,14.323
131,14.301
132,14.277
133,14.251
134,14.222
135,14.19
136,14.155
137,14.117
138,14.075
139,14.028
140,13.977
141,13.921
142,13.86
143,13.793
144,13.719
145,13.637
146,13.548
147,13.451
148,13.344
149,13.227
150,13.099
151,12.96
152,12.808
153,12.642
154,12.462
155,12.266
156,12.053
157,11.823
158,11.574
159,11.305
160,11.016
161,10.704
162,10.37
163,10.011
164,9.6284
165,9.2198
166,8.7848
167,8.3228
168,7.8332
169,7.3154
170,6.7691
171,6.1939
172,5.5896
173,4.9561
174,4.2933
175,3.6013
176,2.8803
177,2.1306
178,1.3523
179,0.54582
180,-0.28833
181,-1.1497
182,-2.0378
183,-2.952
184,-3.8918
185,-4.8566
186,-5.8456
187,-6.8583
188,-7.894
189,-8.952
190,-10.032
191,-11.132
192,-12.254
193,-13.394
194,-14.554
195,-15.733
196,-16.929
197,-18.142
198,-19.373
199,-20.619
200,-21.881
