0,27.829
1,27.827
2,27.825
3,27.823
4,27.821
5,27.819
6,27.818
7,27.816
8,27.814
9,27.812
10,27.81
11,27.808
12,27.807
13,27.805
14,27.803
15,27.801
16,27.799
17,27.797
18,27.796
19,27.794
20,27.792
21,27.79
22,27.788
23,27.786
24,27.784
25,27.783
26,27.781
27,27.779
28,27.777
29,27.775
30,27.773
31,27.772
32,27.77
33,27.768
34,27.766
35,27.764
36,27.762
37,27.76
38,27.759
39,27.757
40,27.755
41,27.753
42,27.751
43,27.749
44,27.747
45,27.745
46,27.743
47,27.741
48,27.74
49,27.738
50,27.736
51,27.734
52,27.732
53,27.73
54,27.728
55,27.726
56,27.724
57,27.721
58,27.719
59,27.717
60,27.715
61,27.713
62,27.711
63,27.708
64,27.706
65,27.704
66,27.701
67,27.699
68,27.696
69,27.693
70,27.691
71,27.688
72,27.685
73,27.682
74,27.679
75,27.676
76,27.672
77,27.669
78,27.665
79,27.661
80,27.657
81,27.652
82,27.648
83,27.643
84,27.637
85,27.632
86,27.626
87,27.619
88,27.612
89,27.605
90,27.597
91,27.588
92,27.579
93,27.569
94,27.558
95,27.546
96,27.533
97,27.519
98,27.504
99,27.487
100,27.469
101,27.45
102,27.428
103,27.405
104,27.379
105,27.351
106,27.321
107,27.287
108,27.251
109,27.211
110,27.167
111,27.12
112,27.068
113,27.011
114,26.949
115,26.881
116,26.807
117,26.726
118,26.637
119,26.541
120,26.436
121,26.321
122,26.197
123,26.062
124,25.915
125,25.756
126,25.583
127,25.396
128,25.194
129,24.975
130,24.74
131,24.487
132,24.214
133,23.922
134,23.609
135,23.275
136,22.917
137,22.537
138,22.132
139,21.702
140,21.248
141,20.767
142,20.259
143,19.725
144,19.163
145,18.574
146,17.958
147,17.313
148,16.641
149,15.942
150,15.215
151,14.46
152,13.679
153,12.872
154,12.038
155,11.178
156,10.293
157,9.3827
158,8.4484
159,7.4905
160,6.5093
161,5.5055
162,4.4797
163,3.4325
164,2.3644
165,1.2761
166,0.16807
167,-0.95899
168,-2.1046
169,-3.2681
170,-4.449
171,-5.6467
172,-6.8608
173,-8.0907
174,-9.3359
175,-10.596
176,-11.87
177,-13.158
178,-14.46
179,-15.775
180,-17.102
181,-18.442
182,-19.793
183,-21.156
184,-22.53
185,-23.914
186,-25.309
187,-26.714
188,-28.129
189,-29.553
190,-30.987
191,-32.429
192,-33.88
193,-35.34
194,-36.807
195,-38.283
196,-39.766
197,-41.257
198,-42.754
199,-44.259
200,-45.771
