0,13.571
1,13.569
2,13.568
3,13.566
4,13.564
5,13.562
6,13.56
7,13.558
8,13.557
9,13.555
10,13.553
11,13.551
12,13.549
13,13.548
14,13.546
15,13.544
16,13.542
17,13.54
18,13.538
19,13.537
20,13.535
21,13.533
22,13.531
23,13.529
24,13.527
25,13.526
26,13.524
27,13.522
28,13.52
29,13.518
30,13.516
31,13.515
32,13.513
33,13.511
34,13.509
35,13.507
36,13.505
37,13.504
38,13.502
39,13.5
40,13.498
41,13.496
42,13.494
43,13.493
44,13.491
45,13.489
46,13.487
47,13.485
48,13.483
49,13.482
50,13.48
51,13.478
52,13.476
53,13.474
54,13.472
55,13.471
56,13.469
57,13.467
58,13.465
59,13.463
60,13.461
61,13.46
62,13.458
63,13.456
64,13.454
65,13.452
66,13.45
67,13.449
68,13.447
69,13.445
70,13.443
71,13.441
72,13.439
73,13.438
74,13.436
75,13.434
76,13.432
77,13.43
78,13.428
79,13.427
80,13.425
81,13.423
82,13.421
83,13.419
84,13.417
85,13.415
86,13.414
87,13.412
88,13.41
89,13.408
90,13.406
91,13.404
92,13.402
93,13.4
94,13.398
95,13.396
96,13.395
97,13.393
98,13.391
99,13.389
100,13.387
101,13.385
102,13.383
103,13.381
104,13.379
105,13.376
106,13.374
107,13.372
108,13.37
109,13.368
110,13.365
111,13.363
112,13.361
113,13.358
114,13.356
115,13.353
116,13.35
117,13.348
118,13.345
119,13.342
120,13.339
121,13.335
122,13.332
123,13.328
124,13.324
125,13.32
126,13.316
127,13.312
128,13.307
129,13.301
130,13.296
131,13.29
132,13.283
133,13.276
134,13.269
135,13.26
136,13.251
137,13.241
138,13.231
139,13.219
140,13.206
141,13.192
142,13.177
143,13.16
144,13.142
145,13.121
146,13.099
147,13.074
148,13.047
149,13.017
150,12.985
151,12.948
152,12.908
153,12.864
154,12.815
155,12.762
156,12.702
157,12.637
158,12.565
159,12.486
160,12.399
161,12.304
162,12.198
163,12.083
164,11.956
165,11.817
166,11.666
167,11.5
168,11.318
169,11.121
170,10.906
171,10.673
172,10.42
173,10.146
174,9.85
175,9.5311
176,9.1882
177,8.8201
178,8.426
179,8.005
180,7.5562
181,7.0791
182,6.573
183,6.0373
184,5.4718
185,4.8762
186,4.2503
187,3.594
188,2.9074
189,2.1906
190,1.4439
191,0.66763
192,-0.13791
193,-0.97222
194,-1.8348
195,-2.725
196,-3.6424
197,-4.5861
198,-5.5556
199,-6.5503
200,-7.5693
