0,22.138
1,22.136
2,22.134
3,22.132
4,22.13
5,22.128
6,22.127
7,22.125
8,22.123
9,22.121
10,22.119
11,22.117
12,22.116
13,22.114
14,22.112
15,22.11
16,22.108
17,22.106
18,22.105
19,22.103
20,22.101
21,22.099
22,22.097
23,22.095
24,22.094
25,22.092
26,22.09
27,22.088
28,22.086
29,22.084
30,22.083
31,22.081
32,22.079
33,22.077
34,22.075
35,22.073
36,22.071
37,22.07
38,22.068
39,22.066
40,22.064
41,22.062
42,22.06
43,22.059
44,22.057
45,22.055
46,22.053
47,22.051
48,22.049
49,22.047
50,22.045
51,22.043
52,22.042
53,22.04
54,22.038
55,22.036
56,22.034
57,22.032
58,22.03
59,22.028
60,22.026
61,22.024
62,22.022
63,22.02
64,22.018
65,22.016
66,22.014
67,22.011
68,22.009
69,22.007
70,22.005
71,22.002
72,22
73,21.998
74,21.995
75,21.993
76,21.99
77,21.987
78,21.984
79,21.982
80,21.979
81,21.975
82,21.972
83,21.969
84,21.965
85,21.961
86,21.957
87,21.953
88,21.949
89,21.944
90,21.939
91,21.934
92,21.928
93,21.922
94,21.916
95,21.909
96,21.901
97,21.893
98,21.885
99,21.875
100,21.865
101,21.854
102,21.842
103,21.829
104,21.815
105,21.8
106,21.783
107,21.765
108,21.745
109,21.723
110,21.699
111,21.673
112,21.645
113,21.614
114,21.58
115,21.543
116,21.502
117,21.458
118,21.409
119,21.356
120,21.297
121,21.234
122,21.164
123,21.088
124,21.005
125,20.914
126,20.815
127,20.707
128,20.589
129,20.461
130,20.322
131,20.17
132,20.006
133,19.828
134,19.635
135,19.426
136,19.201
137,18.958
138,18.697
139,18.416
140,18.114
141,17.791
142,17.446
143,17.078
144,16.685
145,16.268
146,15.826
147,15.357
148,14.862
149,14.34
150,13.791
151,13.214
152,12.61
153,11.977
154,11.316
155,10.628
156,9.9118
157,9.168
158,8.3969
159,7.5988
160,6.774
161,5.9231
162,5.0465
163,4.1446
164,3.2181
165,2.2673
166,1.293
167,0.2957
168,-0.72401
169,-1.7655
170,-2.8282
171,-3.9115
172,-5.0148
173,-6.1375
174,-7.279
175,-8.4388
176,-9.6162
177,-10.811
178,-12.022
179,-13.249
180,-14.492
181,-15.749
182,-17.022
183,-18.308
184,-19.608
185,-20.921
186,-22.247
187,-23.586
188,-24.936
189,-26.298
190,-27.671
191,-29.055
192,-30.449
193,-31.854
194,-33.268
195,-34.693
196,-36.126
197,-37.568
198,-39.019
199,-40.479
200,-41.947
