0,11.493
1,11.491
2,11.489
3,11.488
4,11.486
5,11.484
6,11.482
7,11.48
8,11.478
9,11.477
10,11.475
11,11.473
12,11.471
13,11.469
14,11.467
15,11.466
16,11.464
17,11.462
18,11.46
19,11.458
20,11.456
21,11.455
22,11.453
23,11.451
24,11.449
25,11.447
26,11.445
27,11.444
28,11.442
29,11.44
30,11.438
31,11.436
32,11.434
33,11.433
34,11.431
35,11.429
36,11.427
37,11.425
38,11.423
39,11.422
40,11.42
41,11.418
42,11.416
43,11.414
44,11.413
45,11.411
46,11.409
47,11.407
48,11.405
49,11.403
50,11.402
51,11.4
52,11.398
53,11.396
54,11.394
55,11.392
56,11.391
57,11.389
58,11.387
59,11.385
60,11.383
61,11.381
62,11.38
63,11.378
64,11.376
65,11.374
66,11.372
67,11.37
68,11.369
69,11.367
70,11.365
71,11.363
72,11.361
73,11.359
74,11.357
75,11.356
76,11.354
77,11.352
78,11.35
79,11.348
80,11.346
81,11.345
82,11.343
83,11.341
84,11.339
85,11.337
86,11.335
87,11.333
88,11.331
89,11.33
90,11.328
91,11.326
92,11.324
93,11.322
94,11.32
95,11.318
96,11.316
97,11.314
98,11.312
99,11.31
100,11.308
101,11.306
102,11.304
103,11.302
104,11.3
105,11.298
106,11.295
107,11.293
108,11.291
109,11.289
110,11.286
111,11.284
112,11.281
113,11.279
114,11.276
115,11.273
116,11.271
117,11.268
118,11.264
119,11.261
120,11.258
121,11.254
122,11.251
123,11.247
124,11.242
125,11.238
126,11.233
127,11.228
128,11.223
129,11.217
130,11.21
131,11.203
132,11.196
133,11.188
134,11.179
135,11.17
136,11.16
137,11.149
138,11.136
139,11.123
140,11.108
141,11.092
142,11.075
143,11.055
144,11.034
145,11.01
146,10.985
147,10.956
148,10.925
149,10.891
150,10.853
151,10.811
152,10.765
153,10.714
154,10.658
155,10.596
156,10.528
157,10.454
158,10.371
159,10.281
160,10.182
161,10.073
162,9.9533
163,9.8224
164,9.679
165,9.5223
166,9.3512
167,9.1647
168,8.9616
169,8.7409
170,8.5014
171,8.242
172,7.9616
173,7.659
174,7.3333
175,6.9834
176,6.6082
177,6.2069
178,5.7787
179,5.3228
180,4.8385
181,4.3253
182,3.7826
183,3.2103
184,2.608
185,1.9756
186,1.313
187,0.62031
188,-0.10227
189,-0.85453
190,-1.6361
191,-2.4467
192,-3.2857
193,-4.1528
194,-5.0472
195,-5.9684
196,-6.9158
197,-7.8887
198,-8.8864
199,-9.9082
200,-10.953
