0,23.343
1,23.341
2,23.339
3,23.337
4,23.335
5,23.333
6,23.332
7,23.33
8,23.328
9,23.326
10,23.324
11,23.323
12,23.321
13,23.319
14,23.317
15,23.315
16,23.313
17,23.312
18,23.31
19,23.308
20,23.306
21,23.304
22,23.302
23,23.301
24,23.299
25,23.297
26,23.295
27,23.293
28,23.291
29,23.29
30,23.288
31,23.286
32,23.284
33,23.282
34,23.28
35,23.279
36,23.277
37,23.275
38,23.273
39,23.271
40,23.269
41,23.268
42,23.266
43,23.264
44,23.262
45,23.26
46,23.258
47,23.257
48,23.255
49,23.253
50,23.251
51,23.249
52,23.247
53,23.246
54,23.244
55,23.242
56,23.24
57,23.238
58,23.236
59,23.235
60,23.233
61,23.231
62,23.229
63,23.227
64,23.225
65,23.224
66,23.222
67,23.22
68,23.218
69,23.216
70,23.214
71,23.213
72,23.211
73,23.209
74,23.207
75,23.205
76,23.203
77,23.201
78,23.2
79,23.198
80,23.196
81,23.194
82,23.192
83,23.19
84,23.188
85,23.186
86,23.185
87,23.183
88,23.181
89,23.179
90,23.177
91,23.175
92,23.173
93,23.171
94,23.169
95,23.167
96,23.165
97,23.163
98,23.161
99,23.159
100,23.157
101,23.155
102,23.153
103,23.15
104,23.148
105,23.146
106,23.144
107,23.141
108,23.139
109,23.136
110,23.134
111,23.131
112,23.128
113,23.125
114,23.122
115,23.119
116,23.116
117,23.112
118,23.109
119,23.105
120,23.101
121,23.096
122,23.092
123,23.087
124,23.082
125,23.076
126,23.07
127,23.063
128,23.056
129,23.048
130,23.04
131,23.031
132,23.021
133,23.01
134,22.999
135,22.986
136,22.972
137,22.956
138,22.939
139,22.921
140,22.9
141,22.878
142,22.853
143,22.826
144,22.795
145,22.762
146,22.726
147,22.685
148,22.641
149,22.592
150,22.537
151,22.478
152,22.412
153,22.34
154,22.26
155,22.172
156,22.076
157,21.97
158,21.853
159,21.725
160,21.586
161,21.433
162,21.265
163,21.083
164,20.884
165,20.667
166,20.432
167,20.178
168,19.902
169,19.604
170,19.283
171,18.938
172,18.568
173,18.172
174,17.748
175,17.297
176,16.817
177,16.309
178,15.771
179,15.202
180,14.604
181,13.976
182,13.317
183,12.628
184,11.908
185,11.159
186,10.38
187,9.5722
188,8.7354
189,7.8704
190,6.9778
191,6.0582
192,5.1122
193,4.1405
194,3.1438
195,2.1227
196,1.078
197,0.010478
198,-1.0793
199,-2.1905
200,-3.3225
