0,10.946
1,10.944
2,10.942
3,10.94
4,10.938
5,10.937
6,10.935
7,10.933
8,10.931
9,10.929
10,10.927
11,10.926
12,10.924
13,10.922
14,10.92
15,10.918
16,10.916
17,10.915
18,10.913
19,10.911
20,10.909
21,10.907
22,10.906
23,10.904
24,10.902
25,10.9
26,10.898
27,10.896
28,10.895
29,10.893
30,10.891
31,10.889
32,10.887
33,10.885
34,10.884
35,10.882
36,10.88
37,10.878
38,10.876
39,10.874
40,10.873
41,10.871
42,10.869
43,10.867
44,10.865
45,10.863
46,10.862
47,10.86
48,10.858
49,10.856
50,10.854
51,10.852
52,10.851
53,10.849
54,10.847
55,10.845
56,10.843
57,10.841
58,10.84
59,10.838
60,10.836
61,10.834
62,10.832
63,10.83
64,10.829
65,10.827
66,10.825
67,10.823
68,10.821
69,10.819
70,10.818
71,10.816
72,10.814
73,10.812
74,10.81
75,10.808
76,10.806
77,10.805
78,10.803
79,10.801
80,10.799
81,10.797
82,10.795
83,10.794
84,10.792
85,10.79
86,10.788
87,10.786
88,10.784
89,10.782
90,10.78
91,10.778
92,10.777
93,10.775
94,10.773
95,10.771
96,10.769
97,10.767
98,10.765
99,10.763
100,10.761
101,10.759
102,10.757
103,10.755
104,10.753
105,10.75
106,10.748
107,10.746
108,10.744
109,10.742
110,10.739
111,10.737
112,10.734
113,10.732
114,10.729
115,10.726
116,10.724
117,10.721
118,10.718
119,10.714
120,10.711
121,10.707
122,10.704
123,10.7
124,10.696
125,10.691
126,10.687
127,10.682
128,10.676
129,10.671
130,10.664
131,10.658
132,10.65
133,10.643
134,10.634
135,10.625
136,10.615
137,10.604
138,10.592
139,10.579
140,10.565
141,10.549
142,10.532
143,10.513
144,10.492
145,10.47
146,10.444
147,10.417
148,10.386
149,10.353
150,10.316
151,10.275
152,10.23
153,10.181
154,10.127
155,10.067
156,10.001
157,9.9278
158,9.8479
159,9.7599
160,9.6633
161,9.5571
162,9.4407
163,9.3131
164,9.1734
165,9.0206
166,8.8537
167,8.6716
168,8.4734
169,8.2578
170,8.0238
171,7.7702
172,7.4958
173,7.1997
174,6.8807
175,6.5378
176,6.1699
177,5.7761
178,5.3557
179,4.9077
180,4.4315
181,3.9266
182,3.3924
183,2.8286
184,2.2348
185,1.611
186,0.95697
187,0.27287
188,-0.44121
189,-1.185
190,-1.9583
191,-2.7607
192,-3.5917
193,-4.4508
194,-5.3374
195,-6.2511
196,-7.1911
197,-8.1568
198,-9.1475
199,-10.163
200,-11.201
