0,27.624
1,27.623
2,27.621
3,27.619
4,27.617
5,27.615
6,27.613
7,27.612
8,27.61
9,27.608
10,27.606
11,27.604
12,27.602
13,27.601
14,27.599
15,27.597
16,27.595
17,27.593
18,27.591
19,27.59
20,27.588
21,27.586
22,27.584
23,27.582
24,27.58
25,27.579
26,27.577
27,27.575
28,27.573
29,27.571
30,27.569
31,27.568
32,27.566
33,27.564
34,27.562
35,27.56
36,27.558
37,27.556
38,27.555
39,27.553
40,27.551
41,27.549
42,27.547
43,27.545
44,27.543
45,27.541
46,27.54
47,27.538
48,27.536
49,27.534
50,27.532
51,27.53
52,27.528
53,27.526
54,27.524
55,27.522
56,27.52
57,27.518
58,27.516
59,27.514
60,27.512
61,27.51
62,27.508
63,27.505
64,27.503
65,27.501
66,27.499
67,27.496
68,27.494
69,27.492
70,27.489
71,27.487
72,27.484
73,27.481
74,27.478
75,27.475
76,27.472
77,27.469
78,27.466
79,27.462
80,27.459
81,27.455
82,27.451
83,27.447
84,27.442
85,27.438
86,27.433
87,27.427
88,27.422
89,27.415
90,27.409
91,27.402
92,27.394
93,27.386
94,27.377
95,27.368
96,27.357
97,27.346
98,27.334
99,27.321
100,27.307
101,27.291
102,27.274
103,27.256
104,27.235
105,27.213
106,27.189
107,27.163
108,27.134
109,27.103
110,27.068
111,27.031
112,26.99
113,26.945
114,26.896
115,26.842
116,26.783
117,26.719
118,26.648
119,26.571
120,26.488
121,26.396
122,26.296
123,26.187
124,26.069
125,25.94
126,25.799
127,25.647
128,25.482
129,25.302
130,25.108
131,24.899
132,24.672
133,24.428
134,24.166
135,23.884
136,23.581
137,23.257
138,22.911
139,22.542
140,22.148
141,21.731
142,21.287
143,20.818
144,20.322
145,19.8
146,19.25
147,18.673
148,18.068
149,17.435
150,16.774
151,16.086
152,15.37
153,14.626
154,13.855
155,13.057
156,12.233
157,11.382
158,10.506
159,9.6048
160,8.6788
161,7.7288
162,6.7552
163,5.7587
164,4.7398
165,3.6992
166,2.6375
167,1.5551
168,0.45284
169,-0.66881
170,-1.8093
171,-2.9679
172,-4.1442
173,-5.3376
174,-6.5476
175,-7.7736
176,-9.0151
177,-10.272
178,-11.543
179,-12.828
180,-14.127
181,-15.439
182,-16.764
183,-18.101
184,-19.45
185,-20.81
186,-22.182
187,-23.565
188,-24.958
189,-26.362
190,-27.775
191,-29.198
192,-30.63
193,-32.072
194,-33.522
195,-34.98
196,-36.447
197,-37.921
198,-39.404
199,-40.893
200,-42.391
