0,27.42
1,27.418
2,27.417
3,27.415
4,27.413
5,27.411
6,27.409
7,27.408
8,27.406
9,27.404
10,27.402
11,27.4
12,27.398
13,27.397
14,27.395
15,27.393
16,27.391
17,27.389
18,27.387
19,27.386
20,27.384
21,27.382
22,27.38
23,27.378
24,27.376
25,27.374
26,27.373
27,27.371
28,27.369
29,27.367
30,27.365
31,27.363
32,27.362
33,27.36
34,27.358
35,27.356
36,27.354
37,27.352
38,27.351
39,27.349
40,27.347
41,27.345
42,27.343
43,27.341
44,27.339
45,27.337
46,27.336
47,27.334
48,27.332
49,27.33
50,27.328
51,27.326
52,27.324
53,27.322
54,27.32
55,27.318
56,27.316
57,27.314
58,27.312
59,27.31
60,27.308
61,27.306
62,27.304
63,27.302
64,27.3
65,27.298
66,27.296
67,27.294
68,27.291
69,27.289
70,27.287
71,27.284
72,27.282
73,27.279
74,27.277
75,27.274
76,27.272
77,27.269
78,27.266
79,27.263
80,27.26
81,27.256
82,27.253
83,27.249
84,27.245
85,27.241
86,27.237
87,27.232
88,27.228
89,27.223
90,27.217
91,27.211
92,27.205
93,27.198
94,27.191
95,27.184
96,27.175
97,27.166
98,27.157
99,27.146
100,27.135
101,27.122
102,27.109
103,27.094
104,27.078
105,27.061
106,27.042
107,27.021
108,26.998
109,26.974
110,26.947
111,26.917
112,26.885
113,26.849
114,26.81
115,26.768
116,26.721
117,26.671
118,26.615
119,26.554
120,26.487
121,26.415
122,26.335
123,26.248
124,26.153
125,26.05
126,25.937
127,25.814
128,25.68
129,25.534
130,25.376
131,25.205
132,25.019
133,24.817
134,24.6
135,24.365
136,24.112
137,23.84
138,23.548
139,23.235
140,22.899
141,22.541
142,22.159
143,21.753
144,21.321
145,20.864
146,20.38
147,19.87
148,19.332
149,18.766
150,18.173
151,17.552
152,16.902
153,16.225
154,15.52
155,14.787
156,14.026
157,13.238
158,12.424
159,11.583
160,10.716
161,9.8231
162,8.9056
163,7.9637
164,6.9979
165,6.0088
166,4.997
167,3.9631
168,2.9078
169,1.8316
170,0.73508
171,-0.38106
172,-1.5163
173,-2.67
174,-3.8416
175,-5.0306
176,-6.2364
177,-7.4584
178,-8.6962
179,-9.9493
180,-11.217
181,-12.499
182,-13.795
183,-15.104
184,-16.426
185,-17.761
186,-19.108
187,-20.466
188,-21.836
189,-23.217
190,-24.609
191,-26.011
192,-27.423
193,-28.844
194,-30.275
195,-31.715
196,-33.164
197,-34.621
198,-36.087
199,-37.561
200,-39.042
