0,28.665
1,28.663
2,28.661
3,28.66
4,28.658
5,28.656
6,28.654
7,28.652
8,28.65
9,28.649
10,28.647
11,28.645
12,28.643
13,28.641
14,28.639
15,28.638
16,28.636
17,28.634
18,28.632
19,28.63
20,28.628
21,28.627
22,28.625
23,28.623
24,28.621
25,28.619
26,28.617
27,28.616
28,28.614
29,28.612
30,28.61
31,28.608
32,28.606
33,28.605
34,28.603
35,28.601
36,28.599
37,28.597
38,28.595
39,28.594
40,28.592
41,28.59
42,28.588
43,28.586
44,28.584
45,28.582
46,28.581
47,28.579
48,28.577
49,28.575
50,28.573
51,28.571
52,28.569
53,28.568
54,28.566
55,28.564
56,28.562
57,28.56
58,28.558
59,28.556
60,28.554
61,28.552
62,28.55
63,28.548
64,28.546
65,28.544
66,28.542
67,28.54
68,28.538
69,28.536
70,28.534
71,28.532
72,28.53
73,28.528
74,28.525
75,28.523
76,28.521
77,28.519
78,28.516
79,28.514
80,28.511
81,28.508
82,28.506
83,28.503
84,28.5
85,28.497
86,28.494
87,28.491
88,28.487
89,28.484
90,28.48
91,28.476
92,28.472
93,28.467
94,28.462
95,28.457
96,28.452
97,28.446
98,28.44
99,28.433
100,28.426
101,28.418
102,28.41
103,28.401
104,28.391
105,28.381
106,28.369
107,28.357
108,28.343
109,28.328
110,28.312
111,28.295
112,28.275
113,28.254
114,28.231
115,28.206
116,28.178
117,28.148
118,28.115
119,28.079
120,28.039
121,27.995
122,27.947
123,27.895
124,27.837
125,27.774
126,27.705
127,27.63
128,27.547
129,27.457
130,27.358
131,27.25
132,27.132
133,27.004
134,26.864
135,26.712
136,26.547
137,26.367
138,26.172
139,25.961
140,25.733
141,25.487
142,25.222
143,24.936
144,24.63
145,24.301
146,23.949
147,23.574
148,23.174
149,22.748
150,22.297
151,21.818
152,21.313
153,20.779
154,20.218
155,19.629
156,19.011
157,18.365
158,17.69
159,16.987
160,16.255
161,15.496
162,14.709
163,13.894
164,13.053
165,12.185
166,11.292
167,10.373
168,9.4294
169,8.4615
170,7.47
171,6.4555
172,5.4187
173,4.3601
174,3.2804
175,2.1803
176,1.0602
177,-0.079049
178,-1.237
179,-2.413
180,-3.6065
181,-4.8169
182,-6.0437
183,-7.2864
184,-8.5443
185,-9.8171
186,-11.104
187,-12.405
188,-13.72
189,-15.047
190,-16.387
191,-17.739
192,-19.103
193,-20.478
194,-21.864
195,-23.261
196,-24.668
197,-26.085
198,-27.512
199,-28.948
200,-30.394
