0,11.4
1,11.398
2,11.396
3,11.394
4,11.393
5,11.391
6,11.389
7,11.387
8,11.385
9,11.383
10,11.382
11,11.38
12,11.378
13,11.376
14,11.374
15,11.372
16,11.371
17,11.369
18,11.367
19,11.365
20,11.363
21,11.361
22,11.36
23,11.358
24,11.356
25,11.354
26,11.352
27,11.35
28,11.349
29,11.347
30,11.345
31,11.343
32,11.341
33,11.339
34,11.338
35,11.336
36,11.334
37,11.332
38,11.33
39,11.328
40,11.327
41,11.325
42,11.323
43,11.321
44,11.319
45,11.318
46,11.316
47,11.314
48,11.312
49,11.31
50,11.308
51,11.307
52,11.305
53,11.303
54,11.301
55,11.299
56,11.297
57,11.296
58,11.294
59,11.292
60,11.29
61,11.288
62,11.286
63,11.285
64,11.283
65,11.281
66,11.279
67,11.277
68,11.275
69,11.274
70,11.272
71,11.27
72,11.268
73,11.266
74,11.264
75,11.262
76,11.261
77,11.259
78,11.257
79,11.255
80,11.253
81,11.251
82,11.25
83,11.248
84,11.246
85,11.244
86,11.242
87,11.24
88,11.238
89,11.237
90,11.235
91,11.233
92,11.231
93,11.229
94,11.227
95,11.225
96,11.223
97,11.221
98,11.219
99,11.217
100,11.215
101,11.213
102,11.211
103,11.209
104,11.207
105,11.205
106,11.203
107,11.201
108,11.199
109,11.197
110,11.195
111,11.192
112,11.19
113,11.188
114,11.185
115,11.183
116,11.18
117,11.177
118,11.175
119,11.172
120,11.169
121,11.166
122,11.162
123,11.159
124,11.155
125,11.152
126,11.147
127,11.143
128,11.139
129,11.134
130,11.129
131,11.123
132,11.117
133,11.111
134,11.104
135,11.096
136,11.088
137,11.079
138,11.069
139,11.059
140,11.047
141,11.035
142,11.021
143,11.006
144,10.989
145,10.971
146,10.951
147,10.929
148,10.904
149,10.878
150,10.848
151,10.816
152,10.78
153,10.74
154,10.697
155,10.648
156,10.595
157,10.537
158,10.473
159,10.402
160,10.324
161,10.238
162,10.143
163,10.039
164,9.9251
165,9.7999
166,9.6628
167,9.5127
168,9.3486
169,9.1694
170,8.9742
171,8.7616
172,8.5307
173,8.2803
174,8.0092
175,7.7163
176,7.4005
177,7.0608
178,6.696
179,6.3054
180,5.8879
181,5.4428
182,4.9694
183,4.467
184,3.9353
185,3.3737
186,2.782
187,2.16
188,1.5077
189,0.82504
190,0.11219
191,-0.63063
192,-1.4031
193,-2.2049
194,-3.0355
195,-3.8944
196,-4.781
197,-5.6949
198,-6.6352
199,-7.6014
200,-8.5928
