0,13.404
1,13.402
2,13.4
3,13.399
4,13.397
5,13.395
6,13.393
7,13.391
8,13.389
9,13.388
10,13.386
11,13.384
12,13.382
13,13.38
14,13.378
15,13.377
16,13.375
17,13.373
18,13.371
19,13.369
20,13.367
21,13.366
22,13.364
23,13.362
24,13.36
25,13.358
26,13.356
27,13.355
28,13.353
29,13.351
30,13.349
31,13.347
32,13.345
33,13.344
34,13.342
35,13.34
36,13.338
37,13.336
38,13.334
39,13.333
40,13.331
41,13.329
42,13.327
43,13.325
44,13.323
45,13.322
46,13.32
47,13.318
48,13.316
49,13.314
50,13.312
51,13.31
52,13.309
53,13.307
54,13.305
55,13.303
56,13.301
57,13.299
58,13.298
59,13.296
60,13.294
61,13.292
62,13.29
63,13.288
64,13.286
65,13.284
66,13.282
67,13.281
68,13.279
69,13.277
70,13.275
71,13.273
72,13.271
73,13.269
74,13.267
75,13.265
76,13.263
77,13.261
78,13.259
79,13.257
80,13.255
81,13.252
82,13.25
83,13.248
84,13.246
85,13.244
86,13.241
87,13.239
88,13.236
89,13.234
90,13.231
91,13.229
92,13.226
93,13.223
94,13.22
95,13.217
96,13.214
97,13.21
98,13.207
99,13.203
100,13.199
101,13.195
102,13.19
103,13.186
104,13.181
105,13.175
106,13.17
107,13.164
108,13.157
109,13.15
110,13.143
111,13.135
112,13.126
113,13.116
114,13.106
115,13.095
116,13.082
117,13.069
118,13.055
119,13.039
120,13.022
121,13.003
122,12.982
123,12.96
124,12.935
125,12.908
126,12.878
127,12.846
128,12.81
129,12.771
130,12.728
131,12.681
132,12.63
133,12.573
134,12.511
135,12.444
136,12.369
137,12.288
138,12.199
139,12.102
140,11.996
141,11.88
142,11.753
143,11.616
144,11.465
145,11.302
146,11.125
147,10.932
148,10.724
149,10.499
150,10.255
151,9.9926
152,9.71
153,9.4064
154,9.0808
155,8.7322
156,8.3598
157,7.9627
158,7.5402
159,7.0917
160,6.6164
161,6.1138
162,5.5836
163,5.0253
164,4.4386
165,3.8235
166,3.1798
167,2.5076
168,1.8068
169,1.0778
170,0.32062
171,-0.4643
172,-1.2766
173,-2.1159
174,-2.9818
175,-3.8737
176,-4.791
177,-5.7333
178,-6.6998
179,-7.6901
180,-8.7035
181,-9.7393
182,-10.797
183,-11.876
184,-12.975
185,-14.095
186,-15.233
187,-16.391
188,-17.567
189,-18.76
190,-19.97
191,-21.196
192,-22.439
193,-23.697
194,-24.97
195,-26.257
196,-27.558
197,-28.872
198,-30.2
199,-31.54
200,-32.892
