0,17.617
1,17.615
2,17.613
3,17.611
4,17.609
5,17.607
6,17.606
7,17.604
8,17.602
9,17.6
10,17.598
11,17.596
12,17.595
13,17.593
14,17.591
15,17.589
16,17.587
17,17.585
18,17.584
19,17.582
20,17.58
21,17.578
22,17.576
23,17.574
24,17.573
25,17.571
26,17.569
27,17.567
28,17.565
29,17.563
30,17.562
31,17.56
32,17.558
33,17.556
34,17.554
35,17.552
36,17.551
37,17.549
38,17.547
39,17.545
40,17.543
41,17.541
42,17.54
43,17.538
44,17.536
45,17.534
46,17.532
47,17.53
48,17.529
49,17.527
50,17.525
51,17.523
52,17.521
53,17.519
54,17.517
55,17.516
56,17.514
57,17.512
58,17.51
59,17.508
60,17.506
61,17.504
62,17.502
63,17.5
64,17.498
65,17.497
66,17.495
67,17.493
68,17.491
69,17.489
70,17.487
71,17.485
72,17.483
73,17.481
74,17.478
75,17.476
76,17.474
77,17.472
78,17.47
79,17.468
80,17.465
81,17.463
82,17.46
83,17.458
84,17.455
85,17.453
86,17.45
87,17.447
88,17.445
89,17.442
90,17.439
91,17.435
92,17.432
93,17.428
94,17.425
95,17.421
96,17.417
97,17.412
98,17.408
99,17.403
100,17.397
101,17.392
102,17.386
103,17.379
104,17.372
105,17.365
106,17.357
107,17.348
108,17.339
109,17.329
110,17.318
111,17.306
112,17.292
113,17.278
114,17.263
115,17.246
116,17.227
117,17.207
118,17.185
119,17.161
120,17.134
121,17.105
122,17.073
123,17.039
124,17.001
125,16.959
126,16.913
127,16.863
128,16.808
129,16.748
130,16.682
131,16.61
132,16.531
133,16.444
134,16.35
135,16.247
136,16.134
137,16.011
138,15.878
139,15.732
140,15.574
141,15.402
142,15.215
143,15.013
144,14.795
145,14.558
146,14.304
147,14.03
148,13.735
149,13.419
150,13.08
151,12.718
152,12.332
153,11.921
154,11.485
155,11.022
156,10.532
157,10.015
158,9.4707
159,8.898
160,8.2971
161,7.6677
162,7.01
163,6.324
164,5.6097
165,4.8673
166,4.0972
167,3.2997
168,2.4751
169,1.6239
170,0.74659
171,-0.15636
172,-1.0844
173,-2.0369
174,-3.0134
175,-4.0131
176,-5.0356
177,-6.0801
178,-7.1461
179,-8.2328
180,-9.3398
181,-10.466
182,-11.612
183,-12.776
184,-13.958
185,-15.157
186,-16.373
187,-17.604
188,-18.852
189,-20.115
190,-21.392
191,-22.683
192,-23.988
193,-25.307
194,-26.638
195,-27.981
196,-29.337
197,-30.704
198,-32.082
199,-33.472
200,-34.871
