0,25.74
1,25.738
2,25.736
3,25.735
4,25.733
5,25.731
6,25.729
7,25.727
8,25.725
9,25.724
10,25.722
11,25.72
12,25.718
13,25.716
14,25.714
15,25.713
16,25.711
17,25.709
18,25.707
19,25.705
20,25.703
21,25.702
22,25.7
23,25.698
24,25.696
25,25.694
26,25.692
27,25.691
28,25.689
29,25.687
30,25.685
31,25.683
32,25.681
33,25.68
34,25.678
35,25.676
36,25.674
37,25.672
38,25.67
39,25.669
40,25.667
41,25.665
42,25.663
43,25.661
44,25.659
45,25.658
46,25.656
47,25.654
48,25.652
49,25.65
50,25.648
51,25.646
52,25.644
53,25.643
54,25.641
55,25.639
56,25.637
57,25.635
58,25.633
59,25.631
60,25.629
61,25.627
62,25.626
63,25.624
64,25.622
65,25.62
66,25.618
67,25.616
68,25.614
69,25.612
70,25.61
71,25.607
72,25.605
73,25.603
74,25.601
75,25.599
76,25.597
77,25.594
78,25.592
79,25.59
80,25.587
81,25.585
82,25.582
83,25.579
84,25.577
85,25.574
86,25.571
87,25.568
88,25.565
89,25.561
90,25.558
91,25.554
92,25.55
93,25.546
94,25.542
95,25.537
96,25.532
97,25.527
98,25.521
99,25.515
100,25.509
101,25.502
102,25.495
103,25.487
104,25.478
105,25.469
106,25.459
107,25.448
108,25.436
109,25.423
110,25.409
111,25.393
112,25.376
113,25.358
114,25.338
115,25.316
116,25.292
117,25.265
118,25.237
119,25.205
120,25.17
121,25.132
122,25.091
123,25.045
124,24.995
125,24.94
126,24.88
127,24.814
128,24.742
129,24.664
130,24.577
131,24.483
132,24.38
133,24.267
134,24.145
135,24.011
136,23.865
137,23.707
138,23.535
139,23.348
140,23.146
141,22.927
142,22.69
143,22.435
144,22.16
145,21.865
146,21.548
147,21.208
148,20.845
149,20.458
150,20.046
151,19.608
152,19.144
153,18.652
154,18.134
155,17.587
156,17.013
157,16.409
158,15.778
159,15.118
160,14.43
161,13.713
162,12.968
163,12.195
164,11.395
165,10.568
166,9.7142
167,8.8342
168,7.9285
169,6.9977
170,6.0424
171,5.0631
172,4.0606
173,3.0353
174,1.9881
175,0.91932
176,-0.17022
177,-1.28
178,-2.4093
179,-3.5575
180,-4.7242
181,-5.9086
182,-7.1103
183,-8.3286
184,-9.563
185,-10.813
186,-12.078
187,-13.358
188,-14.652
189,-15.959
190,-17.28
191,-18.613
192,-19.959
193,-21.317
194,-22.686
195,-24.067
196,-25.458
197,-26.86
198,-28.272
199,-29.693
200,-31.125
