0,27.904
1,27.902
2,27.901
3,27.899
4,27.897
5,27.895
6,27.893
7,27.891
8,27.89
9,27.888
10,27.886
11,27.884
12,27.882
13,27.88
14,27.879
15,27.877
16,27.875
17,27.873
18,27.871
19,27.869
20,27.868
21,27.866
22,27.864
23,27.862
24,27.86
25,27.858
26,27.857
27,27.855
28,27.853
29,27.851
30,27.849
31,27.847
32,27.846
33,27.844
34,27.842
35,27.84
36,27.838
37,27.836
38,27.835
39,27.833
40,27.831
41,27.829
42,27.827
43,27.825
44,27.824
45,27.822
46,27.82
47,27.818
48,27.816
49,27.814
50,27.813
51,27.811
52,27.809
53,27.807
54,27.805
55,27.803
56,27.801
57,27.8
58,27.798
59,27.796
60,27.794
61,27.792
62,27.79
63,27.788
64,27.787
65,27.785
66,27.783
67,27.781
68,27.779
69,27.777
70,27.775
71,27.773
72,27.771
73,27.769
74,27.767
75,27.765
76,27.763
77,27.761
78,27.759
79,27.757
80,27.755
81,27.753
82,27.751
83,27.749
84,27.746
85,27.744
86,27.742
87,27.74
88,27.737
89,27.735
90,27.732
91,27.73
92,27.727
93,27.724
94,27.721
95,27.718
96,27.715
97,27.712
98,27.708
99,27.705
100,27.701
101,27.697
102,27.693
103,27.688
104,27.683
105,27.678
106,27.673
107,27.667
108,27.661
109,27.654
110,27.647
111,27.639
112,27.63
113,27.621
114,27.611
115,27.6
116,27.588
117,27.575
118,27.561
119,27.546
120,27.529
121,27.51
122,27.49
123,27.468
124,27.444
125,27.417
126,27.388
127,27.355
128,27.32
129,27.281
130,27.239
131,27.192
132,27.14
133,27.084
134,27.022
135,26.954
136,26.879
137,26.797
138,26.708
139,26.609
140,26.502
141,26.384
142,26.256
143,26.115
144,25.962
145,25.796
146,25.614
147,25.418
148,25.204
149,24.973
150,24.723
151,24.453
152,24.163
153,23.85
154,23.515
155,23.156
156,22.772
157,22.363
158,21.928
159,21.465
160,20.975
161,20.457
162,19.911
163,19.335
164,18.731
165,18.097
166,17.435
167,16.743
168,16.023
169,15.273
170,14.495
171,13.69
172,12.856
173,11.996
174,11.108
175,10.195
176,9.2562
177,8.2925
178,7.3045
179,6.293
180,5.2585
181,4.2017
182,3.1232
183,2.0238
184,0.90401
185,-0.23548
186,-1.394
187,-2.5711
188,-3.7659
189,-4.9781
190,-6.2069
191,-7.4519
192,-8.7124
193,-9.9881
194,-11.278
195,-12.583
196,-13.9
197,-15.232
198,-16.575
199,-17.931
200,-19.299
