0,16.274
1,16.272
2,16.271
3,16.269
4,16.267
5,16.265
6,16.263
7,16.261
8,16.26
9,16.258
10,16.256
11,16.254
12,16.252
13,16.25
14,16.249
15,16.247
16,16.245
17,16.243
18,16.241
19,16.239
20,16.238
21,16.236
22,16.234
23,16.232
24,16.23
25,16.228
26,16.227
27,16.225
28,16.223
29,16.221
30,16.219
31,16.217
32,16.216
33,16.214
34,16.212
35,16.21
36,16.208
37,16.206
38,16.204
39,16.203
40,16.201
41,16.199
42,16.197
43,16.195
44,16.193
45,16.191
46,16.19
47,16.188
48,16.186
49,16.184
50,16.182
51,16.18
52,16.178
53,16.176
54,16.174
55,16.172
56,16.171
57,16.169
58,16.167
59,16.165
60,16.163
61,16.161
62,16.159
63,16.157
64,16.154
65,16.152
66,16.15
67,16.148
68,16.146
69,16.144
70,16.141
71,16.139
72,16.137
73,16.134
74,16.132
75,16.129
76,16.127
77,16.124
78,16.121
79,16.118
80,16.115
81,16.112
82,16.109
83,16.106
84,16.102
85,16.099
86,16.095
87,16.091
88,16.086
89,16.082
90,16.077
91,16.072
92,16.066
93,16.06
94,16.054
95,16.047
96,16.04
97,16.032
98,16.024
99,16.015
100,16.005
101,15.994
102,15.982
103,15.97
104,15.956
105,15.942
106,15.925
107,15.908
108,15.889
109,15.868
110,15.845
111,15.82
112,15.793
113,15.763
114,15.731
115,15.695
116,15.656
117,15.614
118,15.567
119,15.517
120,15.461
121,15.4
122,15.334
123,15.262
124,15.182
125,15.096
126,15.002
127,14.899
128,14.787
129,14.665
130,14.533
131,14.389
132,14.232
133,14.063
134,13.879
135,13.68
136,13.466
137,13.234
138,12.985
139,12.717
140,12.429
141,12.12
142,11.79
143,11.438
144,11.062
145,10.662
146,10.237
147,9.7869
148,9.3107
149,8.8081
150,8.2786
151,7.7219
152,7.1376
153,6.5257
154,5.886
155,5.2186
156,4.5234
157,3.8007
158,3.0507
159,2.2736
160,1.4697
161,0.63947
162,-0.21669
163,-1.0983
164,-2.0049
165,-2.936
166,-3.891
167,-4.8692
168,-5.8703
169,-6.8935
170,-7.9383
171,-9.004
172,-10.09
173,-11.196
174,-12.321
175,-13.465
176,-14.627
177,-15.806
178,-17.002
179,-18.215
180,-19.443
181,-20.687
182,-21.946
183,-23.22
184,-24.507
185,-25.808
186,-27.121
187,-28.448
188,-29.787
189,-31.137
190,-32.5
191,-33.873
192,-35.257
193,-36.652
194,-38.056
195,-39.471
196,-40.895
197,-42.328
198,-43.77
199,-45.221
200,-46.68
