0,19.942
1,19.94
2,19.938
3,19.936
4,19.935
5,19.933
6,19.931
7,19.929
8,19.927
9,19.926
10,19.924
11,19.922
12,19.92
13,19.918
14,19.916
15,19.915
16,19.913
17,19.911
18,19.909
19,19.907
20,19.905
21,19.904
22,19.902
23,19.9
24,19.898
25,19.896
26,19.894
27,19.893
28,19.891
29,19.889
30,19.887
31,19.885
32,19.883
33,19.882
34,19.88
35,19.878
36,19.876
37,19.874
38,19.872
39,19.871
40,19.869
41,19.867
42,19.865
43,19.863
44,19.861
45,19.86
46,19.858
47,19.856
48,19.854
49,19.852
50,19.85
51,19.849
52,19.847
53,19.845
54,19.843
55,19.841
56,19.839
57,19.838
58,19.836
59,19.834
60,19.832
61,19.83
62,19.828
63,19.827
64,19.825
65,19.823
66,19.821
67,19.819
68,19.817
69,19.815
70,19.814
71,19.812
72,19.81
73,19.808
74,19.806
75,19.804
76,19.802
77,19.801
78,19.799
79,19.797
80,19.795
81,19.793
82,19.791
83,19.789
84,19.787
85,19.785
86,19.783
87,19.782
88,19.78
89,19.778
90,19.776
91,19.774
92,19.772
93,19.769
94,19.767
95,19.765
96,19.763
97,19.761
98,19.759
99,19.757
100,19.754
101,19.752
102,19.749
103,19.747
104,19.744
105,19.742
106,19.739
107,19.736
108,19.733
109,19.73
110,19.727
111,19.724
112,19.72
113,19.717
114,19.713
115,19.709
116,19.704
117,19.7
118,19.695
119,19.69
120,19.684
121,19.678
122,19.671
123,19.664
124,19.657
125,19.649
126,19.64
127,19.63
128,19.619
129,19.608
130,19.595
131,19.581
132,19.566
133,19.55
134,19.532
135,19.512
136,19.49
137,19.466
138,19.44
139,19.411
140,19.379
141,19.343
142,19.305
143,19.262
144,19.215
145,19.164
146,19.107
147,19.044
148,18.975
149,18.9
150,18.817
151,18.725
152,18.625
153,18.515
154,18.395
155,18.263
156,18.119
157,17.962
158,17.79
159,17.603
160,17.4
161,17.179
162,16.939
163,16.68
164,16.4
165,16.099
166,15.774
167,15.425
168,15.052
169,14.652
170,14.226
171,13.773
172,13.292
173,12.782
174,12.243
175,11.675
176,11.077
177,10.449
178,9.7914
179,9.104
180,8.3869
181,7.6405
182,6.8649
183,6.0605
184,5.2279
185,4.3674
186,3.4797
187,2.5653
188,1.6249
189,0.65899
190,-0.33166
191,-1.3464
192,-2.3845
193,-3.4454
194,-4.5282
195,-5.6324
196,-6.7573
197,-7.9022
198,-9.0664
199,-10.249
200,-11.45
