0,24.869
1,24.867
2,24.865
3,24.863
4,24.862
5,24.86
6,24.858
7,24.856
8,24.854
9,24.852
10,24.851
11,24.849
12,24.847
13,24.845
14,24.843
15,24.841
16,24.84
17,24.838
18,24.836
19,24.834
20,24.832
21,24.83
22,24.829
23,24.827
24,24.825
25,24.823
26,24.821
27,24.819
28,24.818
29,24.816
30,24.814
31,24.812
32,24.81
33,24.808
34,24.807
35,24.805
36,24.803
37,24.801
38,24.799
39,24.797
40,24.796
41,24.794
42,24.792
43,24.79
44,24.788
45,24.786
46,24.785
47,24.783
48,24.781
49,24.779
50,24.777
51,24.775
52,24.773
53,24.772
54,24.77
55,24.768
56,24.766
57,24.764
58,24.762
59,24.76
60,24.759
61,24.757
62,24.755
63,24.753
64,24.751
65,24.749
66,24.747
67,24.745
68,24.743
69,24.741
70,24.739
71,24.737
72,24.735
73,24.733
74,24.731
75,24.729
76,24.727
77,24.725
78,24.723
79,24.721
80,24.718
81,24.716
82,24.714
83,24.712
84,24.709
85,24.707
86,24.704
87,24.701
88,24.699
89,24.696
90,24.693
91,24.69
92,24.687
93,24.684
94,24.68
95,24.677
96,24.673
97,24.669
98,24.665
99,24.66
100,24.656
101,24.65
102,24.645
103,24.639
104,24.633
105,24.627
106,24.619
107,24.612
108,24.603
109,24.594
110,24.584
111,24.574
112,24.562
113,24.55
114,24.536
115,24.521
116,24.505
117,24.487
118,24.467
119,24.446
120,24.423
121,24.397
122,24.369
123,24.338
124,24.304
125,24.267
126,24.227
127,24.182
128,24.133
129,24.08
130,24.021
131,23.956
132,23.886
133,23.808
134,23.723
135,23.63
136,23.529
137,23.418
138,23.297
139,23.164
140,23.02
141,22.863
142,22.693
143,22.507
144,22.306
145,22.088
146,21.853
147,21.599
148,21.325
149,21.03
150,20.714
151,20.375
152,20.012
153,19.625
154,19.212
155,18.774
156,18.308
157,17.816
158,17.296
159,16.747
160,16.171
161,15.565
162,14.931
163,14.268
164,13.577
165,12.857
166,12.108
167,11.332
168,10.527
169,9.6957
170,8.8373
171,7.9526
172,7.0421
173,6.1063
174,5.1459
175,4.1615
176,3.1537
177,2.1231
178,1.0704
179,-0.0037471
180,-1.0988
181,-2.214
182,-3.3489
183,-4.5027
184,-5.6749
185,-6.8648
186,-8.072
187,-9.2958
188,-10.536
189,-11.791
190,-13.062
191,-14.347
192,-15.646
193,-16.959
194,-18.285
195,-19.623
196,-20.974
197,-22.337
198,-23.711
199,-25.097
200,-26.493
