0,22.779
1,22.777
2,22.775
3,22.773
4,22.772
5,22.77
6,22.768
7,22.766
8,22.764
9,22.762
10,22.761
11,22.759
12,22.757
13,22.755
14,22.753
15,22.751
16,22.75
17,22.748
18,22.746
19,22.744
20,22.742
21,22.74
22,22.739
23,22.737
24,22.735
25,22.733
26,22.731
27,22.729
28,22.728
29,22.726
30,22.724
31,22.722
32,22.72
33,22.718
34,22.717
35,22.715
36,22.713
37,22.711
38,22.709
39,22.707
40,22.706
41,22.704
42,22.702
43,22.7
44,22.698
45,22.696
46,22.695
47,22.693
48,22.691
49,22.689
50,22.687
51,22.685
52,22.684
53,22.682
54,22.68
55,22.678
56,22.676
57,22.674
58,22.673
59,22.671
60,22.669
61,22.667
62,22.665
63,22.663
64,22.661
65,22.659
66,22.658
67,22.656
68,22.654
69,22.652
70,22.65
71,22.648
72,22.646
73,22.644
74,22.642
75,22.64
76,22.638
77,22.636
78,22.635
79,22.633
80,22.63
81,22.628
82,22.626
83,22.624
84,22.622
85,22.62
86,22.618
87,22.616
88,22.613
89,22.611
90,22.609
91,22.606
92,22.604
93,22.601
94,22.599
95,22.596
96,22.593
97,22.59
98,22.587
99,22.584
100,22.58
101,22.577
102,22.573
103,22.569
104,22.565
105,22.561
106,22.556
107,22.552
108,22.546
109,22.541
110,22.535
111,22.528
112,22.521
113,22.514
114,22.506
115,22.497
116,22.488
117,22.477
118,22.466
119,22.454
120,22.441
121,22.426
122,22.41
123,22.393
124,22.374
125,22.353
126,22.33
127,22.305
128,22.277
129,22.247
130,22.214
131,22.177
132,22.137
133,22.093
134,22.045
135,21.992
136,21.934
137,21.87
138,21.8
139,21.723
140,21.638
141,21.546
142,21.445
143,21.334
144,21.212
145,21.08
146,20.936
147,20.778
148,20.607
149,20.421
150,20.218
151,19.999
152,19.762
153,19.506
154,19.229
155,18.931
156,18.611
157,18.268
158,17.901
159,17.509
160,17.091
161,16.647
162,16.175
163,15.676
164,15.148
165,14.592
166,14.007
167,13.393
168,12.75
169,12.078
170,11.377
171,10.647
172,9.8877
173,9.1006
174,8.2855
175,7.443
176,6.5735
177,5.6775
178,4.7557
179,3.8085
180,2.8367
181,1.8408
182,0.82157
183,-0.22042
184,-1.2845
185,-2.37
186,-3.4763
187,-4.6027
188,-5.7486
189,-6.9133
190,-8.0963
191,-9.297
192,-10.515
193,-11.749
194,-12.999
195,-14.265
196,-15.545
197,-16.84
198,-18.149
199,-19.472
200,-20.807
