0,27.469
1,27.468
2,27.466
3,27.464
4,27.462
5,27.46
6,27.458
7,27.457
8,27.455
9,27.453
10,27.451
11,27.449
12,27.447
13,27.446
14,27.444
15,27.442
16,27.44
17,27.438
18,27.436
19,27.435
20,27.433
21,27.431
22,27.429
23,27.427
24,27.425
25,27.424
26,27.422
27,27.42
28,27.418
29,27.416
30,27.414
31,27.413
32,27.411
33,27.409
34,27.407
35,27.405
36,27.403
37,27.402
38,27.4
39,27.398
40,27.396
41,27.394
42,27.392
43,27.391
44,27.389
45,27.387
46,27.385
47,27.383
48,27.381
49,27.38
50,27.378
51,27.376
52,27.374
53,27.372
54,27.37
55,27.369
56,27.367
57,27.365
58,27.363
59,27.361
60,27.359
61,27.358
62,27.356
63,27.354
64,27.352
65,27.35
66,27.348
67,27.346
68,27.344
69,27.343
70,27.341
71,27.339
72,27.337
73,27.335
74,27.333
75,27.331
76,27.329
77,27.327
78,27.325
79,27.323
80,27.322
81,27.32
82,27.318
83,27.316
84,27.313
85,27.311
86,27.309
87,27.307
88,27.305
89,27.303
90,27.301
91,27.298
92,27.296
93,27.294
94,27.291
95,27.289
96,27.286
97,27.284
98,27.281
99,27.278
100,27.275
101,27.272
102,27.269
103,27.266
104,27.262
105,27.259
106,27.255
107,27.251
108,27.246
109,27.242
110,27.237
111,27.232
112,27.226
113,27.22
114,27.213
115,27.206
116,27.199
117,27.191
118,27.182
119,27.172
120,27.162
121,27.15
122,27.138
123,27.124
124,27.11
125,27.093
126,27.075
127,27.056
128,27.035
129,27.011
130,26.985
131,26.957
132,26.926
133,26.891
134,26.854
135,26.812
136,26.767
137,26.717
138,26.661
139,26.601
140,26.534
141,26.461
142,26.381
143,26.292
144,26.196
145,26.089
146,25.973
147,25.846
148,25.707
149,25.556
150,25.39
151,25.21
152,25.015
153,24.802
154,24.572
155,24.322
156,24.053
157,23.762
158,23.449
159,23.113
160,22.753
161,22.368
162,21.957
163,21.519
164,21.054
165,20.561
166,20.04
167,19.489
168,18.91
169,18.301
170,17.662
171,16.994
172,16.296
173,15.569
174,14.813
175,14.029
176,13.216
177,12.375
178,11.507
179,10.612
180,9.6904
181,8.7434
182,7.7715
183,6.7752
184,5.7552
185,4.7122
186,3.6468
187,2.5598
188,1.4518
189,0.32341
190,-0.82464
191,-1.9917
192,-3.1773
193,-4.3806
194,-5.6011
195,-6.8383
196,-8.0915
197,-9.3603
198,-10.644
199,-11.942
200,-13.254
