0,26.921
1,26.919
2,26.917
3,26.915
4,26.913
5,26.912
6,26.91
7,26.908
8,26.906
9,26.904
10,26.902
11,26.901
12,26.899
13,26.897
14,26.895
15,26.893
16,26.891
17,26.89
18,26.888
19,26.886
20,26.884
21,26.882
22,26.88
23,26.879
24,26.877
25,26.875
26,26.873
27,26.871
28,26.87
29,26.868
30,26.866
31,26.864
32,26.862
33,26.86
34,26.859
35,26.857
36,26.855
37,26.853
38,26.851
39,26.849
40,26.848
41,26.846
42,26.844
43,26.842
44,26.84
45,26.838
46,26.837
47,26.835
48,26.833
49,26.831
50,26.829
51,26.827
52,26.826
53,26.824
54,26.822
55,26.82
56,26.818
57,26.816
58,26.815
59,26.813
60,26.811
61,26.809
62,26.807
63,26.805
64,26.804
65,26.802
66,26.8
67,26.798
68,26.796
69,26.794
70,26.793
71,26.791
72,26.789
73,26.787
74,26.785
75,26.783
76,26.781
77,26.78
78,26.778
79,26.776
80,26.774
81,26.772
82,26.77
83,26.768
84,26.767
85,26.765
86,26.763
87,26.761
88,26.759
89,26.757
90,26.755
91,26.753
92,26.751
93,26.749
94,26.747
95,26.745
96,26.743
97,26.741
98,26.739
99,26.737
100,26.735
101,26.733
102,26.731
103,26.729
104,26.727
105,26.725
106,26.722
107,26.72
108,26.717
109,26.715
110,26.712
111,26.71
112,26.707
113,26.704
114,26.701
115,26.698
116,26.695
117,26.692
118,26.688
119,26.685
120,26.681
121,26.677
122,26.672
123,26.668
124,26.663
125,26.657
126,26.652
127,26.646
128,26.639
129,26.632
130,26.624
131,26.615
132,26.606
133,26.596
134,26.585
135,26.573
136,26.56
137,26.545
138,26.53
139,26.512
140,26.493
141,26.472
142,26.449
143,26.423
144,26.395
145,26.364
146,26.33
147,26.292
148,26.25
149,26.204
150,26.153
151,26.097
152,26.036
153,25.967
154,25.892
155,25.81
156,25.719
157,25.618
158,25.508
159,25.387
160,25.255
161,25.109
162,24.95
163,24.777
164,24.587
165,24.38
166,24.155
167,23.911
168,23.647
169,23.361
170,23.052
171,22.719
172,22.361
173,21.978
174,21.568
175,21.13
176,20.664
177,20.169
178,19.644
179,19.09
180,18.505
181,17.889
182,17.244
183,16.567
184,15.86
185,15.123
186,14.356
187,13.56
188,12.734
189,11.88
190,10.997
191,10.088
192,9.1511
193,8.1884
194,7.2002
195,6.1874
196,5.1505
197,4.0903
198,3.0075
199,1.9029
200,0.77711
