0,12.382
1,12.38
2,12.378
3,12.377
4,12.375
5,12.373
6,12.371
7,12.369
8,12.367
9,12.366
10,12.364
11,12.362
12,12.36
13,12.358
14,12.356
15,12.355
16,12.353
17,12.351
18,12.349
19,12.347
20,12.345
21,12.344
22,12.342
23,12.34
24,12.338
25,12.336
26,12.334
27,12.333
28,12.331
29,12.329
30,12.327
31,12.325
32,12.323
33,12.322
34,12.32
35,12.318
36,12.316
37,12.314
38,12.312
39,12.311
40,12.309
41,12.307
42,12.305
43,12.303
44,12.301
45,12.3
46,12.298
47,12.296
48,12.294
49,12.292
50,12.29
51,12.289
52,12.287
53,12.285
54,12.283
55,12.281
56,12.279
57,12.278
58,12.276
59,12.274
60,12.272
61,12.27
62,12.268
63,12.267
64,12.265
65,12.263
66,12.261
67,12.259
68,12.257
69,12.255
70,12.254
71,12.252
72,12.25
73,12.248
74,12.246
75,12.244
76,12.242
77,12.24
78,12.239
79,12.237
80,12.235
81,12.233
82,12.231
83,12.229
84,12.227
85,12.225
86,12.223
87,12.221
88,12.219
89,12.217
90,12.215
91,12.213
92,12.211
93,12.209
94,12.207
95,12.205
96,12.202
97,12.2
98,12.198
99,12.196
100,12.193
101,12.191
102,12.188
103,12.186
104,12.183
105,12.18
106,12.177
107,12.174
108,12.171
109,12.168
110,12.165
111,12.161
112,12.157
113,12.153
114,12.149
115,12.145
116,12.14
117,12.135
118,12.129
119,12.124
120,12.117
121,12.111
122,12.103
123,12.096
124,12.087
125,12.078
126,12.068
127,12.057
128,12.045
129,12.032
130,12.018
131,12.003
132,11.986
133,11.967
134,11.947
135,11.925
136,11.9
137,11.873
138,11.844
139,11.811
140,11.776
141,11.736
142,11.693
143,11.646
144,11.594
145,11.536
146,11.473
147,11.404
148,11.328
149,11.245
150,11.154
151,11.053
152,10.944
153,10.823
154,10.692
155,10.549
156,10.392
157,10.222
158,10.036
159,9.8344
160,9.6156
161,9.3786
162,9.1224
163,8.8458
164,8.5479
165,8.2275
166,7.8836
167,7.5154
168,7.122
169,6.7024
170,6.2561
171,5.7822
172,5.2803
173,4.7499
174,4.1905
175,3.602
176,2.9841
177,2.3368
178,1.6601
179,0.95403
180,0.21885
181,-0.5452
182,-1.3378
183,-2.1584
184,-3.0068
185,-3.8822
186,-4.7843
187,-5.7124
188,-6.6658
189,-7.6441
190,-8.6464
191,-9.6722
192,-10.721
193,-11.791
194,-12.883
195,-13.996
196,-15.129
197,-16.282
198,-17.453
199,-18.643
200,-19.85
