0,25.686
1,25.684
2,25.682
3,25.68
4,25.678
5,25.676
6,25.675
7,25.673
8,25.671
9,25.669
10,25.667
11,25.665
12,25.664
13,25.662
14,25.66
15,25.658
16,25.656
17,25.654
18,25.653
19,25.651
20,25.649
21,25.647
22,25.645
23,25.643
24,25.642
25,25.64
26,25.638
27,25.636
28,25.634
29,25.632
30,25.631
31,25.629
32,25.627
33,25.625
34,25.623
35,25.621
36,25.62
37,25.618
38,25.616
39,25.614
40,25.612
41,25.61
42,25.609
43,25.607
44,25.605
45,25.603
46,25.601
47,25.599
48,25.598
49,25.596
50,25.594
51,25.592
52,25.59
53,25.588
54,25.587
55,25.585
56,25.583
57,25.581
58,25.579
59,25.577
60,25.576
61,25.574
62,25.572
63,25.57
64,25.568
65,25.566
66,25.564
67,25.563
68,25.561
69,25.559
70,25.557
71,25.555
72,25.553
73,25.551
74,25.549
75,25.548
76,25.546
77,25.544
78,25.542
79,25.54
80,25.538
81,25.536
82,25.534
83,25.532
84,25.53
85,25.528
86,25.526
87,25.524
88,25.522
89,25.52
90,25.518
91,25.516
92,25.513
93,25.511
94,25.509
95,25.506
96,25.504
97,25.502
98,25.499
99,25.496
100,25.494
101,25.491
102,25.488
103,25.485
104,25.482
105,25.479
106,25.475
107,25.472
108,25.468
109,25.464
110,25.46
111,25.455
112,25.45
113,25.445
114,25.44
115,25.434
116,25.427
117,25.42
118,25.413
119,25.405
120,25.396
121,25.387
122,25.377
123,25.366
124,25.353
125,25.34
126,25.326
127,25.31
128,25.292
129,25.273
130,25.252
131,25.229
132,25.204
133,25.176
134,25.145
135,25.112
136,25.075
137,25.034
138,24.989
139,24.94
140,24.886
141,24.826
142,24.761
143,24.689
144,24.61
145,24.523
146,24.427
147,24.323
148,24.208
149,24.083
150,23.946
151,23.796
152,23.633
153,23.455
154,23.262
155,23.052
156,22.823
157,22.576
158,22.31
159,22.022
160,21.712
161,21.378
162,21.021
163,20.639
164,20.23
165,19.795
166,19.333
167,18.842
168,18.324
169,17.776
170,17.198
171,16.592
172,15.955
173,15.289
174,14.594
175,13.869
176,13.115
177,12.332
178,11.521
179,10.681
180,9.8145
181,8.9207
182,8.0005
183,7.0546
184,6.0836
185,5.0881
186,4.0688
187,3.0264
188,1.9616
189,0.87497
190,-0.23271
191,-1.3608
192,-2.5087
193,-3.6756
194,-4.8611
195,-6.0644
196,-7.285
197,-8.5223
198,-9.7757
199,-11.045
200,-12.329
