0,12.145
1,12.143
2,12.142
3,12.14
4,12.138
5,12.136
6,12.134
7,12.132
8,12.131
9,12.129
10,12.127
11,12.125
12,12.123
13,12.121
14,12.12
15,12.118
16,12.116
17,12.114
18,12.112
19,12.11
20,12.109
21,12.107
22,12.105
23,12.103
24,12.101
25,12.1
26,12.098
27,12.096
28,12.094
29,12.092
30,12.09
31,12.089
32,12.087
33,12.085
34,12.083
35,12.081
36,12.079
37,12.078
38,12.076
39,12.074
40,12.072
41,12.07
42,12.068
43,12.067
44,12.065
45,12.063
46,12.061
47,12.059
48,12.057
49,12.055
50,12.054
51,12.052
52,12.05
53,12.048
54,12.046
55,12.044
56,12.043
57,12.041
58,12.039
59,12.037
60,12.035
61,12.033
62,12.031
63,12.03
64,12.028
65,12.026
66,12.024
67,12.022
68,12.02
69,12.018
70,12.016
71,12.014
72,12.013
73,12.011
74,12.009
75,12.007
76,12.005
77,12.003
78,12.001
79,11.999
80,11.997
81,11.995
82,11.993
83,11.991
84,11.988
85,11.986
86,11.984
87,11.982
88,11.98
89,11.977
90,11.975
91,11.972
92,11.97
93,11.967
94,11.965
95,11.962
96,11.959
97,11.956
98,11.953
99,11.95
100,11.947
101,11.943
102,11.94
103,11.936
104,11.932
105,11.927
106,11.923
107,11.918
108,11.913
109,11.907
110,11.901
111,11.895
112,11.888
113,11.881
114,11.873
115,11.864
116,11.855
117,11.845
118,11.834
119,11.822
120,11.809
121,11.795
122,11.779
123,11.762
124,11.744
125,11.724
126,11.702
127,11.678
128,11.651
129,11.622
130,11.59
131,11.555
132,11.517
133,11.475
134,11.428
135,11.378
136,11.322
137,11.261
138,11.195
139,11.121
140,11.041
141,10.953
142,10.857
143,10.752
144,10.637
145,10.512
146,10.376
147,10.227
148,10.065
149,9.8886
150,9.6975
151,9.4903
152,9.266
153,9.0236
154,8.7621
155,8.4805
156,8.1778
157,7.8529
158,7.5049
159,7.133
160,6.7363
161,6.314
162,5.8655
163,5.39
164,4.8871
165,4.3564
166,3.7974
167,3.2098
168,2.5936
169,1.9487
170,1.2749
171,0.57255
172,-0.15833
173,-0.91746
174,-1.7045
175,-2.5191
176,-3.3609
177,-4.2293
178,-5.1238
179,-6.0439
180,-6.989
181,-7.9586
182,-8.9519
183,-9.9684
184,-11.007
185,-12.068
186,-13.15
187,-14.253
188,-15.376
189,-16.518
190,-17.679
191,-18.858
192,-20.054
193,-21.268
194,-22.498
195,-23.744
196,-25.005
197,-26.281
198,-27.571
199,-28.876
200,-30.193
