0,11.478
1,11.476
2,11.475
3,11.473
4,11.471
5,11.469
6,11.467
7,11.465
8,11.464
9,11.462
10,11.46
11,11.458
12,11.456
13,11.454
14,11.453
15,11.451
16,11.449
17,11.447
18,11.445
19,11.443
20,11.442
21,11.44
22,11.438
23,11.436
24,11.434
25,11.432
26,11.431
27,11.429
28,11.427
29,11.425
30,11.423
31,11.421
32,11.42
33,11.418
34,11.416
35,11.414
36,11.412
37,11.41
38,11.409
39,11.407
40,11.405
41,11.403
42,11.401
43,11.399
44,11.398
45,11.396
46,11.394
47,11.392
48,11.39
49,11.388
50,11.387
51,11.385
52,11.383
53,11.381
54,11.379
55,11.377
56,11.376
57,11.374
58,11.372
59,11.37
60,11.368
61,11.366
62,11.364
63,11.363
64,11.361
65,11.359
66,11.357
67,11.355
68,11.353
69,11.351
70,11.35
71,11.348
72,11.346
73,11.344
74,11.342
75,11.34
76,11.338
77,11.336
78,11.334
79,11.332
80,11.33
81,11.328
82,11.326
83,11.324
84,11.322
85,11.32
86,11.318
87,11.316
88,11.314
89,11.312
90,11.309
91,11.307
92,11.305
93,11.302
94,11.3
95,11.298
96,11.295
97,11.292
98,11.29
99,11.287
100,11.284
101,11.281
102,11.278
103,11.274
104,11.271
105,11.267
106,11.263
107,11.259
108,11.255
109,11.251
110,11.246
111,11.241
112,11.235
113,11.229
114,11.223
115,11.216
116,11.209
117,11.201
118,11.192
119,11.183
120,11.173
121,11.162
122,11.15
123,11.137
124,11.123
125,11.107
126,11.09
127,11.071
128,11.051
129,11.029
130,11.005
131,10.978
132,10.949
133,10.916
134,10.881
135,10.842
136,10.8
137,10.753
138,10.702
139,10.645
140,10.584
141,10.516
142,10.442
143,10.36
144,10.271
145,10.173
146,10.067
147,9.95
148,9.8225
149,9.6835
150,9.5319
151,9.3669
152,9.1875
153,8.9928
154,8.7816
155,8.553
156,8.306
157,8.0394
158,7.7523
159,7.4436
160,7.1124
161,6.7578
162,6.3788
163,5.9746
164,5.5444
165,5.0876
166,4.6035
167,4.0916
168,3.5516
169,2.983
170,2.3857
171,1.7594
172,1.1042
173,0.42009
174,-0.29283
175,-1.0344
176,-1.8042
177,-2.602
178,-3.4274
179,-4.2799
180,-5.1591
181,-6.0643
182,-6.995
183,-7.9507
184,-8.9306
185,-9.9342
186,-10.961
187,-12.01
188,-13.081
189,-14.173
190,-15.285
191,-16.417
192,-17.568
193,-18.738
194,-19.926
195,-21.131
196,-22.353
197,-23.591
198,-24.845
199,-26.115
200,-27.399
