0,14.2
1,14.198
2,14.196
3,14.194
4,14.192
5,14.191
6,14.189
7,14.187
8,14.185
9,14.183
10,14.181
11,14.18
12,14.178
13,14.176
14,14.174
15,14.172
16,14.17
17,14.169
18,14.167
19,14.165
20,14.163
21,14.161
22,14.159
23,14.158
24,14.156
25,14.154
26,14.152
27,14.15
28,14.148
29,14.147
30,14.145
31,14.143
32,14.141
33,14.139
34,14.137
35,14.136
36,14.134
37,14.132
38,14.13
39,14.128
40,14.126
41,14.125
42,14.123
43,14.121
44,14.119
45,14.117
46,14.115
47,14.114
48,14.112
49,14.11
50,14.108
51,14.106
52,14.104
53,14.102
54,14.1
55,14.099
56,14.097
57,14.095
58,14.093
59,14.091
60,14.089
61,14.087
62,14.085
63,14.083
64,14.081
65,14.08
66,14.078
67,14.076
68,14.074
69,14.072
70,14.07
71,14.068
72,14.065
73,14.063
74,14.061
75,14.059
76,14.057
77,14.055
78,14.052
79,14.05
80,14.048
81,14.045
82,14.043
83,14.04
84,14.038
85,14.035
86,14.032
87,14.03
88,14.027
89,14.023
90,14.02
91,14.017
92,14.013
93,14.01
94,14.006
95,14.002
96,13.997
97,13.993
98,13.988
99,13.982
100,13.977
101,13.971
102,13.965
103,13.958
104,13.95
105,13.942
106,13.934
107,13.924
108,13.914
109,13.903
110,13.891
111,13.879
112,13.864
113,13.849
114,13.832
115,13.814
116,13.794
117,13.773
118,13.749
119,13.723
120,13.694
121,13.663
122,13.629
123,13.592
124,13.551
125,13.506
126,13.457
127,13.404
128,13.345
129,13.281
130,13.21
131,13.133
132,13.049
133,12.957
134,12.857
135,12.747
136,12.628
137,12.498
138,12.356
139,12.202
140,12.035
141,11.854
142,11.657
143,11.445
144,11.215
145,10.967
146,10.701
147,10.414
148,10.106
149,9.777
150,9.4247
151,9.0488
152,8.6484
153,8.2228
154,7.7714
155,7.2936
156,6.7888
157,6.2566
158,5.6968
159,5.1089
160,4.4929
161,3.8488
162,3.1764
163,2.4759
164,1.7474
165,0.99123
166,0.2076
167,-0.6031
168,-1.4405
169,-2.3041
170,-3.1934
171,-4.108
172,-5.0472
173,-6.0104
174,-6.9972
175,-8.0069
176,-9.0388
177,-10.092
178,-11.167
179,-12.262
180,-13.377
181,-14.511
182,-15.664
183,-16.835
184,-18.023
185,-19.229
186,-20.45
187,-21.688
188,-22.941
189,-24.208
190,-25.491
191,-26.787
192,-28.096
193,-29.418
194,-30.753
195,-32.101
196,-33.46
197,-34.83
198,-36.212
199,-37.604
200,-39.006
