0,27.361
1,27.359
2,27.357
3,27.355
4,27.353
5,27.352
6,27.35
7,27.348
8,27.346
9,27.344
10,27.342
11,27.341
12,27.339
13,27.337
14,27.335
15,27.333
16,27.331
17,27.33
18,27.328
19,27.326
20,27.324
21,27.322
22,27.32
23,27.319
24,27.317
25,27.315
26,27.313
27,27.311
28,27.309
29,27.308
30,27.306
31,27.304
32,27.302
33,27.3
34,27.298
35,27.297
36,27.295
37,27.293
38,27.291
39,27.289
40,27.287
41,27.286
42,27.284
43,27.282
44,27.28
45,27.278
46,27.276
47,27.275
48,27.273
49,27.271
50,27.269
51,27.267
52,27.265
53,27.264
54,27.262
55,27.26
56,27.258
57,27.256
58,27.254
59,27.253
60,27.251
61,27.249
62,27.247
63,27.245
64,27.243
65,27.241
66,27.24
67,27.238
68,27.236
69,27.234
70,27.232
71,27.23
72,27.228
73,27.226
74,27.225
75,27.223
76,27.221
77,27.219
78,27.217
79,27.215
80,27.213
81,27.211
82,27.209
83,27.207
84,27.205
85,27.203
86,27.201
87,27.199
88,27.197
89,27.195
90,27.193
91,27.19
92,27.188
93,27.186
94,27.183
95,27.181
96,27.179
97,27.176
98,27.174
99,27.171
100,27.168
101,27.165
102,27.162
103,27.159
104,27.156
105,27.152
106,27.149
107,27.145
108,27.141
109,27.137
110,27.132
111,27.128
112,27.123
113,27.117
114,27.111
115,27.105
116,27.098
117,27.091
118,27.083
119,27.074
120,27.065
121,27.055
122,27.044
123,27.032
124,27.019
125,27.004
126,26.989
127,26.971
128,26.952
129,26.932
130,26.909
131,26.884
132,26.856
133,26.826
134,26.793
135,26.756
136,26.716
137,26.672
138,26.623
139,26.57
140,26.511
141,26.446
142,26.375
143,26.297
144,26.211
145,26.117
146,26.014
147,25.9
148,25.777
149,25.641
150,25.493
151,25.332
152,25.156
153,24.964
154,24.756
155,24.53
156,24.286
157,24.022
158,23.736
159,23.429
160,23.099
161,22.745
162,22.366
163,21.961
164,21.529
165,21.07
166,20.584
167,20.068
168,19.524
169,18.951
170,18.348
171,17.715
172,17.053
173,16.361
174,15.64
175,14.89
176,14.111
177,13.303
178,12.467
179,11.604
180,10.713
181,9.7966
182,8.8539
183,7.8861
184,6.8937
185,5.8774
186,4.8379
187,3.7759
188,2.6921
189,1.5871
190,0.46156
191,-0.6838
192,-1.8484
193,-3.0315
194,-4.2325
195,-5.451
196,-6.6861
197,-7.9375
198,-9.2045
199,-10.487
200,-11.783
