0,16.419
1,16.417
2,16.415
3,16.413
4,16.411
5,16.41
6,16.408
7,16.406
8,16.404
9,16.402
10,16.4
11,16.399
12,16.397
13,16.395
14,16.393
15,16.391
16,16.389
17,16.388
18,16.386
19,16.384
20,16.382
21,16.38
22,16.378
23,16.377
24,16.375
25,16.373
26,16.371
27,16.369
28,16.367
29,16.366
30,16.364
31,16.362
32,16.36
33,16.358
34,16.356
35,16.355
36,16.353
37,16.351
38,16.349
39,16.347
40,16.345
41,16.344
42,16.342
43,16.34
44,16.338
45,16.336
46,16.334
47,16.333
48,16.331
49,16.329
50,16.327
51,16.325
52,16.323
53,16.322
54,16.32
55,16.318
56,16.316
57,16.314
58,16.312
59,16.311
60,16.309
61,16.307
62,16.305
63,16.303
64,16.301
65,16.3
66,16.298
67,16.296
68,16.294
69,16.292
70,16.29
71,16.289
72,16.287
73,16.285
74,16.283
75,16.281
76,16.279
77,16.277
78,16.276
79,16.274
80,16.272
81,16.27
82,16.268
83,16.266
84,16.264
85,16.263
86,16.261
87,16.259
88,16.257
89,16.255
90,16.253
91,16.251
92,16.249
93,16.247
94,16.245
95,16.243
96,16.241
97,16.239
98,16.237
99,16.235
100,16.233
101,16.231
102,16.229
103,16.227
104,16.225
105,16.222
106,16.22
107,16.218
108,16.215
109,16.213
110,16.21
111,16.208
112,16.205
113,16.202
114,16.199
115,16.196
116,16.193
117,16.19
118,16.186
119,16.182
120,16.179
121,16.174
122,16.17
123,16.165
124,16.161
125,16.155
126,16.15
127,16.143
128,16.137
129,16.13
130,16.122
131,16.114
132,16.105
133,16.095
134,16.084
135,16.072
136,16.059
137,16.045
138,16.03
139,16.013
140,15.994
141,15.974
142,15.951
143,15.926
144,15.899
145,15.869
146,15.836
147,15.8
148,15.76
149,15.716
150,15.667
151,15.613
152,15.554
153,15.489
154,15.417
155,15.339
156,15.252
157,15.157
158,15.052
159,14.937
160,14.811
161,14.673
162,14.523
163,14.358
164,14.178
165,13.983
166,13.77
167,13.539
168,13.288
169,13.017
170,12.724
171,12.409
172,12.069
173,11.705
174,11.316
175,10.899
176,10.455
177,9.9836
178,9.483
179,8.9533
180,8.394
181,7.8047
182,7.1854
183,6.536
184,5.8565
185,5.1469
186,4.4076
187,3.6387
188,2.8407
189,2.0141
190,1.1592
191,0.27664
192,-0.63296
193,-1.569
194,-2.5308
195,-3.5178
196,-4.5292
197,-5.5643
198,-6.6225
199,-7.703
200,-8.8051
