0,12.099
1,12.097
2,12.095
3,12.093
4,12.091
5,12.09
6,12.088
7,12.086
8,12.084
9,12.082
10,12.08
11,12.079
12,12.077
13,12.075
14,12.073
15,12.071
16,12.069
17,12.068
18,12.066
19,12.064
20,12.062
21,12.06
22,12.058
23,12.057
24,12.055
25,12.053
26,12.051
27,12.049
28,12.047
29,12.046
30,12.044
31,12.042
32,12.04
33,12.038
34,12.036
35,12.035
36,12.033
37,12.031
38,12.029
39,12.027
40,12.025
41,12.024
42,12.022
43,12.02
44,12.018
45,12.016
46,12.014
47,12.013
48,12.011
49,12.009
50,12.007
51,12.005
52,12.003
53,12.002
54,12
55,11.998
56,11.996
57,11.994
58,11.992
59,11.99
60,11.989
61,11.987
62,11.985
63,11.983
64,11.981
65,11.979
66,11.977
67,11.976
68,11.974
69,11.972
70,11.97
71,11.968
72,11.966
73,11.964
74,11.962
75,11.96
76,11.958
77,11.956
78,11.954
79,11.952
80,11.95
81,11.948
82,11.946
83,11.944
84,11.942
85,11.94
86,11.938
87,11.936
88,11.934
89,11.931
90,11.929
91,11.927
92,11.924
93,11.922
94,11.919
95,11.917
96,11.914
97,11.911
98,11.908
99,11.905
100,11.902
101,11.899
102,11.896
103,11.892
104,11.888
105,11.884
106,11.88
107,11.876
108,11.871
109,11.866
110,11.86
111,11.855
112,11.848
113,11.842
114,11.835
115,11.827
116,11.818
117,11.809
118,11.8
119,11.789
120,11.777
121,11.765
122,11.751
123,11.736
124,11.72
125,11.702
126,11.682
127,11.661
128,11.637
129,11.611
130,11.583
131,11.552
132,11.518
133,11.481
134,11.44
135,11.395
136,11.345
137,11.291
138,11.232
139,11.167
140,11.095
141,11.017
142,10.931
143,10.838
144,10.735
145,10.623
146,10.5
147,10.367
148,10.221
149,10.062
150,9.8894
151,9.7019
152,9.4986
153,9.2783
154,9.0401
155,8.783
156,8.5059
157,8.2078
158,7.8878
159,7.5447
160,7.1779
161,6.7863
162,6.3692
163,5.9259
164,5.4557
165,4.9581
166,4.4326
167,3.8788
168,3.2965
169,2.6854
170,2.0454
171,1.3766
172,0.67904
173,-0.04716
174,-0.80174
175,-1.5844
176,-2.3948
177,-3.2324
178,-4.0969
179,-4.9877
180,-5.9042
181,-6.8459
182,-7.8122
183,-8.8024
184,-9.8159
185,-10.852
186,-11.91
187,-12.99
188,-14.09
189,-15.211
190,-16.351
191,-17.51
192,-18.687
193,-19.882
194,-21.094
195,-22.322
196,-23.567
197,-24.826
198,-26.101
199,-27.391
200,-28.694
