0,21.95
1,21.948
2,21.946
3,21.944
4,21.943
5,21.941
6,21.939
7,21.937
8,21.935
9,21.933
10,21.932
11,21.93
12,21.928
13,21.926
14,21.924
15,21.922
16,21.921
17,21.919
18,21.917
19,21.915
20,21.913
21,21.911
22,21.91
23,21.908
24,21.906
25,21.904
26,21.902
27,21.9
28,21.899
29,21.897
30,21.895
31,21.893
32,21.891
33,21.889
34,21.888
35,21.886
36,21.884
37,21.882
38,21.88
39,21.878
40,21.877
41,21.875
42,21.873
43,21.871
44,21.869
45,21.867
46,21.866
47,21.864
48,21.862
49,21.86
50,21.858
51,21.856
52,21.855
53,21.853
54,21.851
55,21.849
56,21.847
57,21.845
58,21.844
59,21.842
60,21.84
61,21.838
62,21.836
63,21.834
64,21.832
65,21.831
66,21.829
67,21.827
68,21.825
69,21.823
70,21.821
71,21.819
72,21.818
73,21.816
74,21.814
75,21.812
76,21.81
77,21.808
78,21.806
79,21.804
80,21.802
81,21.8
82,21.798
83,21.796
84,21.794
85,21.792
86,21.79
87,21.788
88,21.786
89,21.784
90,21.782
91,21.78
92,21.777
93,21.775
94,21.773
95,21.77
96,21.768
97,21.765
98,21.763
99,21.76
100,21.757
101,21.754
102,21.751
103,21.748
104,21.745
105,21.742
106,21.738
107,21.734
108,21.73
109,21.726
110,21.722
111,21.717
112,21.712
113,21.707
114,21.701
115,21.695
116,21.688
117,21.681
118,21.673
119,21.664
120,21.655
121,21.645
122,21.634
123,21.622
124,21.609
125,21.595
126,21.58
127,21.563
128,21.545
129,21.524
130,21.502
131,21.478
132,21.451
133,21.421
134,21.389
135,21.353
136,21.314
137,21.271
138,21.224
139,21.172
140,21.115
141,21.052
142,20.983
143,20.907
144,20.824
145,20.732
146,20.632
147,20.523
148,20.403
149,20.272
150,20.129
151,19.972
152,19.802
153,19.617
154,19.416
155,19.197
156,18.961
157,18.705
158,18.429
159,18.131
160,17.811
161,17.468
162,17.1
163,16.707
164,16.288
165,15.842
166,15.369
167,14.868
168,14.338
169,13.779
170,13.191
171,12.574
172,11.927
173,11.251
174,10.545
175,9.8108
176,9.0473
177,8.2554
178,7.4352
179,6.5875
180,5.7125
181,4.811
182,3.8834
183,2.9304
184,1.9527
185,0.95085
186,-0.074458
187,-1.1226
188,-2.1928
189,-3.2844
190,-4.3969
191,-5.5295
192,-6.6815
193,-7.8525
194,-9.0416
195,-10.248
196,-11.472
197,-12.713
198,-13.969
199,-15.24
200,-16.527
