0,21.625
1,21.624
2,21.622
3,21.62
4,21.618
5,21.616
6,21.614
7,21.613
8,21.611
9,21.609
10,21.607
11,21.605
12,21.603
13,21.602
14,21.6
15,21.598
16,21.596
17,21.594
18,21.592
19,21.591
20,21.589
21,21.587
22,21.585
23,21.583
24,21.581
25,21.58
26,21.578
27,21.576
28,21.574
29,21.572
30,21.57
31,21.569
32,21.567
33,21.565
34,21.563
35,21.561
36,21.559
37,21.558
38,21.556
39,21.554
40,21.552
41,21.55
42,21.548
43,21.547
44,21.545
45,21.543
46,21.541
47,21.539
48,21.537
49,21.536
50,21.534
51,21.532
52,21.53
53,21.528
54,21.526
55,21.525
56,21.523
57,21.521
58,21.519
59,21.517
60,21.515
61,21.514
62,21.512
63,21.51
64,21.508
65,21.506
66,21.504
67,21.503
68,21.501
69,21.499
70,21.497
71,21.495
72,21.493
73,21.492
74,21.49
75,21.488
76,21.486
77,21.484
78,21.482
79,21.48
80,21.479
81,21.477
82,21.475
83,21.473
84,21.471
85,21.469
86,21.467
87,21.466
88,21.464
89,21.462
90,21.46
91,21.458
92,21.456
93,21.454
94,21.452
95,21.45
96,21.448
97,21.446
98,21.444
99,21.442
100,21.44
101,21.438
102,21.436
103,21.434
104,21.432
105,21.43
106,21.427
107,21.425
108,21.423
109,21.42
110,21.418
111,21.415
112,21.413
113,21.41
114,21.407
115,21.405
116,21.402
117,21.399
118,21.395
119,21.392
120,21.388
121,21.384
122,21.38
123,21.376
124,21.372
125,21.367
126,21.362
127,21.356
128,21.35
129,21.344
130,21.337
131,21.329
132,21.321
133,21.312
134,21.302
135,21.292
136,21.28
137,21.268
138,21.254
139,21.239
140,21.222
141,21.204
142,21.183
143,21.161
144,21.137
145,21.11
146,21.08
147,21.048
148,21.012
149,20.972
150,20.928
151,20.88
152,20.826
153,20.767
154,20.703
155,20.631
156,20.552
157,20.466
158,20.37
159,20.266
160,20.151
161,20.024
162,19.886
163,19.734
164,19.569
165,19.388
166,19.191
167,18.976
168,18.743
169,18.49
170,18.216
171,17.92
172,17.601
173,17.258
174,16.889
175,16.495
176,16.073
177,15.624
178,15.146
179,14.639
180,14.102
181,13.536
182,12.939
183,12.312
184,11.654
185,10.966
186,10.247
187,9.4991
188,8.7209
189,7.9135
190,7.0773
191,6.2127
192,5.3204
193,4.401
194,3.4551
195,2.4834
196,1.4866
197,0.46539
198,-0.57951
199,-1.6474
200,-2.7375
