0,14.04
1,14.038
2,14.036
3,14.035
4,14.033
5,14.031
6,14.029
7,14.027
8,14.025
9,14.024
10,14.022
11,14.02
12,14.018
13,14.016
14,14.014
15,14.013
16,14.011
17,14.009
18,14.007
19,14.005
20,14.003
21,14.002
22,14
23,13.998
24,13.996
25,13.994
26,13.992
27,13.991
28,13.989
29,13.987
30,13.985
31,13.983
32,13.981
33,13.98
34,13.978
35,13.976
36,13.974
37,13.972
38,13.97
39,13.969
40,13.967
41,13.965
42,13.963
43,13.961
44,13.959
45,13.958
46,13.956
47,13.954
48,13.952
49,13.95
50,13.948
51,13.946
52,13.945
53,13.943
54,13.941
55,13.939
56,13.937
57,13.935
58,13.933
59,13.932
60,13.93
61,13.928
62,13.926
63,13.924
64,13.922
65,13.92
66,13.918
67,13.916
68,13.914
69,13.913
70,13.911
71,13.909
72,13.907
73,13.905
74,13.903
75,13.901
76,13.899
77,13.896
78,13.894
79,13.892
80,13.89
81,13.888
82,13.886
83,13.883
84,13.881
85,13.879
86,13.876
87,13.874
88,13.871
89,13.868
90,13.866
91,13.863
92,13.86
93,13.857
94,13.854
95,13.85
96,13.847
97,13.843
98,13.839
99,13.835
100,13.831
101,13.826
102,13.821
103,13.816
104,13.811
105,13.805
106,13.798
107,13.792
108,13.784
109,13.776
110,13.768
111,13.758
112,13.748
113,13.737
114,13.726
115,13.713
116,13.699
117,13.683
118,13.667
119,13.648
120,13.628
121,13.607
122,13.583
123,13.557
124,13.528
125,13.497
126,13.462
127,13.425
128,13.383
129,13.338
130,13.289
131,13.234
132,13.175
133,13.109
134,13.038
135,12.96
136,12.874
137,12.781
138,12.678
139,12.567
140,12.445
141,12.312
142,12.168
143,12.01
144,11.84
145,11.654
146,11.453
147,11.236
148,11.001
149,10.747
150,10.474
151,10.181
152,9.8659
153,9.5285
154,9.1677
155,8.7828
156,8.3729
157,7.9373
158,7.4754
159,6.9865
160,6.4703
161,5.9262
162,5.3541
163,4.7536
164,4.1247
165,3.4673
166,2.7815
167,2.0673
168,1.325
169,0.55482
170,-0.24286
171,-1.0677
172,-1.9192
173,-2.7969
174,-3.7003
175,-4.6289
176,-5.582
177,-6.5592
178,-7.5596
179,-8.5828
180,-9.6282
181,-10.695
182,-11.783
183,-12.891
184,-14.018
185,-15.165
186,-16.33
187,-17.513
188,-18.713
189,-19.93
190,-21.163
191,-22.411
192,-23.675
193,-24.954
194,-26.246
195,-27.552
196,-28.872
197,-30.204
198,-31.549
199,-32.905
200,-34.274
