0,21.258
1,21.256
2,21.254
3,21.252
4,21.25
5,21.249
6,21.247
7,21.245
8,21.243
9,21.241
10,21.239
11,21.238
12,21.236
13,21.234
14,21.232
15,21.23
16,21.228
17,21.227
18,21.225
19,21.223
20,21.221
21,21.219
22,21.217
23,21.216
24,21.214
25,21.212
26,21.21
27,21.208
28,21.206
29,21.205
30,21.203
31,21.201
32,21.199
33,21.197
34,21.196
35,21.194
36,21.192
37,21.19
38,21.188
39,21.186
40,21.185
41,21.183
42,21.181
43,21.179
44,21.177
45,21.175
46,21.174
47,21.172
48,21.17
49,21.168
50,21.166
51,21.164
52,21.163
53,21.161
54,21.159
55,21.157
56,21.155
57,21.153
58,21.152
59,21.15
60,21.148
61,21.146
62,21.144
63,21.142
64,21.141
65,21.139
66,21.137
67,21.135
68,21.133
69,21.131
70,21.129
71,21.128
72,21.126
73,21.124
74,21.122
75,21.12
76,21.118
77,21.117
78,21.115
79,21.113
80,21.111
81,21.109
82,21.107
83,21.105
84,21.103
85,21.102
86,21.1
87,21.098
88,21.096
89,21.094
90,21.092
91,21.09
92,21.088
93,21.086
94,21.084
95,21.082
96,21.08
97,21.078
98,21.076
99,21.074
100,21.072
101,21.07
102,21.068
103,21.065
104,21.063
105,21.061
106,21.058
107,21.056
108,21.054
109,21.051
110,21.048
111,21.046
112,21.043
113,21.04
114,21.037
115,21.034
116,21.03
117,21.027
118,21.023
119,21.019
120,21.015
121,21.011
122,21.006
123,21.001
124,20.996
125,20.99
126,20.984
127,20.977
128,20.97
129,20.962
130,20.953
131,20.944
132,20.934
133,20.923
134,20.911
135,20.898
136,20.884
137,20.868
138,20.851
139,20.832
140,20.811
141,20.788
142,20.762
143,20.735
144,20.704
145,20.67
146,20.633
147,20.592
148,20.546
149,20.496
150,20.441
151,20.381
152,20.314
153,20.24
154,20.159
155,20.07
156,19.973
157,19.865
158,19.747
159,19.618
160,19.476
161,19.321
162,19.152
163,18.968
164,18.767
165,18.548
166,18.311
167,18.054
168,17.776
169,17.476
170,17.152
171,16.805
172,16.432
173,16.034
174,15.608
175,15.154
176,14.672
177,14.161
178,13.621
179,13.051
180,12.451
181,11.82
182,11.159
183,10.469
184,9.7477
185,8.997
186,8.2168
187,7.4075
188,6.5697
189,5.7037
190,4.8102
191,3.8898
192,2.9432
193,1.9709
194,0.97374
195,-0.047672
196,-1.0926
197,-2.1604
198,-3.2502
199,-4.3615
200,-5.4934
