0,16.772
1,16.77
2,16.768
3,16.767
4,16.765
5,16.763
6,16.761
7,16.759
8,16.757
9,16.756
10,16.754
11,16.752
12,16.75
13,16.748
14,16.746
15,16.745
16,16.743
17,16.741
18,16.739
19,16.737
20,16.735
21,16.734
22,16.732
23,16.73
24,16.728
25,16.726
26,16.724
27,16.723
28,16.721
29,16.719
30,16.717
31,16.715
32,16.713
33,16.712
34,16.71
35,16.708
36,16.706
37,16.704
38,16.702
39,16.701
40,16.699
41,16.697
42,16.695
43,16.693
44,16.691
45,16.69
46,16.688
47,16.686
48,16.684
49,16.682
50,16.68
51,16.679
52,16.677
53,16.675
54,16.673
55,16.671
56,16.669
57,16.667
58,16.666
59,16.664
60,16.662
61,16.66
62,16.658
63,16.656
64,16.654
65,16.652
66,16.651
67,16.649
68,16.647
69,16.645
70,16.643
71,16.641
72,16.639
73,16.637
74,16.635
75,16.633
76,16.631
77,16.629
78,16.627
79,16.625
80,16.623
81,16.621
82,16.619
83,16.617
84,16.614
85,16.612
86,16.61
87,16.607
88,16.605
89,16.603
90,16.6
91,16.597
92,16.595
93,16.592
94,16.589
95,16.586
96,16.583
97,16.58
98,16.576
99,16.573
100,16.569
101,16.565
102,16.561
103,16.557
104,16.552
105,16.547
106,16.542
107,16.536
108,16.53
109,16.523
110,16.516
111,16.509
112,16.501
113,16.492
114,16.482
115,16.472
116,16.46
117,16.448
118,16.435
119,16.42
120,16.404
121,16.386
122,16.367
123,16.346
124,16.323
125,16.298
126,16.271
127,16.24
128,16.207
129,16.171
130,16.131
131,16.088
132,16.04
133,15.987
134,15.929
135,15.866
136,15.797
137,15.721
138,15.637
139,15.546
140,15.447
141,15.338
142,15.219
143,15.089
144,14.947
145,14.793
146,14.626
147,14.444
148,14.246
149,14.032
150,13.8
151,13.55
152,13.281
153,12.991
154,12.679
155,12.345
156,11.987
157,11.605
158,11.198
159,10.765
160,10.306
161,9.8193
162,9.3051
163,8.7628
164,8.1922
165,7.5929
166,6.965
167,6.3083
168,5.6228
169,4.9088
170,4.1664
171,3.3958
172,2.5974
173,1.7717
174,0.91902
175,0.039888
176,-0.86516
177,-1.7956
178,-2.7507
179,-3.73
180,-4.7329
181,-5.7586
182,-6.8066
183,-7.8763
184,-8.9669
185,-10.078
186,-11.209
187,-12.358
188,-13.527
189,-14.713
190,-15.916
191,-17.137
192,-18.373
193,-19.625
194,-20.893
195,-22.175
196,-23.471
197,-24.781
198,-26.104
199,-27.44
200,-28.788
