0,13.2
1,13.198
2,13.196
3,13.194
4,13.193
5,13.191
6,13.189
7,13.187
8,13.185
9,13.183
10,13.182
11,13.18
12,13.178
13,13.176
14,13.174
15,13.172
16,13.171
17,13.169
18,13.167
19,13.165
20,13.163
21,13.161
22,13.16
23,13.158
24,13.156
25,13.154
26,13.152
27,13.15
28,13.149
29,13.147
30,13.145
31,13.143
32,13.141
33,13.139
34,13.138
35,13.136
36,13.134
37,13.132
38,13.13
39,13.129
40,13.127
41,13.125
42,13.123
43,13.121
44,13.119
45,13.117
46,13.116
47,13.114
48,13.112
49,13.11
50,13.108
51,13.106
52,13.105
53,13.103
54,13.101
55,13.099
56,13.097
57,13.095
58,13.094
59,13.092
60,13.09
61,13.088
62,13.086
63,13.084
64,13.082
65,13.081
66,13.079
67,13.077
68,13.075
69,13.073
70,13.071
71,13.069
72,13.067
73,13.065
74,13.064
75,13.062
76,13.06
77,13.058
78,13.056
79,13.054
80,13.052
81,13.05
82,13.048
83,13.046
84,13.044
85,13.042
86,13.04
87,13.037
88,13.035
89,13.033
90,13.031
91,13.028
92,13.026
93,13.024
94,13.021
95,13.019
96,13.016
97,13.013
98,13.01
99,13.008
100,13.005
101,13.001
102,12.998
103,12.995
104,12.991
105,12.987
106,12.983
107,12.979
108,12.974
109,12.97
110,12.964
111,12.959
112,12.953
113,12.947
114,12.94
115,12.933
116,12.925
117,12.916
118,12.907
119,12.897
120,12.886
121,12.874
122,12.861
123,12.847
124,12.832
125,12.815
126,12.797
127,12.777
128,12.755
129,12.731
130,12.704
131,12.675
132,12.643
133,12.608
134,12.57
135,12.528
136,12.481
137,12.431
138,12.375
139,12.314
140,12.247
141,12.173
142,12.092
143,12.004
144,11.907
145,11.802
146,11.686
147,11.56
148,11.422
149,11.272
150,11.108
151,10.93
152,10.737
153,10.528
154,10.301
155,10.056
156,9.7914
157,9.5065
158,9.2001
159,8.8713
160,8.5191
161,8.1427
162,7.7411
163,7.3137
164,6.8596
165,6.3784
166,5.8695
167,5.3324
168,4.7668
169,4.1724
170,3.5492
171,2.897
172,2.2159
173,1.5059
174,0.76734
175,0.00042967
176,-0.7945
177,-1.617
178,-2.4668
179,-3.3432
180,-4.2457
181,-5.1738
182,-6.1269
183,-7.1044
184,-8.1056
185,-9.1298
186,-10.177
187,-11.245
188,-12.335
189,-13.445
190,-14.575
191,-15.724
192,-16.892
193,-18.078
194,-19.282
195,-20.502
196,-21.739
197,-22.991
198,-24.259
199,-25.541
200,-26.838
