0,22.8
1,22.798
2,22.796
3,22.794
4,22.792
5,22.791
6,22.789
7,22.787
8,22.785
9,22.783
10,22.781
11,22.78
12,22.778
13,22.776
14,22.774
15,22.772
16,22.77
17,22.769
18,22.767
19,22.765
20,22.763
21,22.761
22,22.76
23,22.758
24,22.756
25,22.754
26,22.752
27,22.75
28,22.749
29,22.747
30,22.745
31,22.743
32,22.741
33,22.739
34,22.738
35,22.736
36,22.734
37,22.732
38,22.73
39,22.728
40,22.727
41,22.725
42,22.723
43,22.721
44,22.719
45,22.717
46,22.716
47,22.714
48,22.712
49,22.71
50,22.708
51,22.706
52,22.705
53,22.703
54,22.701
55,22.699
56,22.697
57,22.695
58,22.694
59,22.692
60,22.69
61,22.688
62,22.686
63,22.684
64,22.683
65,22.681
66,22.679
67,22.677
68,22.675
69,22.673
70,22.672
71,22.67
72,22.668
73,22.666
74,22.664
75,22.662
76,22.66
77,22.659
78,22.657
79,22.655
80,22.653
81,22.651
82,22.649
83,22.647
84,22.646
85,22.644
86,22.642
87,22.64
88,22.638
89,22.636
90,22.634
91,22.632
92,22.63
93,22.628
94,22.626
95,22.624
96,22.622
97,22.62
98,22.618
99,22.616
100,22.614
101,22.612
102,22.61
103,22.608
104,22.605
105,22.603
106,22.601
107,22.598
108,22.596
109,22.594
110,22.591
111,22.588
112,22.586
113,22.583
114,22.58
115,22.577
116,22.573
117,22.57
118,22.566
119,22.563
120,22.559
121,22.554
122,22.55
123,22.545
124,22.54
125,22.534
126,22.528
127,22.522
128,22.515
129,22.507
130,22.499
131,22.49
132,22.481
133,22.47
134,22.459
135,22.446
136,22.433
137,22.417
138,22.401
139,22.383
140,22.363
141,22.341
142,22.317
143,22.29
144,22.261
145,22.229
146,22.193
147,22.154
148,22.11
149,22.063
150,22.01
151,21.952
152,21.888
153,21.817
154,21.74
155,21.654
156,21.56
157,21.457
158,21.344
159,21.219
160,21.083
161,20.934
162,20.771
163,20.593
164,20.398
165,20.187
166,19.957
167,19.708
168,19.439
169,19.147
170,18.833
171,18.495
172,18.132
173,17.743
174,17.327
175,16.884
176,16.412
177,15.912
178,15.382
179,14.823
180,14.233
181,13.613
182,12.963
183,12.282
184,11.571
185,10.83
186,10.06
187,9.26
188,8.4313
189,7.5743
190,6.6894
191,5.7774
192,4.8388
193,3.8743
194,2.8845
195,1.8703
196,0.8322
197,-0.22897
198,-1.3125
199,-2.4178
200,-3.544
