0,20.009
1,20.007
2,20.006
3,20.004
4,20.002
5,20
6,19.998
7,19.996
8,19.995
9,19.993
10,19.991
11,19.989
12,19.987
13,19.985
14,19.984
15,19.982
16,19.98
17,19.978
18,19.976
19,19.974
20,19.973
21,19.971
22,19.969
23,19.967
24,19.965
25,19.963
26,19.962
27,19.96
28,19.958
29,19.956
30,19.954
31,19.952
32,19.951
33,19.949
34,19.947
35,19.945
36,19.943
37,19.941
38,19.94
39,19.938
40,19.936
41,19.934
42,19.932
43,19.93
44,19.929
45,19.927
46,19.925
47,19.923
48,19.921
49,19.919
50,19.918
51,19.916
52,19.914
53,19.912
54,19.91
55,19.908
56,19.907
57,19.905
58,19.903
59,19.901
60,19.899
61,19.897
62,19.895
63,19.894
64,19.892
65,19.89
66,19.888
67,19.886
68,19.884
69,19.882
70,19.88
71,19.878
72,19.877
73,19.875
74,19.873
75,19.871
76,19.869
77,19.867
78,19.865
79,19.863
80,19.861
81,19.859
82,19.857
83,19.855
84,19.852
85,19.85
86,19.848
87,19.846
88,19.844
89,19.841
90,19.839
91,19.836
92,19.834
93,19.831
94,19.829
95,19.826
96,19.823
97,19.82
98,19.817
99,19.814
100,19.811
101,19.807
102,19.804
103,19.8
104,19.796
105,19.791
106,19.787
107,19.782
108,19.777
109,19.771
110,19.765
111,19.759
112,19.752
113,19.745
114,19.737
115,19.728
116,19.719
117,19.708
118,19.697
119,19.685
120,19.672
121,19.658
122,19.642
123,19.625
124,19.606
125,19.585
126,19.563
127,19.538
128,19.511
129,19.481
130,19.449
131,19.413
132,19.373
133,19.33
134,19.283
135,19.23
136,19.173
137,19.11
138,19.041
139,18.966
140,18.883
141,18.792
142,18.693
143,18.584
144,18.465
145,18.335
146,18.193
147,18.039
148,17.871
149,17.688
150,17.49
151,17.274
152,17.042
153,16.79
154,16.518
155,16.226
156,15.912
157,15.575
158,15.214
159,14.829
160,14.418
161,13.98
162,13.516
163,13.025
164,12.505
165,11.957
166,11.38
167,10.775
168,10.14
169,9.4763
170,8.7836
171,8.0621
172,7.3119
173,6.5335
174,5.7271
175,4.8932
176,4.0322
177,3.1446
178,2.2311
179,1.2922
180,0.32846
181,-0.65944
182,-1.6709
183,-2.7052
184,-3.7617
185,-4.8399
186,-5.9389
187,-7.0583
188,-8.1973
189,-9.3553
190,-10.532
191,-11.726
192,-12.937
193,-14.166
194,-15.41
195,-16.67
196,-17.945
197,-19.234
198,-20.537
199,-21.855
200,-23.185
