0,25.827
1,25.825
2,25.823
3,25.821
4,25.82
5,25.818
6,25.816
7,25.814
8,25.812
9,25.81
10,25.809
11,25.807
12,25.805
13,25.803
14,25.801
15,25.799
16,25.798
17,25.796
18,25.794
19,25.792
20,25.79
21,25.788
22,25.787
23,25.785
24,25.783
25,25.781
26,25.779
27,25.777
28,25.776
29,25.774
30,25.772
31,25.77
32,25.768
33,25.766
34,25.765
35,25.763
36,25.761
37,25.759
38,25.757
39,25.755
40,25.754
41,25.752
42,25.75
43,25.748
44,25.746
45,25.744
46,25.743
47,25.741
48,25.739
49,25.737
50,25.735
51,25.733
52,25.732
53,25.73
54,25.728
55,25.726
56,25.724
57,25.722
58,25.721
59,25.719
60,25.717
61,25.715
62,25.713
63,25.711
64,25.71
65,25.708
66,25.706
67,25.704
68,25.702
69,25.7
70,25.698
71,25.697
72,25.695
73,25.693
74,25.691
75,25.689
76,25.687
77,25.685
78,25.684
79,25.682
80,25.68
81,25.678
82,25.676
83,25.674
84,25.672
85,25.67
86,25.668
87,25.666
88,25.664
89,25.662
90,25.66
91,25.658
92,25.656
93,25.654
94,25.652
95,25.65
96,25.648
97,25.646
98,25.644
99,25.641
100,25.639
101,25.637
102,25.634
103,25.632
104,25.629
105,25.626
106,25.624
107,25.621
108,25.618
109,25.615
110,25.612
111,25.608
112,25.605
113,25.601
114,25.597
115,25.593
116,25.589
117,25.584
118,25.579
119,25.573
120,25.568
121,25.561
122,25.555
123,25.547
124,25.54
125,25.531
126,25.522
127,25.512
128,25.501
129,25.489
130,25.476
131,25.461
132,25.446
133,25.428
134,25.409
135,25.389
136,25.366
137,25.34
138,25.313
139,25.282
140,25.249
141,25.212
142,25.171
143,25.126
144,25.077
145,25.022
146,24.962
147,24.896
148,24.824
149,24.744
150,24.656
151,24.56
152,24.454
153,24.337
154,24.21
155,24.071
156,23.919
157,23.752
158,23.571
159,23.373
160,23.159
161,22.926
162,22.673
163,22.4
164,22.106
165,21.788
166,21.447
167,21.081
168,20.689
169,20.271
170,19.825
171,19.352
172,18.849
173,18.318
174,17.757
175,17.166
176,16.546
177,15.895
178,15.214
179,14.504
180,13.763
181,12.993
182,12.195
183,11.367
184,10.512
185,9.629
186,8.7191
187,7.7828
188,6.8208
189,5.8338
190,4.8224
191,3.7874
192,2.7294
193,1.6492
194,0.54739
195,-0.5753
196,-1.7182
197,-2.8806
198,-4.0619
199,-5.2615
200,-6.4787
