0,13.114
1,13.112
2,13.11
3,13.109
4,13.107
5,13.105
6,13.103
7,13.101
8,13.099
9,13.098
10,13.096
11,13.094
12,13.092
13,13.09
14,13.088
15,13.087
16,13.085
17,13.083
18,13.081
19,13.079
20,13.077
21,13.076
22,13.074
23,13.072
24,13.07
25,13.068
26,13.066
27,13.065
28,13.063
29,13.061
30,13.059
31,13.057
32,13.055
33,13.054
34,13.052
35,13.05
36,13.048
37,13.046
38,13.044
39,13.043
40,13.041
41,13.039
42,13.037
43,13.035
44,13.033
45,13.031
46,13.03
47,13.028
48,13.026
49,13.024
50,13.022
51,13.02
52,13.018
53,13.017
54,13.015
55,13.013
56,13.011
57,13.009
58,13.007
59,13.005
60,13.003
61,13.001
62,12.999
63,12.997
64,12.995
65,12.993
66,12.992
67,12.989
68,12.987
69,12.985
70,12.983
71,12.981
72,12.979
73,12.977
74,12.975
75,12.973
76,12.97
77,12.968
78,12.966
79,12.963
80,12.961
81,12.958
82,12.956
83,12.953
84,12.95
85,12.947
86,12.944
87,12.941
88,12.938
89,12.934
90,12.931
91,12.927
92,12.923
93,12.919
94,12.915
95,12.91
96,12.905
97,12.9
98,12.894
99,12.888
100,12.882
101,12.875
102,12.867
103,12.859
104,12.851
105,12.841
106,12.831
107,12.82
108,12.808
109,12.795
110,12.781
111,12.766
112,12.749
113,12.731
114,12.711
115,12.689
116,12.665
117,12.639
118,12.611
119,12.58
120,12.546
121,12.508
122,12.467
123,12.423
124,12.374
125,12.321
126,12.262
127,12.198
128,12.128
129,12.052
130,11.968
131,11.877
132,11.777
133,11.668
134,11.55
135,11.421
136,11.281
137,11.129
138,10.963
139,10.784
140,10.589
141,10.379
142,10.152
143,9.9077
144,9.6442
145,9.3611
146,9.0573
147,8.7319
148,8.384
149,8.0128
150,7.6174
151,7.1972
152,6.7515
153,6.2795
154,5.781
155,5.2553
156,4.7021
157,4.1212
158,3.5124
159,2.8756
160,2.2108
161,1.5179
162,0.79727
163,0.04899
164,-0.72664
165,-1.5293
166,-2.3586
167,-3.214
168,-4.0953
169,-5.0017
170,-5.9328
171,-6.888
172,-7.8668
173,-8.8685
174,-9.8926
175,-10.938
176,-12.005
177,-13.093
178,-14.2
179,-15.327
180,-16.473
181,-17.636
182,-18.818
183,-20.016
184,-21.231
185,-22.462
186,-23.708
187,-24.969
188,-26.245
189,-27.535
190,-28.838
191,-30.155
192,-31.484
193,-32.825
194,-34.179
195,-35.543
196,-36.92
197,-38.306
198,-39.704
199,-41.111
200,-42.528
