0,28.585
1,28.583
2,28.581
3,28.579
4,28.577
5,28.575
6,28.574
7,28.572
8,28.57
9,28.568
10,28.566
11,28.564
12,28.563
13,28.561
14,28.559
15,28.557
16,28.555
17,28.553
18,28.552
19,28.55
20,28.548
21,28.546
22,28.544
23,28.542
24,28.541
25,28.539
26,28.537
27,28.535
28,28.533
29,28.531
30,28.53
31,28.528
32,28.526
33,28.524
34,28.522
35,28.52
36,28.519
37,28.517
38,28.515
39,28.513
40,28.511
41,28.509
42,28.508
43,28.506
44,28.504
45,28.502
46,28.5
47,28.498
48,28.497
49,28.495
50,28.493
51,28.491
52,28.489
53,28.487
54,28.485
55,28.484
56,28.482
57,28.48
58,28.478
59,28.476
60,28.474
61,28.472
62,28.471
63,28.469
64,28.467
65,28.465
66,28.463
67,28.461
68,28.459
69,28.457
70,28.455
71,28.453
72,28.451
73,28.449
74,28.447
75,28.445
76,28.443
77,28.441
78,28.439
79,28.437
80,28.435
81,28.433
82,28.431
83,28.428
84,28.426
85,28.424
86,28.421
87,28.419
88,28.416
89,28.414
90,28.411
91,28.408
92,28.405
93,28.402
94,28.399
95,28.396
96,28.393
97,28.389
98,28.385
99,28.382
100,28.377
101,28.373
102,28.368
103,28.363
104,28.358
105,28.352
106,28.346
107,28.339
108,28.332
109,28.325
110,28.316
111,28.307
112,28.297
113,28.287
114,28.275
115,28.263
116,28.249
117,28.234
118,28.218
119,28.2
120,28.18
121,28.159
122,28.135
123,28.109
124,28.081
125,28.05
126,28.016
127,27.978
128,27.937
129,27.892
130,27.843
131,27.788
132,27.728
133,27.663
134,27.591
135,27.512
136,27.425
137,27.331
138,27.227
139,27.114
140,26.99
141,26.854
142,26.707
143,26.546
144,26.372
145,26.182
146,25.976
147,25.752
148,25.511
149,25.25
150,24.969
151,24.667
152,24.342
153,23.994
154,23.622
155,23.225
156,22.802
157,22.352
158,21.875
159,21.371
160,20.838
161,20.277
162,19.687
163,19.068
164,18.42
165,17.742
166,17.036
167,16.302
168,15.538
169,14.747
170,13.928
171,13.081
172,12.208
173,11.308
174,10.383
175,9.4321
176,8.4571
177,7.4583
178,6.4361
179,5.3914
180,4.3248
181,3.2369
182,2.1284
183,0.99983
184,-0.14806
185,-1.3147
186,-2.4995
187,-3.7018
188,-4.9211
189,-6.1567
190,-7.4083
191,-8.6752
192,-9.9568
193,-11.253
194,-12.563
195,-13.886
196,-15.222
197,-16.571
198,-17.931
199,-19.304
200,-20.688
