0,19.233
1,19.231
2,19.229
3,19.227
4,19.225
5,19.224
6,19.222
7,19.22
8,19.218
9,19.216
10,19.214
11,19.213
12,19.211
13,19.209
14,19.207
15,19.205
16,19.203
17,19.202
18,19.2
19,19.198
20,19.196
21,19.194
22,19.192
23,19.191
24,19.189
25,19.187
26,19.185
27,19.183
28,19.181
29,19.18
30,19.178
31,19.176
32,19.174
33,19.172
34,19.171
35,19.169
36,19.167
37,19.165
38,19.163
39,19.161
40,19.16
41,19.158
42,19.156
43,19.154
44,19.152
45,19.15
46,19.149
47,19.147
48,19.145
49,19.143
50,19.141
51,19.139
52,19.138
53,19.136
54,19.134
55,19.132
56,19.13
57,19.128
58,19.127
59,19.125
60,19.123
61,19.121
62,19.119
63,19.117
64,19.116
65,19.114
66,19.112
67,19.11
68,19.108
69,19.106
70,19.104
71,19.103
72,19.101
73,19.099
74,19.097
75,19.095
76,19.093
77,19.091
78,19.09
79,19.088
80,19.086
81,19.084
82,19.082
83,19.08
84,19.078
85,19.076
86,19.075
87,19.073
88,19.071
89,19.069
90,19.067
91,19.065
92,19.063
93,19.061
94,19.059
95,19.057
96,19.055
97,19.053
98,19.051
99,19.049
100,19.046
101,19.044
102,19.042
103,19.04
104,19.037
105,19.035
106,19.032
107,19.03
108,19.027
109,19.025
110,19.022
111,19.019
112,19.016
113,19.013
114,19.009
115,19.006
116,19.002
117,18.998
118,18.994
119,18.99
120,18.986
121,18.981
122,18.975
123,18.97
124,18.964
125,18.957
126,18.95
127,18.943
128,18.934
129,18.926
130,18.916
131,18.905
132,18.894
133,18.881
134,18.867
135,18.852
136,18.836
137,18.817
138,18.797
139,18.775
140,18.751
141,18.725
142,18.695
143,18.663
144,18.628
145,18.589
146,18.546
147,18.498
148,18.446
149,18.389
150,18.325
151,18.256
152,18.179
153,18.095
154,18.002
155,17.9
156,17.789
157,17.666
158,17.532
159,17.386
160,17.226
161,17.051
162,16.86
163,16.653
164,16.428
165,16.184
166,15.92
167,15.635
168,15.328
169,14.997
170,14.642
171,14.261
172,13.855
173,13.421
174,12.959
175,12.47
176,11.951
177,11.403
178,10.825
179,10.217
180,9.5795
181,8.9117
182,8.2139
183,7.4864
184,6.7293
185,5.9431
186,5.1281
187,4.2847
188,3.4136
189,2.5153
190,1.5903
191,0.63932
192,-0.33696
193,-1.3379
194,-2.3628
195,-3.4109
196,-4.4816
197,-5.5742
198,-6.6879
199,-7.8222
200,-8.9762
