0,25.918
1,25.916
2,25.915
3,25.913
4,25.911
5,25.909
6,25.907
7,25.905
8,25.904
9,25.902
10,25.9
11,25.898
12,25.896
13,25.894
14,25.893
15,25.891
16,25.889
17,25.887
18,25.885
19,25.883
20,25.882
21,25.88
22,25.878
23,25.876
24,25.874
25,25.872
26,25.871
27,25.869
28,25.867
29,25.865
30,25.863
31,25.861
32,25.859
33,25.858
34,25.856
35,25.854
36,25.852
37,25.85
38,25.848
39,25.846
40,25.845
41,25.843
42,25.841
43,25.839
44,25.837
45,25.835
46,25.833
47,25.831
48,25.829
49,25.828
50,25.826
51,25.824
52,25.822
53,25.82
54,25.818
55,25.816
56,25.814
57,25.812
58,25.81
59,25.808
60,25.806
61,25.803
62,25.801
63,25.799
64,25.797
65,25.795
66,25.792
67,25.79
68,25.787
69,25.785
70,25.782
71,25.78
72,25.777
73,25.774
74,25.772
75,25.769
76,25.765
77,25.762
78,25.759
79,25.755
80,25.752
81,25.748
82,25.744
83,25.739
84,25.735
85,25.73
86,25.725
87,25.719
88,25.713
89,25.707
90,25.7
91,25.693
92,25.685
93,25.677
94,25.668
95,25.658
96,25.647
97,25.635
98,25.623
99,25.609
100,25.594
101,25.578
102,25.561
103,25.542
104,25.521
105,25.498
106,25.473
107,25.446
108,25.416
109,25.383
110,25.348
111,25.309
112,25.266
113,25.22
114,25.169
115,25.113
116,25.052
117,24.986
118,24.913
119,24.834
120,24.747
121,24.653
122,24.55
123,24.438
124,24.316
125,24.183
126,24.039
127,23.882
128,23.712
129,23.528
130,23.33
131,23.115
132,22.883
133,22.633
134,22.365
135,22.076
136,21.767
137,21.437
138,21.084
139,20.707
140,20.307
141,19.882
142,19.431
143,18.954
144,18.451
145,17.921
146,17.364
147,16.779
148,16.167
149,15.526
150,14.858
151,14.163
152,13.439
153,12.689
154,11.911
155,11.107
156,10.276
157,9.4194
158,8.5373
159,7.6302
160,6.6986
161,5.7432
162,4.7645
163,3.763
164,2.7394
165,1.6942
166,0.62801
167,-0.45851
168,-1.5648
169,-2.6903
170,-3.8344
171,-4.9965
172,-6.1762
173,-7.3727
174,-8.5857
175,-9.8146
176,-11.059
177,-12.318
178,-13.592
179,-14.879
180,-16.18
181,-17.494
182,-18.821
183,-20.16
184,-21.511
185,-22.873
186,-24.247
187,-25.631
188,-27.026
189,-28.431
190,-29.845
191,-31.27
192,-32.703
193,-34.145
194,-35.596
195,-37.056
196,-38.523
197,-39.999
198,-41.482
199,-42.973
200,-44.471
