0,26.382
1,26.381
2,26.379
3,26.377
4,26.375
5,26.373
6,26.371
7,26.37
8,26.368
9,26.366
10,26.364
11,26.362
12,26.36
13,26.359
14,26.357
15,26.355
16,26.353
17,26.351
18,26.349
19,26.348
20,26.346
21,26.344
22,26.342
23,26.34
24,26.338
25,26.337
26,26.335
27,26.333
28,26.331
29,26.329
30,26.327
31,26.326
32,26.324
33,26.322
34,26.32
35,26.318
36,26.316
37,26.315
38,26.313
39,26.311
40,26.309
41,26.307
42,26.305
43,26.304
44,26.302
45,26.3
46,26.298
47,26.296
48,26.294
49,26.293
50,26.291
51,26.289
52,26.287
53,26.285
54,26.283
55,26.282
56,26.28
57,26.278
58,26.276
59,26.274
60,26.272
61,26.271
62,26.269
63,26.267
64,26.265
65,26.263
66,26.261
67,26.26
68,26.258
69,26.256
70,26.254
71,26.252
72,26.25
73,26.249
74,26.247
75,26.245
76,26.243
77,26.241
78,26.239
79,26.237
80,26.236
81,26.234
82,26.232
83,26.23
84,26.228
85,26.226
86,26.224
87,26.223
88,26.221
89,26.219
90,26.217
91,26.215
92,26.213
93,26.211
94,26.209
95,26.207
96,26.205
97,26.203
98,26.201
99,26.199
100,26.197
101,26.195
102,26.193
103,26.191
104,26.188
105,26.186
106,26.184
107,26.182
108,26.179
109,26.177
110,26.174
111,26.172
112,26.169
113,26.166
114,26.163
115,26.16
116,26.157
117,26.154
118,26.151
119,26.147
120,26.143
121,26.139
122,26.135
123,26.13
124,26.125
125,26.12
126,26.114
127,26.108
128,26.102
129,26.095
130,26.087
131,26.079
132,26.07
133,26.06
134,26.049
135,26.038
136,26.025
137,26.011
138,25.995
139,25.978
140,25.96
141,25.939
142,25.917
143,25.892
144,25.864
145,25.834
146,25.801
147,25.764
148,25.723
149,25.679
150,25.629
151,25.575
152,25.515
153,25.448
154,25.375
155,25.295
156,25.206
157,25.108
158,25.001
159,24.883
160,24.754
161,24.613
162,24.457
163,24.288
164,24.103
165,23.901
166,23.681
167,23.443
168,23.184
169,22.904
170,22.602
171,22.276
172,21.925
173,21.549
174,21.147
175,20.717
176,20.258
177,19.772
178,19.255
179,18.709
180,18.133
181,17.526
182,16.889
183,16.221
184,15.523
185,14.794
186,14.035
187,13.247
188,12.429
189,11.583
190,10.709
191,9.8064
192,8.8773
193,7.9218
194,6.9408
195,5.9347
196,4.9045
197,3.8508
198,2.7742
199,1.6757
200,0.55576
