0,24.943
1,24.941
2,24.939
3,24.937
4,24.935
5,24.934
6,24.932
7,24.93
8,24.928
9,24.926
10,24.924
11,24.923
12,24.921
13,24.919
14,24.917
15,24.915
16,24.913
17,24.912
18,24.91
19,24.908
20,24.906
21,24.904
22,24.902
23,24.901
24,24.899
25,24.897
26,24.895
27,24.893
28,24.891
29,24.89
30,24.888
31,24.886
32,24.884
33,24.882
34,24.88
35,24.879
36,24.877
37,24.875
38,24.873
39,24.871
40,24.869
41,24.867
42,24.866
43,24.864
44,24.862
45,24.86
46,24.858
47,24.856
48,24.854
49,24.853
50,24.851
51,24.849
52,24.847
53,24.845
54,24.843
55,24.841
56,24.839
57,24.837
58,24.835
59,24.833
60,24.831
61,24.829
62,24.827
63,24.825
64,24.823
65,24.821
66,24.819
67,24.817
68,24.815
69,24.813
70,24.811
71,24.808
72,24.806
73,24.804
74,24.801
75,24.799
76,24.796
77,24.794
78,24.791
79,24.788
80,24.785
81,24.782
82,24.779
83,24.776
84,24.773
85,24.769
86,24.765
87,24.762
88,24.757
89,24.753
90,24.748
91,24.744
92,24.738
93,24.733
94,24.727
95,24.721
96,24.714
97,24.706
98,24.698
99,24.69
100,24.681
101,24.671
102,24.66
103,24.648
104,24.635
105,24.621
106,24.606
107,24.589
108,24.571
109,24.552
110,24.53
111,24.507
112,24.481
113,24.453
114,24.422
115,24.388
116,24.352
117,24.311
118,24.267
119,24.219
120,24.166
121,24.108
122,24.044
123,23.975
124,23.899
125,23.816
126,23.726
127,23.627
128,23.519
129,23.401
130,23.273
131,23.134
132,22.982
133,22.817
134,22.639
135,22.445
136,22.236
137,22.01
138,21.766
139,21.504
140,21.221
141,20.918
142,20.594
143,20.246
144,19.876
145,19.481
146,19.061
147,18.616
148,18.145
149,17.646
150,17.121
151,16.568
152,15.987
153,15.378
154,14.741
155,14.076
156,13.383
157,12.662
158,11.913
159,11.137
160,10.334
161,9.5037
162,8.6475
163,7.7654
164,6.8581
165,5.926
166,4.9698
167,3.9899
168,2.9871
169,1.9618
170,0.91481
171,-0.15339
172,-1.2422
173,-2.3509
174,-3.479
175,-4.6258
176,-5.7908
177,-6.9735
178,-8.1732
179,-9.3894
180,-10.622
181,-11.869
182,-13.132
183,-14.409
184,-15.7
185,-17.005
186,-18.323
187,-19.653
188,-20.996
189,-22.351
190,-23.717
191,-25.094
192,-26.483
193,-27.881
194,-29.29
195,-30.709
196,-32.137
197,-33.574
198,-35.02
199,-36.475
200,-37.938
