0,21.803
1,21.801
2,21.799
3,21.797
4,21.795
5,21.794
6,21.792
7,21.79
8,21.788
9,21.786
10,21.785
11,21.783
12,21.781
13,21.779
14,21.777
15,21.775
16,21.774
17,21.772
18,21.77
19,21.768
20,21.766
21,21.764
22,21.763
23,21.761
24,21.759
25,21.757
26,21.755
27,21.753
28,21.752
29,21.75
30,21.748
31,21.746
32,21.744
33,21.742
34,21.741
35,21.739
36,21.737
37,21.735
38,21.733
39,21.731
40,21.73
41,21.728
42,21.726
43,21.724
44,21.722
45,21.72
46,21.719
47,21.717
48,21.715
49,21.713
50,21.711
51,21.709
52,21.708
53,21.706
54,21.704
55,21.702
56,21.7
57,21.698
58,21.697
59,21.695
60,21.693
61,21.691
62,21.689
63,21.687
64,21.686
65,21.684
66,21.682
67,21.68
68,21.678
69,21.676
70,21.675
71,21.673
72,21.671
73,21.669
74,21.667
75,21.665
76,21.663
77,21.662
78,21.66
79,21.658
80,21.656
81,21.654
82,21.652
83,21.65
84,21.649
85,21.647
86,21.645
87,21.643
88,21.641
89,21.639
90,21.637
91,21.635
92,21.633
93,21.631
94,21.629
95,21.627
96,21.625
97,21.623
98,21.621
99,21.619
100,21.617
101,21.615
102,21.613
103,21.61
104,21.608
105,21.606
106,21.603
107,21.601
108,21.598
109,21.596
110,21.593
111,21.591
112,21.588
113,21.585
114,21.582
115,21.578
116,21.575
117,21.571
118,21.568
119,21.564
120,21.559
121,21.555
122,21.55
123,21.545
124,21.54
125,21.534
126,21.527
127,21.521
128,21.513
129,21.505
130,21.496
131,21.487
132,21.477
133,21.465
134,21.453
135,21.44
136,21.425
137,21.409
138,21.391
139,21.371
140,21.35
141,21.326
142,21.3
143,21.272
144,21.24
145,21.205
146,21.167
147,21.125
148,21.078
149,21.027
150,20.97
151,20.908
152,20.839
153,20.764
154,20.681
155,20.589
156,20.489
157,20.378
158,20.257
159,20.124
160,19.979
161,19.82
162,19.647
163,19.458
164,19.252
165,19.028
166,18.786
167,18.523
168,18.239
169,17.932
170,17.602
171,17.247
172,16.867
173,16.461
174,16.028
175,15.566
176,15.076
177,14.557
178,14.008
179,13.429
180,12.82
181,12.181
182,11.512
183,10.813
184,10.083
185,9.3242
186,8.5357
187,7.7183
188,6.8724
189,5.9986
190,5.0974
191,4.1695
192,3.2155
193,2.2361
194,1.232
195,0.20382
196,-0.84765
197,-1.9217
198,-3.0177
199,-4.135
200,-5.2727
