0,21.174
1,21.172
2,21.17
3,21.168
4,21.167
5,21.165
6,21.163
7,21.161
8,21.159
9,21.157
10,21.156
11,21.154
12,21.152
13,21.15
14,21.148
15,21.146
16,21.145
17,21.143
18,21.141
19,21.139
20,21.137
21,21.135
22,21.134
23,21.132
24,21.13
25,21.128
26,21.126
27,21.124
28,21.122
29,21.121
30,21.119
31,21.117
32,21.115
33,21.113
34,21.111
35,21.11
36,21.108
37,21.106
38,21.104
39,21.102
40,21.1
41,21.098
42,21.097
43,21.095
44,21.093
45,21.091
46,21.089
47,21.087
48,21.085
49,21.083
50,21.081
51,21.079
52,21.077
53,21.076
54,21.074
55,21.072
56,21.07
57,21.068
58,21.066
59,21.064
60,21.061
61,21.059
62,21.057
63,21.055
64,21.053
65,21.051
66,21.048
67,21.046
68,21.044
69,21.041
70,21.039
71,21.036
72,21.034
73,21.031
74,21.028
75,21.025
76,21.022
77,21.019
78,21.016
79,21.013
80,21.009
81,21.006
82,21.002
83,20.998
84,20.993
85,20.989
86,20.984
87,20.979
88,20.973
89,20.967
90,20.961
91,20.955
92,20.947
93,20.94
94,20.931
95,20.922
96,20.912
97,20.902
98,20.89
99,20.878
100,20.865
101,20.85
102,20.834
103,20.817
104,20.798
105,20.777
106,20.755
107,20.73
108,20.703
109,20.674
110,20.642
111,20.607
112,20.569
113,20.527
114,20.481
115,20.431
116,20.377
117,20.317
118,20.252
119,20.181
120,20.103
121,20.018
122,19.926
123,19.825
124,19.715
125,19.595
126,19.465
127,19.324
128,19.17
129,19.004
130,18.823
131,18.628
132,18.418
133,18.19
134,17.945
135,17.682
136,17.399
137,17.096
138,16.772
139,16.425
140,16.055
141,15.662
142,15.244
143,14.801
144,14.332
145,13.837
146,13.315
147,12.766
148,12.19
149,11.586
150,10.954
151,10.295
152,9.6085
153,8.8942
154,8.1526
155,7.3839
156,6.5884
157,5.7665
158,4.9186
159,4.0452
160,3.1467
161,2.2237
162,1.2766
163,0.30613
164,-0.68724
165,-1.7029
166,-2.7403
167,-3.7988
168,-4.8778
169,-5.9767
170,-7.095
171,-8.2321
172,-9.3873
173,-10.56
174,-11.75
175,-12.957
176,-14.179
177,-15.418
178,-16.671
179,-17.939
180,-19.22
181,-20.516
182,-21.825
183,-23.146
184,-24.48
185,-25.826
186,-27.183
187,-28.552
188,-29.932
189,-31.322
190,-32.723
191,-34.133
192,-35.553
193,-36.982
194,-38.42
195,-39.867
196,-41.323
197,-42.787
198,-44.259
199,-45.738
200,-47.225
