0,17.3
1,17.298
2,17.297
3,17.295
4,17.293
5,17.291
6,17.289
7,17.287
8,17.286
9,17.284
10,17.282
11,17.28
12,17.278
13,17.276
14,17.275
15,17.273
16,17.271
17,17.269
18,17.267
19,17.265
20,17.264
21,17.262
22,17.26
23,17.258
24,17.256
25,17.255
26,17.253
27,17.251
28,17.249
29,17.247
30,17.245
31,17.244
32,17.242
33,17.24
34,17.238
35,17.236
36,17.234
37,17.233
38,17.231
39,17.229
40,17.227
41,17.225
42,17.223
43,17.222
44,17.22
45,17.218
46,17.216
47,17.214
48,17.212
49,17.211
50,17.209
51,17.207
52,17.205
53,17.203
54,17.201
55,17.2
56,17.198
57,17.196
58,17.194
59,17.192
60,17.19
61,17.189
62,17.187
63,17.185
64,17.183
65,17.181
66,17.179
67,17.178
68,17.176
69,17.174
70,17.172
71,17.17
72,17.168
73,17.167
74,17.165
75,17.163
76,17.161
77,17.159
78,17.157
79,17.155
80,17.154
81,17.152
82,17.15
83,17.148
84,17.146
85,17.144
86,17.142
87,17.141
88,17.139
89,17.137
90,17.135
91,17.133
92,17.131
93,17.129
94,17.127
95,17.125
96,17.123
97,17.122
98,17.12
99,17.118
100,17.116
101,17.114
102,17.112
103,17.109
104,17.107
105,17.105
106,17.103
107,17.101
108,17.099
109,17.097
110,17.094
111,17.092
112,17.089
113,17.087
114,17.084
115,17.082
116,17.079
117,17.076
118,17.073
119,17.07
120,17.067
121,17.064
122,17.06
123,17.056
124,17.052
125,17.048
126,17.044
127,17.039
128,17.034
129,17.028
130,17.022
131,17.016
132,17.009
133,17.002
134,16.994
135,16.985
136,16.976
137,16.965
138,16.954
139,16.942
140,16.928
141,16.913
142,16.897
143,16.879
144,16.859
145,16.838
146,16.814
147,16.788
148,16.759
149,16.727
150,16.692
151,16.653
152,16.61
153,16.563
154,16.511
155,16.454
156,16.39
157,16.321
158,16.244
159,16.159
160,16.066
161,15.964
162,15.851
163,15.728
164,15.593
165,15.445
166,15.282
167,15.106
168,14.913
169,14.702
170,14.474
171,14.226
172,13.958
173,13.667
174,13.354
175,13.017
176,12.655
177,12.267
178,11.853
179,11.41
180,10.94
181,10.44
182,9.9108
183,9.3518
184,8.7626
185,8.1429
186,7.4929
187,6.8124
188,6.1016
189,5.3607
190,4.59
191,3.7899
192,2.9608
193,2.1033
194,1.2179
195,0.30527
196,-0.63404
197,-1.5993
198,-2.5899
199,-3.605
200,-4.6441
