0,25.154
1,25.153
2,25.151
3,25.149
4,25.147
5,25.145
6,25.143
7,25.142
8,25.14
9,25.138
10,25.136
11,25.134
12,25.132
13,25.131
14,25.129
15,25.127
16,25.125
17,25.123
18,25.121
19,25.12
20,25.118
21,25.116
22,25.114
23,25.112
24,25.11
25,25.109
26,25.107
27,25.105
28,25.103
29,25.101
30,25.099
31,25.098
32,25.096
33,25.094
34,25.092
35,25.09
36,25.088
37,25.087
38,25.085
39,25.083
40,25.081
41,25.079
42,25.077
43,25.076
44,25.074
45,25.072
46,25.07
47,25.068
48,25.066
49,25.065
50,25.063
51,25.061
52,25.059
53,25.057
54,25.055
55,25.054
56,25.052
57,25.05
58,25.048
59,25.046
60,25.044
61,25.042
62,25.041
63,25.039
64,25.037
65,25.035
66,25.033
67,25.031
68,25.029
69,25.027
70,25.025
71,25.023
72,25.021
73,25.019
74,25.018
75,25.016
76,25.014
77,25.012
78,25.009
79,25.007
80,25.005
81,25.003
82,25.001
83,24.999
84,24.997
85,24.994
86,24.992
87,24.99
88,24.987
89,24.985
90,24.982
91,24.98
92,24.977
93,24.974
94,24.971
95,24.968
96,24.965
97,24.962
98,24.959
99,24.955
100,24.951
101,24.947
102,24.943
103,24.939
104,24.934
105,24.929
106,24.923
107,24.917
108,24.911
109,24.904
110,24.897
111,24.889
112,24.881
113,24.872
114,24.862
115,24.851
116,24.839
117,24.827
118,24.813
119,24.797
120,24.781
121,24.762
122,24.742
123,24.72
124,24.696
125,24.67
126,24.641
127,24.61
128,24.575
129,24.537
130,24.495
131,24.448
132,24.398
133,24.342
134,24.281
135,24.214
136,24.141
137,24.061
138,23.972
139,23.876
140,23.77
141,23.655
142,23.528
143,23.39
144,23.24
145,23.077
146,22.899
147,22.705
148,22.496
149,22.269
150,22.023
151,21.758
152,21.473
153,21.166
154,20.836
155,20.483
156,20.105
157,19.703
158,19.274
159,18.819
160,18.336
161,17.825
162,17.287
163,16.719
164,16.123
165,15.498
166,14.843
167,14.16
168,13.448
169,12.707
170,11.937
171,11.14
172,10.315
173,9.4624
174,8.5834
175,7.6781
176,6.7473
177,5.7915
178,4.8113
179,3.8074
180,2.7804
181,1.7309
182,0.65967
183,-0.43272
184,-1.5456
185,-2.6783
186,-3.8303
187,-5.0009
188,-6.1895
189,-7.3955
190,-8.6183
191,-9.8575
192,-11.112
193,-12.382
194,-13.667
195,-14.966
196,-16.279
197,-17.605
198,-18.944
199,-20.295
200,-21.658
