0,14.691
1,14.689
2,14.687
3,14.685
4,14.684
5,14.682
6,14.68
7,14.678
8,14.676
9,14.674
10,14.673
11,14.671
12,14.669
13,14.667
14,14.665
15,14.663
16,14.662
17,14.66
18,14.658
19,14.656
20,14.654
21,14.652
22,14.651
23,14.649
24,14.647
25,14.645
26,14.643
27,14.642
28,14.64
29,14.638
30,14.636
31,14.634
32,14.632
33,14.631
34,14.629
35,14.627
36,14.625
37,14.623
38,14.621
39,14.62
40,14.618
41,14.616
42,14.614
43,14.612
44,14.61
45,14.609
46,14.607
47,14.605
48,14.603
49,14.601
50,14.599
51,14.598
52,14.596
53,14.594
54,14.592
55,14.59
56,14.588
57,14.586
58,14.585
59,14.583
60,14.581
61,14.579
62,14.577
63,14.575
64,14.574
65,14.572
66,14.57
67,14.568
68,14.566
69,14.564
70,14.562
71,14.561
72,14.559
73,14.557
74,14.555
75,14.553
76,14.551
77,14.549
78,14.547
79,14.545
80,14.544
81,14.542
82,14.54
83,14.538
84,14.536
85,14.534
86,14.532
87,14.53
88,14.528
89,14.526
90,14.524
91,14.521
92,14.519
93,14.517
94,14.515
95,14.513
96,14.51
97,14.508
98,14.505
99,14.503
100,14.5
101,14.498
102,14.495
103,14.492
104,14.489
105,14.486
106,14.483
107,14.48
108,14.476
109,14.473
110,14.469
111,14.465
112,14.46
113,14.456
114,14.451
115,14.445
116,14.44
117,14.434
118,14.427
119,14.42
120,14.413
121,14.405
122,14.396
123,14.386
124,14.376
125,14.364
126,14.352
127,14.338
128,14.324
129,14.307
130,14.29
131,14.27
132,14.249
133,14.226
134,14.2
135,14.172
136,14.141
137,14.107
138,14.07
139,14.029
140,13.984
141,13.934
142,13.88
143,13.82
144,13.754
145,13.682
146,13.603
147,13.516
148,13.421
149,13.317
150,13.202
151,13.078
152,12.941
153,12.792
154,12.63
155,12.454
156,12.261
157,12.053
158,11.827
159,11.582
160,11.318
161,11.033
162,10.727
163,10.397
164,10.044
165,9.6663
166,9.2631
167,8.8336
168,8.377
169,7.8929
170,7.3806
171,6.8398
172,6.27
173,5.671
174,5.0428
175,4.3852
176,3.6983
177,2.9823
178,2.2373
179,1.4636
180,0.66169
181,-0.16813
182,-1.0254
183,-1.9095
184,-2.8199
185,-3.756
186,-4.7173
187,-5.703
188,-6.7126
189,-7.7453
190,-8.8005
191,-9.8776
192,-10.976
193,-12.095
194,-13.233
195,-14.391
196,-15.567
197,-16.762
198,-17.974
199,-19.202
200,-20.447
