0,16.334
1,16.332
2,16.33
3,16.329
4,16.327
5,16.325
6,16.323
7,16.321
8,16.319
9,16.318
10,16.316
11,16.314
12,16.312
13,16.31
14,16.308
15,16.307
16,16.305
17,16.303
18,16.301
19,16.299
20,16.297
21,16.296
22,16.294
23,16.292
24,16.29
25,16.288
26,16.286
27,16.285
28,16.283
29,16.281
30,16.279
31,16.277
32,16.275
33,16.274
34,16.272
35,16.27
36,16.268
37,16.266
38,16.264
39,16.262
40,16.261
41,16.259
42,16.257
43,16.255
44,16.253
45,16.251
46,16.249
47,16.248
48,16.246
49,16.244
50,16.242
51,16.24
52,16.238
53,16.236
54,16.234
55,16.232
56,16.23
57,16.228
58,16.226
59,16.224
60,16.222
61,16.22
62,16.218
63,16.216
64,16.214
65,16.212
66,16.21
67,16.207
68,16.205
69,16.203
70,16.201
71,16.198
72,16.196
73,16.193
74,16.191
75,16.188
76,16.185
77,16.183
78,16.18
79,16.177
80,16.173
81,16.17
82,16.167
83,16.163
84,16.159
85,16.155
86,16.151
87,16.147
88,16.142
89,16.137
90,16.132
91,16.126
92,16.12
93,16.114
94,16.107
95,16.099
96,16.091
97,16.083
98,16.073
99,16.063
100,16.052
101,16.04
102,16.027
103,16.013
104,15.998
105,15.982
106,15.964
107,15.944
108,15.922
109,15.899
110,15.873
111,15.845
112,15.815
113,15.781
114,15.745
115,15.705
116,15.661
117,15.614
118,15.561
119,15.504
120,15.442
121,15.374
122,15.3
123,15.219
124,15.13
125,15.034
126,14.929
127,14.814
128,14.69
129,14.554
130,14.407
131,14.247
132,14.074
133,13.887
134,13.685
135,13.466
136,13.23
137,12.977
138,12.704
139,12.412
140,12.098
141,11.763
142,11.406
143,11.025
144,10.619
145,10.19
146,9.7341
147,9.2527
148,8.7448
149,8.2099
150,7.6479
151,7.0584
152,6.4413
153,5.7965
154,5.1241
155,4.424
156,3.6966
157,2.9419
158,2.1602
159,1.352
160,0.51758
161,-0.34265
162,-1.2282
163,-2.1385
164,-3.0732
165,-4.0316
166,-5.0132
167,-6.0173
168,-7.0435
169,-8.0911
170,-9.1595
171,-10.248
172,-11.357
173,-12.484
174,-13.63
175,-14.794
176,-15.975
177,-17.173
178,-18.387
179,-19.617
180,-20.863
181,-22.123
182,-23.398
183,-24.686
184,-25.988
185,-27.303
186,-28.63
187,-29.97
188,-31.322
189,-32.685
190,-34.059
191,-35.444
192,-36.839
193,-38.244
194,-39.659
195,-41.083
196,-42.517
197,-43.96
198,-45.411
199,-46.87
200,-48.338
