0,24.678
1,24.676
2,24.674
3,24.673
4,24.671
5,24.669
6,24.667
7,24.665
8,24.663
9,24.662
10,24.66
11,24.658
12,24.656
13,24.654
14,24.652
15,24.651
16,24.649
17,24.647
18,24.645
19,24.643
20,24.642
21,24.64
22,24.638
23,24.636
24,24.634
25,24.632
26,24.631
27,24.629
28,24.627
29,24.625
30,24.623
31,24.621
32,24.62
33,24.618
34,24.616
35,24.614
36,24.612
37,24.61
38,24.609
39,24.607
40,24.605
41,24.603
42,24.601
43,24.599
44,24.597
45,24.596
46,24.594
47,24.592
48,24.59
49,24.588
50,24.586
51,24.585
52,24.583
53,24.581
54,24.579
55,24.577
56,24.575
57,24.573
58,24.572
59,24.57
60,24.568
61,24.566
62,24.564
63,24.562
64,24.56
65,24.558
66,24.557
67,24.555
68,24.553
69,24.551
70,24.549
71,24.547
72,24.545
73,24.543
74,24.541
75,24.539
76,24.537
77,24.535
78,24.533
79,24.531
80,24.529
81,24.527
82,24.524
83,24.522
84,24.52
85,24.518
86,24.515
87,24.513
88,24.51
89,24.508
90,24.505
91,24.502
92,24.5
93,24.497
94,24.494
95,24.491
96,24.487
97,24.484
98,24.48
99,24.476
100,24.472
101,24.468
102,24.464
103,24.459
104,24.454
105,24.448
106,24.442
107,24.436
108,24.429
109,24.422
110,24.414
111,24.406
112,24.397
113,24.387
114,24.376
115,24.364
116,24.351
117,24.337
118,24.322
119,24.305
120,24.286
121,24.266
122,24.244
123,24.22
124,24.194
125,24.165
126,24.133
127,24.098
128,24.06
129,24.018
130,23.972
131,23.921
132,23.866
133,23.805
134,23.738
135,23.664
136,23.584
137,23.496
138,23.399
139,23.294
140,23.178
141,23.052
142,22.915
143,22.765
144,22.602
145,22.424
146,22.231
147,22.022
148,21.796
149,21.552
150,21.288
151,21.003
152,20.697
153,20.369
154,20.018
155,19.642
156,19.241
157,18.814
158,18.361
159,17.88
160,17.372
161,16.836
162,16.271
163,15.677
164,15.055
165,14.403
166,13.723
167,13.014
168,12.276
169,11.51
170,10.715
171,9.8935
172,9.0445
173,8.1688
174,7.2669
175,6.3394
176,5.387
177,4.4101
178,3.4096
179,2.3859
180,1.3397
181,0.27171
182,-0.81744
183,-1.9271
184,-3.0567
185,-4.2055
186,-5.373
187,-6.5585
188,-7.7615
189,-8.9814
190,-10.218
191,-11.47
192,-12.737
193,-14.019
194,-15.315
195,-16.625
196,-17.949
197,-19.285
198,-20.634
199,-21.994
200,-23.367
