0,26.724
1,26.723
2,26.721
3,26.719
4,26.717
5,26.715
6,26.713
7,26.712
8,26.71
9,26.708
10,26.706
11,26.704
12,26.702
13,26.701
14,26.699
15,26.697
16,26.695
17,26.693
18,26.691
19,26.69
20,26.688
21,26.686
22,26.684
23,26.682
24,26.68
25,26.679
26,26.677
27,26.675
28,26.673
29,26.671
30,26.669
31,26.668
32,26.666
33,26.664
34,26.662
35,26.66
36,26.658
37,26.656
38,26.655
39,26.653
40,26.651
41,26.649
42,26.647
43,26.645
44,26.644
45,26.642
46,26.64
47,26.638
48,26.636
49,26.634
50,26.632
51,26.63
52,26.628
53,26.627
54,26.625
55,26.623
56,26.621
57,26.619
58,26.617
59,26.615
60,26.613
61,26.611
62,26.609
63,26.607
64,26.605
65,26.603
66,26.601
67,26.598
68,26.596
69,26.594
70,26.592
71,26.589
72,26.587
73,26.585
74,26.582
75,26.58
76,26.577
77,26.574
78,26.572
79,26.569
80,26.566
81,26.563
82,26.56
83,26.556
84,26.553
85,26.549
86,26.545
87,26.541
88,26.537
89,26.532
90,26.527
91,26.522
92,26.517
93,26.511
94,26.504
95,26.498
96,26.49
97,26.482
98,26.474
99,26.465
100,26.455
101,26.444
102,26.432
103,26.419
104,26.406
105,26.39
106,26.374
107,26.356
108,26.337
109,26.315
110,26.292
111,26.266
112,26.238
113,26.208
114,26.174
115,26.138
116,26.098
117,26.054
118,26.006
119,25.953
120,25.895
121,25.832
122,25.763
123,25.688
124,25.606
125,25.516
126,25.417
127,25.31
128,25.193
129,25.066
130,24.927
131,24.777
132,24.613
133,24.436
134,24.243
135,24.035
136,23.81
137,23.568
138,23.307
139,23.026
140,22.724
141,22.401
142,22.056
143,21.687
144,21.294
145,20.876
146,20.433
147,19.963
148,19.467
149,18.943
150,18.392
151,17.813
152,17.207
153,16.572
154,15.909
155,15.218
156,14.499
157,13.752
158,12.978
159,12.176
160,11.348
161,10.494
162,9.6137
163,8.7082
164,7.7779
165,6.8234
166,5.8452
167,4.844
168,3.8204
169,2.7749
170,1.7083
171,0.62097
172,-0.48632
173,-1.613
174,-2.7585
175,-3.9222
176,-5.1036
177,-6.3021
178,-7.5172
179,-8.7482
180,-9.9948
181,-11.256
182,-12.532
183,-13.823
184,-15.126
185,-16.443
186,-17.773
187,-19.115
188,-20.469
189,-21.834
190,-23.211
191,-24.598
192,-25.996
193,-27.404
194,-28.822
195,-30.249
196,-31.686
197,-33.131
198,-34.586
199,-36.048
200,-37.519
