0,26.91
1,26.908
2,26.906
3,26.905
4,26.903
5,26.901
6,26.899
7,26.897
8,26.895
9,26.894
10,26.892
11,26.89
12,26.888
13,26.886
14,26.884
15,26.883
16,26.881
17,26.879
18,26.877
19,26.875
20,26.873
21,26.872
22,26.87
23,26.868
24,26.866
25,26.864
26,26.862
27,26.861
28,26.859
29,26.857
30,26.855
31,26.853
32,26.851
33,26.85
34,26.848
35,26.846
36,26.844
37,26.842
38,26.84
39,26.839
40,26.837
41,26.835
42,26.833
43,26.831
44,26.829
45,26.827
46,26.826
47,26.824
48,26.822
49,26.82
50,26.818
51,26.816
52,26.814
53,26.813
54,26.811
55,26.809
56,26.807
57,26.805
58,26.803
59,26.801
60,26.799
61,26.797
62,26.795
63,26.793
64,26.792
65,26.79
66,26.788
67,26.786
68,26.784
69,26.781
70,26.779
71,26.777
72,26.775
73,26.773
74,26.771
75,26.769
76,26.766
77,26.764
78,26.762
79,26.759
80,26.757
81,26.754
82,26.752
83,26.749
84,26.746
85,26.743
86,26.74
87,26.737
88,26.734
89,26.73
90,26.727
91,26.723
92,26.719
93,26.714
94,26.71
95,26.705
96,26.7
97,26.695
98,26.689
99,26.683
100,26.676
101,26.669
102,26.661
103,26.653
104,26.644
105,26.634
106,26.623
107,26.612
108,26.599
109,26.585
110,26.57
111,26.554
112,26.536
113,26.517
114,26.496
115,26.473
116,26.447
117,26.419
118,26.389
119,26.355
120,26.319
121,26.279
122,26.235
123,26.186
124,26.133
125,26.075
126,26.012
127,25.942
128,25.866
129,25.783
130,25.692
131,25.592
132,25.484
133,25.365
134,25.236
135,25.095
136,24.942
137,24.775
138,24.594
139,24.398
140,24.185
141,23.956
142,23.708
143,23.441
144,23.154
145,22.845
146,22.515
147,22.161
148,21.784
149,21.381
150,20.954
151,20.5
152,20.019
153,19.511
154,18.975
155,18.412
156,17.82
157,17.199
158,16.551
159,15.873
160,15.168
161,14.434
162,13.672
163,12.883
164,12.066
165,11.222
166,10.352
167,9.4568
168,8.5357
169,7.5899
170,6.6199
171,5.6264
172,4.61
173,3.5713
174,2.5108
175,1.4294
176,0.32746
177,-0.79427
178,-1.9352
179,-3.0947
180,-4.2723
181,-5.4673
182,-6.6791
183,-7.9073
184,-9.1513
185,-10.411
186,-11.685
187,-12.973
188,-14.275
189,-15.591
190,-16.919
191,-18.26
192,-19.613
193,-20.978
194,-22.354
195,-23.741
196,-25.139
197,-26.547
198,-27.965
199,-29.393
200,-30.83
