0,25.514
1,25.512
2,25.51
3,25.509
4,25.507
5,25.505
6,25.503
7,25.501
8,25.499
9,25.498
10,25.496
11,25.494
12,25.492
13,25.49
14,25.488
15,25.487
16,25.485
17,25.483
18,25.481
19,25.479
20,25.477
21,25.476
22,25.474
23,25.472
24,25.47
25,25.468
26,25.466
27,25.465
28,25.463
29,25.461
30,25.459
31,25.457
32,25.455
33,25.454
34,25.452
35,25.45
36,25.448
37,25.446
38,25.444
39,25.443
40,25.441
41,25.439
42,25.437
43,25.435
44,25.433
45,25.432
46,25.43
47,25.428
48,25.426
49,25.424
50,25.422
51,25.421
52,25.419
53,25.417
54,25.415
55,25.413
56,25.411
57,25.41
58,25.408
59,25.406
60,25.404
61,25.402
62,25.4
63,25.399
64,25.397
65,25.395
66,25.393
67,25.391
68,25.389
69,25.388
70,25.386
71,25.384
72,25.382
73,25.38
74,25.378
75,25.377
76,25.375
77,25.373
78,25.371
79,25.369
80,25.367
81,25.365
82,25.363
83,25.362
84,25.36
85,25.358
86,25.356
87,25.354
88,25.352
89,25.35
90,25.348
91,25.346
92,25.344
93,25.342
94,25.34
95,25.338
96,25.336
97,25.334
98,25.332
99,25.33
100,25.328
101,25.326
102,25.324
103,25.321
104,25.319
105,25.317
106,25.314
107,25.312
108,25.309
109,25.307
110,25.304
111,25.301
112,25.298
113,25.295
114,25.292
115,25.289
116,25.285
117,25.282
118,25.278
119,25.274
120,25.269
121,25.265
122,25.26
123,25.254
124,25.249
125,25.242
126,25.236
127,25.229
128,25.221
129,25.213
130,25.203
131,25.193
132,25.182
133,25.171
134,25.158
135,25.143
136,25.128
137,25.11
138,25.092
139,25.071
140,25.048
141,25.023
142,24.995
143,24.965
144,24.931
145,24.894
146,24.853
147,24.808
148,24.758
149,24.703
150,24.643
151,24.576
152,24.503
153,24.422
154,24.333
155,24.236
156,24.128
157,24.011
158,23.881
159,23.74
160,23.585
161,23.416
162,23.231
163,23.03
164,22.811
165,22.574
166,22.316
167,22.038
168,21.737
169,21.413
170,21.065
171,20.691
172,20.291
173,19.864
174,19.41
175,18.926
176,18.414
177,17.872
178,17.3
179,16.698
180,16.065
181,15.402
182,14.709
183,13.986
184,13.233
185,12.45
186,11.638
187,10.798
188,9.9292
189,9.0331
190,8.11
191,7.1606
192,6.1856
193,5.1857
194,4.1615
195,3.1138
196,2.0433
197,0.95071
198,-0.16328
199,-1.298
200,-2.4526
