0,24.392
1,24.39
2,24.388
3,24.386
4,24.385
5,24.383
6,24.381
7,24.379
8,24.377
9,24.375
10,24.374
11,24.372
12,24.37
13,24.368
14,24.366
15,24.364
16,24.363
17,24.361
18,24.359
19,24.357
20,24.355
21,24.354
22,24.352
23,24.35
24,24.348
25,24.346
26,24.344
27,24.343
28,24.341
29,24.339
30,24.337
31,24.335
32,24.333
33,24.332
34,24.33
35,24.328
36,24.326
37,24.324
38,24.322
39,24.321
40,24.319
41,24.317
42,24.315
43,24.313
44,24.311
45,24.31
46,24.308
47,24.306
48,24.304
49,24.302
50,24.3
51,24.298
52,24.297
53,24.295
54,24.293
55,24.291
56,24.289
57,24.287
58,24.286
59,24.284
60,24.282
61,24.28
62,24.278
63,24.276
64,24.274
65,24.273
66,24.271
67,24.269
68,24.267
69,24.265
70,24.263
71,24.261
72,24.259
73,24.257
74,24.255
75,24.254
76,24.252
77,24.25
78,24.248
79,24.246
80,24.244
81,24.242
82,24.24
83,24.237
84,24.235
85,24.233
86,24.231
87,24.229
88,24.227
89,24.224
90,24.222
91,24.22
92,24.217
93,24.215
94,24.212
95,24.209
96,24.207
97,24.204
98,24.201
99,24.198
100,24.194
101,24.191
102,24.187
103,24.184
104,24.18
105,24.175
106,24.171
107,24.166
108,24.161
109,24.156
110,24.15
111,24.144
112,24.137
113,24.13
114,24.122
115,24.114
116,24.105
117,24.095
118,24.084
119,24.072
120,24.059
121,24.045
122,24.03
123,24.014
124,23.995
125,23.975
126,23.953
127,23.929
128,23.903
129,23.874
130,23.842
131,23.807
132,23.769
133,23.726
134,23.68
135,23.629
136,23.573
137,23.511
138,23.444
139,23.37
140,23.288
141,23.199
142,23.101
143,22.994
144,22.877
145,22.749
146,22.61
147,22.457
148,22.291
149,22.111
150,21.915
151,21.702
152,21.471
153,21.222
154,20.953
155,20.662
156,20.35
157,20.016
158,19.657
159,19.273
160,18.864
161,18.429
162,17.966
163,17.476
164,16.958
165,16.411
166,15.835
167,15.23
168,14.596
169,13.933
170,13.24
171,12.519
172,11.768
173,10.989
174,10.182
175,9.3478
176,8.4859
177,7.5973
178,6.6826
179,5.7423
180,4.7771
181,3.7876
182,2.7745
183,1.7383
184,0.67988
185,-0.40024
186,-1.5014
187,-2.6228
188,-3.764
189,-4.9243
190,-6.103
191,-7.2996
192,-8.5135
193,-9.744
194,-10.991
195,-12.253
196,-13.53
197,-14.822
198,-16.128
199,-17.448
200,-18.78
