0,18.578
1,18.576
2,18.574
3,18.573
4,18.571
5,18.569
6,18.567
7,18.565
8,18.563
9,18.562
10,18.56
11,18.558
12,18.556
13,18.554
14,18.552
15,18.551
16,18.549
17,18.547
18,18.545
19,18.543
20,18.541
21,18.54
22,18.538
23,18.536
24,18.534
25,18.532
26,18.53
27,18.529
28,18.527
29,18.525
30,18.523
31,18.521
32,18.519
33,18.518
34,18.516
35,18.514
36,18.512
37,18.51
38,18.508
39,18.507
40,18.505
41,18.503
42,18.501
43,18.499
44,18.497
45,18.496
46,18.494
47,18.492
48,18.49
49,18.488
50,18.486
51,18.485
52,18.483
53,18.481
54,18.479
55,18.477
56,18.475
57,18.473
58,18.472
59,18.47
60,18.468
61,18.466
62,18.464
63,18.462
64,18.46
65,18.458
66,18.456
67,18.455
68,18.453
69,18.451
70,18.449
71,18.447
72,18.445
73,18.443
74,18.441
75,18.439
76,18.437
77,18.435
78,18.433
79,18.43
80,18.428
81,18.426
82,18.424
83,18.422
84,18.419
85,18.417
86,18.415
87,18.412
88,18.409
89,18.407
90,18.404
91,18.401
92,18.398
93,18.395
94,18.392
95,18.389
96,18.386
97,18.382
98,18.378
99,18.374
100,18.37
101,18.365
102,18.361
103,18.356
104,18.35
105,18.344
106,18.338
107,18.332
108,18.324
109,18.317
110,18.308
111,18.299
112,18.289
113,18.279
114,18.267
115,18.254
116,18.241
117,18.226
118,18.209
119,18.192
120,18.172
121,18.151
122,18.127
123,18.102
124,18.073
125,18.043
126,18.009
127,17.972
128,17.931
129,17.887
130,17.838
131,17.784
132,17.725
133,17.661
134,17.591
135,17.513
136,17.429
137,17.336
138,17.235
139,17.124
140,17.003
141,16.872
142,16.728
143,16.572
144,16.402
145,16.218
146,16.018
147,15.801
148,15.567
149,15.314
150,15.042
151,14.749
152,14.435
153,14.097
154,13.737
155,13.352
156,12.942
157,12.506
158,12.043
159,11.554
160,11.037
161,10.492
162,9.9182
163,9.3163
164,8.6857
165,8.0265
166,7.3386
167,6.6222
168,5.8775
169,5.1049
170,4.3045
171,3.4769
172,2.6225
173,1.7417
174,0.83518
175,-0.096615
176,-1.0531
177,-2.0335
178,-3.0375
179,-4.0642
180,-5.113
181,-6.1834
182,-7.2747
183,-8.3863
184,-9.5175
185,-10.668
186,-11.836
187,-13.023
188,-14.227
189,-15.447
190,-16.684
191,-17.936
192,-19.203
193,-20.485
194,-21.781
195,-23.091
196,-24.414
197,-25.75
198,-27.098
199,-28.458
200,-29.829
