0,28.883
1,28.881
2,28.879
3,28.877
4,28.875
5,28.873
6,28.872
7,28.87
8,28.868
9,28.866
10,28.864
11,28.862
12,28.861
13,28.859
14,28.857
15,28.855
16,28.853
17,28.851
18,28.85
19,28.848
20,28.846
21,28.844
22,28.842
23,28.84
24,28.839
25,28.837
26,28.835
27,28.833
28,28.831
29,28.829
30,28.828
31,28.826
32,28.824
33,28.822
34,28.82
35,28.818
36,28.816
37,28.815
38,28.813
39,28.811
40,28.809
41,28.807
42,28.805
43,28.804
44,28.802
45,28.8
46,28.798
47,28.796
48,28.794
49,28.792
50,28.79
51,28.789
52,28.787
53,28.785
54,28.783
55,28.781
56,28.779
57,28.777
58,28.775
59,28.773
60,28.771
61,28.769
62,28.767
63,28.765
64,28.763
65,28.761
66,28.759
67,28.757
68,28.755
69,28.753
70,28.751
71,28.748
72,28.746
73,28.744
74,28.741
75,28.739
76,28.737
77,28.734
78,28.731
79,28.729
80,28.726
81,28.723
82,28.72
83,28.717
84,28.714
85,28.71
86,28.707
87,28.703
88,28.699
89,28.695
90,28.69
91,28.686
92,28.681
93,28.675
94,28.67
95,28.663
96,28.657
97,28.65
98,28.642
99,28.634
100,28.625
101,28.616
102,28.605
103,28.594
104,28.582
105,28.569
106,28.554
107,28.538
108,28.521
109,28.503
110,28.482
111,28.46
112,28.435
113,28.408
114,28.379
115,28.347
116,28.311
117,28.273
118,28.231
119,28.184
120,28.133
121,28.078
122,28.017
123,27.95
124,27.878
125,27.798
126,27.711
127,27.615
128,27.511
129,27.398
130,27.274
131,27.139
132,26.993
133,26.833
134,26.66
135,26.472
136,26.269
137,26.049
138,25.812
139,25.556
140,25.281
141,24.985
142,24.667
143,24.328
144,23.965
145,23.578
146,23.166
147,22.728
148,22.264
149,21.774
150,21.256
151,20.71
152,20.137
153,19.536
154,18.906
155,18.248
156,17.561
157,16.847
158,16.104
159,15.334
160,14.537
161,13.713
162,12.862
163,11.985
164,11.082
165,10.154
166,9.2024
167,8.2266
168,7.2275
169,6.2058
170,5.162
171,4.0969
172,3.0109
173,1.9048
174,0.77916
175,-0.36546
176,-1.5285
177,-2.7092
178,-3.9073
179,-5.1219
180,-6.3528
181,-7.5992
182,-8.8608
183,-10.137
184,-11.427
185,-12.731
186,-14.048
187,-15.378
188,-16.721
189,-18.075
190,-19.441
191,-20.818
192,-22.206
193,-23.605
194,-25.014
195,-26.432
196,-27.861
197,-29.298
198,-30.745
199,-32.2
200,-33.663
