0,19.287
1,19.285
2,19.283
3,19.281
4,19.279
5,19.278
6,19.276
7,19.274
8,19.272
9,19.27
10,19.268
11,19.267
12,19.265
13,19.263
14,19.261
15,19.259
16,19.257
17,19.256
18,19.254
19,19.252
20,19.25
21,19.248
22,19.246
23,19.245
24,19.243
25,19.241
26,19.239
27,19.237
28,19.235
29,19.234
30,19.232
31,19.23
32,19.228
33,19.226
34,19.224
35,19.223
36,19.221
37,19.219
38,19.217
39,19.215
40,19.213
41,19.212
42,19.21
43,19.208
44,19.206
45,19.204
46,19.202
47,19.201
48,19.199
49,19.197
50,19.195
51,19.193
52,19.191
53,19.19
54,19.188
55,19.186
56,19.184
57,19.182
58,19.18
59,19.178
60,19.177
61,19.175
62,19.173
63,19.171
64,19.169
65,19.167
66,19.165
67,19.164
68,19.162
69,19.16
70,19.158
71,19.156
72,19.154
73,19.152
74,19.15
75,19.149
76,19.147
77,19.145
78,19.143
79,19.141
80,19.139
81,19.137
82,19.135
83,19.133
84,19.131
85,19.129
86,19.127
87,19.124
88,19.122
89,19.12
90,19.118
91,19.116
92,19.113
93,19.111
94,19.109
95,19.106
96,19.104
97,19.101
98,19.098
99,19.095
100,19.093
101,19.09
102,19.086
103,19.083
104,19.08
105,19.076
106,19.072
107,19.068
108,19.064
109,19.059
110,19.054
111,19.049
112,19.044
113,19.038
114,19.031
115,19.025
116,19.017
117,19.009
118,19.001
119,18.991
120,18.981
121,18.97
122,18.958
123,18.945
124,18.93
125,18.915
126,18.897
127,18.878
128,18.858
129,18.835
130,18.81
131,18.783
132,18.753
133,18.72
134,18.684
135,18.644
136,18.601
137,18.553
138,18.5
139,18.442
140,18.379
141,18.309
142,18.232
143,18.148
144,18.056
145,17.956
146,17.845
147,17.725
148,17.593
149,17.449
150,17.292
151,17.121
152,16.935
153,16.733
154,16.515
155,16.278
156,16.022
157,15.745
158,15.448
159,15.128
160,14.785
161,14.418
162,14.026
163,13.608
164,13.163
165,12.691
166,12.191
167,11.663
168,11.107
169,10.521
170,9.906
171,9.2619
172,8.5885
173,7.886
174,7.1546
175,6.3944
176,5.6059
177,4.7894
178,3.9453
179,3.0742
180,2.1766
181,1.253
182,0.30412
183,-0.66948
184,-1.6672
185,-2.6882
186,-3.7321
187,-4.798
188,-5.8854
189,-6.9936
190,-8.1219
191,-9.2697
192,-10.436
193,-11.621
194,-12.824
195,-14.044
196,-15.28
197,-16.532
198,-17.799
199,-19.082
200,-20.378
