0,14.348
1,14.346
2,14.344
3,14.342
4,14.34
5,14.339
6,14.337
7,14.335
8,14.333
9,14.331
10,14.329
11,14.328
12,14.326
13,14.324
14,14.322
15,14.32
16,14.318
17,14.317
18,14.315
19,14.313
20,14.311
21,14.309
22,14.307
23,14.306
24,14.304
25,14.302
26,14.3
27,14.298
28,14.296
29,14.295
30,14.293
31,14.291
32,14.289
33,14.287
34,14.285
35,14.284
36,14.282
37,14.28
38,14.278
39,14.276
40,14.274
41,14.273
42,14.271
43,14.269
44,14.267
45,14.265
46,14.263
47,14.262
48,14.26
49,14.258
50,14.256
51,14.254
52,14.252
53,14.251
54,14.249
55,14.247
56,14.245
57,14.243
58,14.241
59,14.24
60,14.238
61,14.236
62,14.234
63,14.232
64,14.23
65,14.228
66,14.227
67,14.225
68,14.223
69,14.221
70,14.219
71,14.217
72,14.215
73,14.213
74,14.211
75,14.209
76,14.207
77,14.206
78,14.204
79,14.202
80,14.2
81,14.198
82,14.196
83,14.193
84,14.191
85,14.189
86,14.187
87,14.185
88,14.183
89,14.181
90,14.178
91,14.176
92,14.174
93,14.171
94,14.169
95,14.166
96,14.163
97,14.161
98,14.158
99,14.155
100,14.152
101,14.148
102,14.145
103,14.141
104,14.138
105,14.134
106,14.13
107,14.125
108,14.12
109,14.115
110,14.11
111,14.104
112,14.098
113,14.092
114,14.085
115,14.077
116,14.069
117,14.06
118,14.05
119,14.04
120,14.028
121,14.016
122,14.002
123,13.987
124,13.971
125,13.953
126,13.934
127,13.913
128,13.889
129,13.864
130,13.836
131,13.805
132,13.772
133,13.735
134,13.694
135,13.649
136,13.601
137,13.547
138,13.488
139,13.423
140,13.352
141,13.275
142,13.19
143,13.096
144,12.994
145,12.883
146,12.761
147,12.628
148,12.483
149,12.324
150,12.153
151,11.966
152,11.763
153,11.543
154,11.306
155,11.049
156,10.773
157,10.475
158,10.155
159,9.8127
160,9.4461
161,9.0547
162,8.6378
163,8.1946
164,7.7244
165,7.2266
166,6.7009
167,6.1468
168,5.5641
169,4.9525
170,4.3119
171,3.6424
172,2.9441
173,2.217
174,1.4615
175,0.67777
176,-0.13371
177,-0.97255
178,-1.8383
179,-2.7304
180,-3.6482
181,-4.5913
182,-5.5591
183,-6.5508
184,-7.5658
185,-8.6036
186,-9.6635
187,-10.745
188,-11.847
189,-12.969
190,-14.111
191,-15.271
192,-16.45
193,-17.646
194,-18.86
195,-20.09
196,-21.336
197,-22.598
198,-23.874
199,-25.165
200,-26.47
