0,25.25
1,25.249
2,25.247
3,25.245
4,25.243
5,25.241
6,25.239
7,25.238
8,25.236
9,25.234
10,25.232
11,25.23
12,25.229
13,25.227
14,25.225
15,25.223
16,25.221
17,25.219
18,25.218
19,25.216
20,25.214
21,25.212
22,25.21
23,25.208
24,25.207
25,25.205
26,25.203
27,25.201
28,25.199
29,25.197
30,25.196
31,25.194
32,25.192
33,25.19
34,25.188
35,25.186
36,25.184
37,25.183
38,25.181
39,25.179
40,25.177
41,25.175
42,25.173
43,25.172
44,25.17
45,25.168
46,25.166
47,25.164
48,25.162
49,25.16
50,25.159
51,25.157
52,25.155
53,25.153
54,25.151
55,25.149
56,25.147
57,25.145
58,25.143
59,25.142
60,25.14
61,25.138
62,25.136
63,25.134
64,25.132
65,25.13
66,25.128
67,25.126
68,25.124
69,25.122
70,25.12
71,25.118
72,25.115
73,25.113
74,25.111
75,25.109
76,25.106
77,25.104
78,25.102
79,25.099
80,25.097
81,25.094
82,25.091
83,25.089
84,25.086
85,25.083
86,25.08
87,25.077
88,25.073
89,25.07
90,25.066
91,25.062
92,25.058
93,25.053
94,25.049
95,25.044
96,25.039
97,25.033
98,25.027
99,25.021
100,25.014
101,25.006
102,24.998
103,24.99
104,24.98
105,24.97
106,24.959
107,24.947
108,24.934
109,24.92
110,24.904
111,24.887
112,24.869
113,24.849
114,24.827
115,24.802
116,24.776
117,24.747
118,24.715
119,24.681
120,24.643
121,24.601
122,24.555
123,24.505
124,24.451
125,24.39
126,24.325
127,24.253
128,24.174
129,24.088
130,23.994
131,23.891
132,23.778
133,23.656
134,23.523
135,23.377
136,23.219
137,23.048
138,22.862
139,22.66
140,22.442
141,22.206
142,21.952
143,21.678
144,21.384
145,21.069
146,20.731
147,20.369
148,19.984
149,19.574
150,19.138
151,18.676
152,18.187
153,17.671
154,17.127
155,16.555
156,15.955
157,15.326
158,14.669
159,13.984
160,13.27
161,12.529
162,11.759
163,10.962
164,10.139
165,9.2881
166,8.4114
167,7.5091
168,6.5818
169,5.6299
170,4.6541
171,3.6549
172,2.6331
173,1.5891
174,0.52372
175,-0.56252
176,-1.669
177,-2.7951
178,-3.9402
179,-5.1037
180,-6.285
181,-7.4836
182,-8.6989
183,-9.9304
184,-11.177
185,-12.44
186,-13.717
187,-15.008
188,-16.312
189,-17.63
190,-18.961
191,-20.304
192,-21.66
193,-23.026
194,-24.404
195,-25.793
196,-27.193
197,-28.602
198,-30.022
199,-31.451
200,-32.889
