0,20.906
1,20.905
2,20.903
3,20.901
4,20.899
5,20.897
6,20.895
7,20.894
8,20.892
9,20.89
10,20.888
11,20.886
12,20.884
13,20.883
14,20.881
15,20.879
16,20.877
17,20.875
18,20.873
19,20.872
20,20.87
21,20.868
22,20.866
23,20.864
24,20.862
25,20.861
26,20.859
27,20.857
28,20.855
29,20.853
30,20.851
31,20.85
32,20.848
33,20.846
34,20.844
35,20.842
36,20.84
37,20.839
38,20.837
39,20.835
40,20.833
41,20.831
42,20.829
43,20.828
44,20.826
45,20.824
46,20.822
47,20.82
48,20.818
49,20.817
50,20.815
51,20.813
52,20.811
53,20.809
54,20.807
55,20.806
56,20.804
57,20.802
58,20.8
59,20.798
60,20.796
61,20.794
62,20.793
63,20.791
64,20.789
65,20.787
66,20.785
67,20.783
68,20.781
69,20.78
70,20.778
71,20.776
72,20.774
73,20.772
74,20.77
75,20.768
76,20.766
77,20.764
78,20.762
79,20.761
80,20.759
81,20.757
82,20.755
83,20.753
84,20.751
85,20.749
86,20.746
87,20.744
88,20.742
89,20.74
90,20.738
91,20.736
92,20.733
93,20.731
94,20.729
95,20.726
96,20.724
97,20.721
98,20.718
99,20.716
100,20.713
101,20.71
102,20.707
103,20.704
104,20.7
105,20.697
106,20.693
107,20.689
108,20.685
109,20.68
110,20.676
111,20.671
112,20.665
113,20.66
114,20.654
115,20.647
116,20.64
117,20.632
118,20.624
119,20.615
120,20.605
121,20.594
122,20.583
123,20.57
124,20.556
125,20.541
126,20.525
127,20.507
128,20.487
129,20.465
130,20.441
131,20.415
132,20.386
133,20.355
134,20.32
135,20.282
136,20.24
137,20.194
138,20.143
139,20.088
140,20.026
141,19.959
142,19.885
143,19.805
144,19.716
145,19.619
146,19.512
147,19.395
148,19.268
149,19.129
150,18.977
151,18.811
152,18.631
153,18.435
154,18.223
155,17.992
156,17.743
157,17.474
158,17.184
159,16.873
160,16.538
161,16.179
162,15.795
163,15.386
164,14.95
165,14.487
166,13.996
167,13.477
168,12.93
169,12.353
170,11.747
171,11.112
172,10.448
173,9.7539
174,9.0311
175,8.2793
176,7.499
177,6.6904
178,5.8541
179,4.9905
180,4.1002
181,3.1837
182,2.2415
183,1.2745
184,0.28307
185,-0.73199
186,-1.7701
187,-2.8305
188,-3.9126
189,-5.0157
190,-6.1391
191,-7.2823
192,-8.4446
193,-9.6253
194,-10.824
195,-12.04
196,-13.272
197,-14.521
198,-15.785
199,-17.064
200,-18.358
