0,15.138
1,15.136
2,15.134
3,15.132
4,15.13
5,15.129
6,15.127
7,15.125
8,15.123
9,15.121
10,15.119
11,15.118
12,15.116
13,15.114
14,15.112
15,15.11
16,15.108
17,15.107
18,15.105
19,15.103
20,15.101
21,15.099
22,15.097
23,15.096
24,15.094
25,15.092
26,15.09
27,15.088
28,15.086
29,15.085
30,15.083
31,15.081
32,15.079
33,15.077
34,15.075
35,15.074
36,15.072
37,15.07
38,15.068
39,15.066
40,15.065
41,15.063
42,15.061
43,15.059
44,15.057
45,15.055
46,15.054
47,15.052
48,15.05
49,15.048
50,15.046
51,15.044
52,15.043
53,15.041
54,15.039
55,15.037
56,15.035
57,15.033
58,15.032
59,15.03
60,15.028
61,15.026
62,15.024
63,15.022
64,15.021
65,15.019
66,15.017
67,15.015
68,15.013
69,15.011
70,15.01
71,15.008
72,15.006
73,15.004
74,15.002
75,15
76,14.998
77,14.997
78,14.995
79,14.993
80,14.991
81,14.989
82,14.987
83,14.986
84,14.984
85,14.982
86,14.98
87,14.978
88,14.976
89,14.974
90,14.972
91,14.971
92,14.969
93,14.967
94,14.965
95,14.963
96,14.961
97,14.959
98,14.957
99,14.955
100,14.953
101,14.951
102,14.949
103,14.947
104,14.945
105,14.943
106,14.941
107,14.939
108,14.937
109,14.934
110,14.932
111,14.93
112,14.928
113,14.925
114,14.923
115,14.92
116,14.917
117,14.915
118,14.912
119,14.909
120,14.906
121,14.903
122,14.899
123,14.896
124,14.892
125,14.888
126,14.884
127,14.88
128,14.875
129,14.87
130,14.864
131,14.859
132,14.852
133,14.846
134,14.838
135,14.83
136,14.822
137,14.812
138,14.802
139,14.791
140,14.779
141,14.765
142,14.751
143,14.735
144,14.717
145,14.697
146,14.676
147,14.653
148,14.627
149,14.598
150,14.567
151,14.532
152,14.494
153,14.451
154,14.405
155,14.353
156,14.297
157,14.234
158,14.165
159,14.089
160,14.006
161,13.914
162,13.813
163,13.701
164,13.579
165,13.446
166,13.299
167,13.139
168,12.964
169,12.773
170,12.565
171,12.339
172,12.094
173,11.828
174,11.54
175,11.23
176,10.896
177,10.538
178,10.153
179,9.7416
180,9.3028
181,8.8357
182,8.3397
183,7.8143
184,7.2591
185,6.6736
186,6.0578
187,5.4116
188,4.7349
189,4.0279
190,3.2908
191,2.5238
192,1.7274
193,0.90192
194,0.047961
195,-0.83396
196,-1.7432
197,-2.6792
198,-3.6413
199,-4.6287
200,-5.6408
