0,11.345
1,11.343
2,11.341
3,11.34
4,11.338
5,11.336
6,11.334
7,11.332
8,11.33
9,11.329
10,11.327
11,11.325
12,11.323
13,11.321
14,11.319
15,11.318
16,11.316
17,11.314
18,11.312
19,11.31
20,11.308
21,11.307
22,11.305
23,11.303
24,11.301
25,11.299
26,11.297
27,11.296
28,11.294
29,11.292
30,11.29
31,11.288
32,11.287
33,11.285
34,11.283
35,11.281
36,11.279
37,11.277
38,11.276
39,11.274
40,11.272
41,11.27
42,11.268
43,11.266
44,11.265
45,11.263
46,11.261
47,11.259
48,11.257
49,11.255
50,11.254
51,11.252
52,11.25
53,11.248
54,11.246
55,11.244
56,11.242
57,11.241
58,11.239
59,11.237
60,11.235
61,11.233
62,11.231
63,11.23
64,11.228
65,11.226
66,11.224
67,11.222
68,11.22
69,11.218
70,11.217
71,11.215
72,11.213
73,11.211
74,11.209
75,11.207
76,11.205
77,11.203
78,11.202
79,11.2
80,11.198
81,11.196
82,11.194
83,11.192
84,11.19
85,11.188
86,11.186
87,11.184
88,11.182
89,11.18
90,11.178
91,11.176
92,11.173
93,11.171
94,11.169
95,11.167
96,11.165
97,11.162
98,11.16
99,11.157
100,11.155
101,11.152
102,11.149
103,11.147
104,11.144
105,11.141
106,11.138
107,11.134
108,11.131
109,11.127
110,11.124
111,11.12
112,11.115
113,11.111
114,11.106
115,11.101
116,11.095
117,11.089
118,11.083
119,11.076
120,11.069
121,11.061
122,11.053
123,11.043
124,11.033
125,11.022
126,11.01
127,10.997
128,10.983
129,10.968
130,10.951
131,10.932
132,10.912
133,10.889
134,10.865
135,10.838
136,10.808
137,10.776
138,10.74
139,10.701
140,10.658
141,10.61
142,10.558
143,10.501
144,10.438
145,10.37
146,10.294
147,10.211
148,10.12
149,10.02
150,9.9115
151,9.7922
152,9.6619
153,9.5196
154,9.3645
155,9.1955
156,9.0118
157,8.8121
158,8.5957
159,8.3612
160,8.1078
161,7.8343
162,7.5397
163,7.223
164,6.8832
165,6.5193
166,6.1305
167,5.716
168,5.2749
169,4.8066
170,4.3106
171,3.7864
172,3.2334
173,2.6516
174,2.0406
175,1.4004
176,0.73099
177,0.032385
178,-0.69521
179,-1.4515
180,-2.2363
181,-3.0491
182,-3.8895
183,-4.7571
184,-5.6512
185,-6.5713
186,-7.5168
187,-8.4872
188,-9.4817
189,-10.5
190,-11.541
191,-12.604
192,-13.688
193,-14.794
194,-15.919
195,-17.064
196,-18.229
197,-19.411
198,-20.611
199,-21.829
200,-23.063
