0,11.256
1,11.255
2,11.253
3,11.251
4,11.249
5,11.247
6,11.245
7,11.244
8,11.242
9,11.24
10,11.238
11,11.236
12,11.234
13,11.233
14,11.231
15,11.229
16,11.227
17,11.225
18,11.223
19,11.222
20,11.22
21,11.218
22,11.216
23,11.214
24,11.212
25,11.211
26,11.209
27,11.207
28,11.205
29,11.203
30,11.201
31,11.2
32,11.198
33,11.196
34,11.194
35,11.192
36,11.19
37,11.189
38,11.187
39,11.185
40,11.183
41,11.181
42,11.179
43,11.178
44,11.176
45,11.174
46,11.172
47,11.17
48,11.168
49,11.167
50,11.165
51,11.163
52,11.161
53,11.159
54,11.157
55,11.156
56,11.154
57,11.152
58,11.15
59,11.148
60,11.146
61,11.145
62,11.143
63,11.141
64,11.139
65,11.137
66,11.135
67,11.134
68,11.132
69,11.13
70,11.128
71,11.126
72,11.124
73,11.122
74,11.121
75,11.119
76,11.117
77,11.115
78,11.113
79,11.111
80,11.109
81,11.107
82,11.105
83,11.103
84,11.102
85,11.1
86,11.098
87,11.096
88,11.094
89,11.092
90,11.09
91,11.088
92,11.086
93,11.083
94,11.081
95,11.079
96,11.077
97,11.075
98,11.073
99,11.07
100,11.068
101,11.066
102,11.063
103,11.06
104,11.058
105,11.055
106,11.052
107,11.049
108,11.046
109,11.043
110,11.04
111,11.036
112,11.033
113,11.029
114,11.025
115,11.021
116,11.016
117,11.011
118,11.006
119,11
120,10.994
121,10.988
122,10.981
123,10.974
124,10.965
125,10.957
126,10.947
127,10.937
128,10.926
129,10.913
130,10.9
131,10.885
132,10.869
133,10.852
134,10.832
135,10.811
136,10.788
137,10.763
138,10.735
139,10.704
140,10.67
141,10.633
142,10.592
143,10.547
144,10.498
145,10.444
146,10.384
147,10.319
148,10.247
149,10.168
150,10.081
151,9.9864
152,9.8823
153,9.7684
154,9.6437
155,9.5075
156,9.3587
157,9.1965
158,9.0199
159,8.8278
160,8.6192
161,8.393
162,8.1482
163,7.8837
164,7.5984
165,7.2913
166,6.9613
167,6.6075
168,6.2289
169,5.8247
170,5.3942
171,4.9365
172,4.4511
173,3.9374
174,3.3951
175,2.8237
176,2.223
177,1.5929
178,0.93344
179,0.24454
180,-0.47361
181,-1.2208
182,-1.9967
183,-2.8009
184,-3.6331
185,-4.4928
186,-5.3793
187,-6.2922
188,-7.2309
189,-8.1947
190,-9.183
191,-10.195
192,-11.23
193,-12.288
194,-13.368
195,-14.469
196,-15.59
197,-16.731
198,-17.891
199,-19.07
200,-20.267
