0,29.643
1,29.642
2,29.64
3,29.638
4,29.636
5,29.634
6,29.632
7,29.631
8,29.629
9,29.627
10,29.625
11,29.623
12,29.621
13,29.62
14,29.618
15,29.616
16,29.614
17,29.612
18,29.61
19,29.609
20,29.607
21,29.605
22,29.603
23,29.601
24,29.599
25,29.598
26,29.596
27,29.594
28,29.592
29,29.59
30,29.588
31,29.586
32,29.585
33,29.583
34,29.581
35,29.579
36,29.577
37,29.575
38,29.573
39,29.572
40,29.57
41,29.568
42,29.566
43,29.564
44,29.562
45,29.56
46,29.558
47,29.556
48,29.554
49,29.552
50,29.55
51,29.548
52,29.546
53,29.544
54,29.542
55,29.54
56,29.538
57,29.536
58,29.534
59,29.532
60,29.53
61,29.527
62,29.525
63,29.523
64,29.52
65,29.518
66,29.515
67,29.513
68,29.51
69,29.508
70,29.505
71,29.502
72,29.499
73,29.496
74,29.492
75,29.489
76,29.485
77,29.482
78,29.478
79,29.474
80,29.469
81,29.464
82,29.46
83,29.454
84,29.449
85,29.443
86,29.436
87,29.429
88,29.422
89,29.414
90,29.405
91,29.396
92,29.386
93,29.375
94,29.363
95,29.35
96,29.336
97,29.321
98,29.305
99,29.287
100,29.267
101,29.246
102,29.223
103,29.197
104,29.169
105,29.139
106,29.106
107,29.07
108,29.03
109,28.987
110,28.939
111,28.887
112,28.831
113,28.769
114,28.701
115,28.627
116,28.547
117,28.459
118,28.363
119,28.259
120,28.145
121,28.021
122,27.886
123,27.74
124,27.581
125,27.409
126,27.223
127,27.022
128,26.804
129,26.57
130,26.318
131,26.047
132,25.756
133,25.444
134,25.11
135,24.754
136,24.375
137,23.972
138,23.544
139,23.09
140,22.61
141,22.104
142,21.572
143,21.012
144,20.424
145,19.809
146,19.166
147,18.496
148,17.798
149,17.072
150,16.32
151,15.54
152,14.734
153,13.901
154,13.043
155,12.159
156,11.25
157,10.317
158,9.3607
159,8.3808
160,7.3783
161,6.3537
162,5.3076
163,4.2407
164,3.1535
165,2.0465
166,0.92051
167,-0.22405
168,-1.3866
169,-2.5665
170,-3.7634
171,-4.9766
172,-6.2056
173,-7.4499
174,-8.7091
175,-9.9827
176,-11.27
177,-12.571
178,-13.885
179,-15.212
180,-16.551
181,-17.901
182,-19.263
183,-20.637
184,-22.021
185,-23.415
186,-24.82
187,-26.234
188,-27.658
189,-29.091
190,-30.533
191,-31.983
192,-33.442
193,-34.909
194,-36.384
195,-37.867
196,-39.357
197,-40.855
198,-42.359
199,-43.87
200,-45.388
