0,25.642
1,25.641
2,25.639
3,25.637
4,25.635
5,25.633
6,25.631
7,25.63
8,25.628
9,25.626
10,25.624
11,25.622
12,25.621
13,25.619
14,25.617
15,25.615
16,25.613
17,25.611
18,25.61
19,25.608
20,25.606
21,25.604
22,25.602
23,25.6
24,25.599
25,25.597
26,25.595
27,25.593
28,25.591
29,25.589
30,25.588
31,25.586
32,25.584
33,25.582
34,25.58
35,25.578
36,25.577
37,25.575
38,25.573
39,25.571
40,25.569
41,25.567
42,25.565
43,25.564
44,25.562
45,25.56
46,25.558
47,25.556
48,25.554
49,25.553
50,25.551
51,25.549
52,25.547
53,25.545
54,25.543
55,25.541
56,25.539
57,25.538
58,25.536
59,25.534
60,25.532
61,25.53
62,25.528
63,25.526
64,25.524
65,25.522
66,25.52
67,25.518
68,25.516
69,25.514
70,25.512
71,25.51
72,25.508
73,25.506
74,25.504
75,25.502
76,25.5
77,25.497
78,25.495
79,25.493
80,25.49
81,25.488
82,25.486
83,25.483
84,25.48
85,25.478
86,25.475
87,25.472
88,25.469
89,25.466
90,25.462
91,25.459
92,25.455
93,25.452
94,25.448
95,25.443
96,25.439
97,25.434
98,25.429
99,25.424
100,25.418
101,25.412
102,25.405
103,25.398
104,25.39
105,25.382
106,25.372
107,25.363
108,25.352
109,25.34
110,25.328
111,25.314
112,25.299
113,25.283
114,25.265
115,25.245
116,25.224
117,25.201
118,25.175
119,25.147
120,25.117
121,25.083
122,25.046
123,25.006
124,24.961
125,24.913
126,24.86
127,24.801
128,24.737
129,24.667
130,24.59
131,24.506
132,24.414
133,24.314
134,24.204
135,24.084
136,23.954
137,23.812
138,23.657
139,23.488
140,23.306
141,23.107
142,22.893
143,22.661
144,22.41
145,22.141
146,21.85
147,21.539
148,21.205
149,20.847
150,20.466
151,20.059
152,19.627
153,19.169
154,18.684
155,18.171
156,17.63
157,17.062
158,16.464
159,15.839
160,15.185
161,14.502
162,13.79
163,13.051
164,12.283
165,11.488
166,10.666
167,9.8168
168,8.9413
169,8.0399
170,7.1133
171,6.162
172,5.1866
173,4.1876
174,3.1659
175,2.1219
176,1.0563
177,-0.030272
178,-1.1372
179,-2.2638
180,-3.4096
181,-4.5738
182,-5.756
183,-6.9555
184,-8.1718
185,-9.4044
186,-10.653
187,-11.916
188,-13.194
189,-14.487
190,-15.793
191,-17.112
192,-18.444
193,-19.789
194,-21.146
195,-22.514
196,-23.893
197,-25.284
198,-26.685
199,-28.096
200,-29.517
