0,19.438
1,19.436
2,19.434
3,19.432
4,19.43
5,19.428
6,19.427
7,19.425
8,19.423
9,19.421
10,19.419
11,19.417
12,19.416
13,19.414
14,19.412
15,19.41
16,19.408
17,19.406
18,19.405
19,19.403
20,19.401
21,19.399
22,19.397
23,19.395
24,19.394
25,19.392
26,19.39
27,19.388
28,19.386
29,19.384
30,19.383
31,19.381
32,19.379
33,19.377
34,19.375
35,19.373
36,19.372
37,19.37
38,19.368
39,19.366
40,19.364
41,19.362
42,19.361
43,19.359
44,19.357
45,19.355
46,19.353
47,19.351
48,19.35
49,19.348
50,19.346
51,19.344
52,19.342
53,19.34
54,19.339
55,19.337
56,19.335
57,19.333
58,19.331
59,19.329
60,19.327
61,19.326
62,19.324
63,19.322
64,19.32
65,19.318
66,19.316
67,19.314
68,19.312
69,19.311
70,19.309
71,19.307
72,19.305
73,19.303
74,19.301
75,19.299
76,19.297
77,19.295
78,19.293
79,19.291
80,19.289
81,19.287
82,19.285
83,19.283
84,19.281
85,19.279
86,19.277
87,19.274
88,19.272
89,19.27
90,19.267
91,19.265
92,19.263
93,19.26
94,19.257
95,19.255
96,19.252
97,19.249
98,19.246
99,19.243
100,19.24
101,19.236
102,19.233
103,19.229
104,19.225
105,19.221
106,19.216
107,19.211
108,19.206
109,19.201
110,19.195
111,19.189
112,19.182
113,19.175
114,19.167
115,19.158
116,19.149
117,19.139
118,19.128
119,19.117
120,19.104
121,19.09
122,19.075
123,19.058
124,19.04
125,19.019
126,18.998
127,18.973
128,18.947
129,18.918
130,18.886
131,18.851
132,18.813
133,18.771
134,18.725
135,18.674
136,18.619
137,18.557
138,18.49
139,18.417
140,18.336
141,18.248
142,18.151
143,18.045
144,17.929
145,17.803
146,17.665
147,17.514
148,17.35
149,17.172
150,16.978
151,16.768
152,16.541
153,16.295
154,16.029
155,15.743
156,15.435
157,15.105
158,14.752
159,14.374
160,13.97
161,13.541
162,13.085
163,12.602
164,12.09
165,11.551
166,10.983
167,10.386
168,9.7596
169,9.1046
170,8.4205
171,7.7075
172,6.9659
173,6.1958
174,5.3977
175,4.5719
176,3.7189
177,2.8392
178,1.9334
179,1.002
180,0.045547
181,-0.93522
182,-1.9397
183,-2.9673
184,-4.0173
185,-5.0891
186,-6.182
187,-7.2953
188,-8.4286
189,-9.581
190,-10.752
191,-11.941
192,-13.147
193,-14.371
194,-15.61
195,-16.865
196,-18.136
197,-19.421
198,-20.72
199,-22.033
200,-23.36
