0,28.613
1,28.611
2,28.609
3,28.607
4,28.605
5,28.603
6,28.602
7,28.6
8,28.598
9,28.596
10,28.594
11,28.592
12,28.591
13,28.589
14,28.587
15,28.585
16,28.583
17,28.581
18,28.58
19,28.578
20,28.576
21,28.574
22,28.572
23,28.57
24,28.569
25,28.567
26,28.565
27,28.563
28,28.561
29,28.559
30,28.557
31,28.556
32,28.554
33,28.552
34,28.55
35,28.548
36,28.546
37,28.545
38,28.543
39,28.541
40,28.539
41,28.537
42,28.535
43,28.533
44,28.532
45,28.53
46,28.528
47,28.526
48,28.524
49,28.522
50,28.52
51,28.518
52,28.516
53,28.514
54,28.512
55,28.511
56,28.509
57,28.507
58,28.505
59,28.503
60,28.501
61,28.498
62,28.496
63,28.494
64,28.492
65,28.49
66,28.488
67,28.486
68,28.483
69,28.481
70,28.479
71,28.476
72,28.474
73,28.471
74,28.469
75,28.466
76,28.463
77,28.46
78,28.457
79,28.454
80,28.451
81,28.447
82,28.444
83,28.44
84,28.436
85,28.432
86,28.428
87,28.423
88,28.418
89,28.413
90,28.407
91,28.401
92,28.394
93,28.387
94,28.38
95,28.372
96,28.363
97,28.354
98,28.344
99,28.332
100,28.32
101,28.307
102,28.293
103,28.278
104,28.261
105,28.243
106,28.222
107,28.201
108,28.177
109,28.15
110,28.122
111,28.091
112,28.056
113,28.019
114,27.978
115,27.933
116,27.884
117,27.83
118,27.771
119,27.707
120,27.636
121,27.559
122,27.475
123,27.384
124,27.283
125,27.174
126,27.055
127,26.925
128,26.784
129,26.631
130,26.465
131,26.284
132,26.089
133,25.878
134,25.65
135,25.404
136,25.139
137,24.855
138,24.549
139,24.223
140,23.873
141,23.5
142,23.103
143,22.681
144,22.234
145,21.76
146,21.26
147,20.732
148,20.177
149,19.595
150,18.984
151,18.345
152,17.679
153,16.984
154,16.261
155,15.511
156,14.734
157,13.929
158,13.098
159,12.241
160,11.358
161,10.45
162,9.5173
163,8.5605
164,7.5801
165,6.5769
166,5.5513
167,4.5041
168,3.4357
169,2.3468
170,1.2381
171,0.11003
172,-1.0367
173,-2.2016
174,-3.3841
175,-4.5835
176,-5.7995
177,-7.0314
178,-8.2787
179,-9.5409
180,-10.818
181,-12.108
182,-13.413
183,-14.73
184,-16.06
185,-17.402
186,-18.756
187,-20.122
188,-21.499
189,-22.886
190,-24.284
191,-25.692
192,-27.11
193,-28.538
194,-29.974
195,-31.42
196,-32.874
197,-34.337
198,-35.807
199,-37.286
200,-38.772
