0,26.27
1,26.268
2,26.266
3,26.264
4,26.263
5,26.261
6,26.259
7,26.257
8,26.255
9,26.253
10,26.252
11,26.25
12,26.248
13,26.246
14,26.244
15,26.242
16,26.241
17,26.239
18,26.237
19,26.235
20,26.233
21,26.231
22,26.23
23,26.228
24,26.226
25,26.224
26,26.222
27,26.22
28,26.219
29,26.217
30,26.215
31,26.213
32,26.211
33,26.209
34,26.208
35,26.206
36,26.204
37,26.202
38,26.2
39,26.198
40,26.197
41,26.195
42,26.193
43,26.191
44,26.189
45,26.187
46,26.186
47,26.184
48,26.182
49,26.18
50,26.178
51,26.176
52,26.175
53,26.173
54,26.171
55,26.169
56,26.167
57,26.165
58,26.164
59,26.162
60,26.16
61,26.158
62,26.156
63,26.154
64,26.153
65,26.151
66,26.149
67,26.147
68,26.145
69,26.143
70,26.142
71,26.14
72,26.138
73,26.136
74,26.134
75,26.132
76,26.13
77,26.129
78,26.127
79,26.125
80,26.123
81,26.121
82,26.119
83,26.117
84,26.115
85,26.113
86,26.111
87,26.11
88,26.108
89,26.106
90,26.104
91,26.102
92,26.1
93,26.098
94,26.096
95,26.093
96,26.091
97,26.089
98,26.087
99,26.085
100,26.083
101,26.08
102,26.078
103,26.076
104,26.073
105,26.07
106,26.068
107,26.065
108,26.062
109,26.059
110,26.056
111,26.053
112,26.05
113,26.046
114,26.043
115,26.039
116,26.035
117,26.03
118,26.025
119,26.02
120,26.015
121,26.009
122,26.003
123,25.997
124,25.989
125,25.982
126,25.973
127,25.964
128,25.954
129,25.943
130,25.931
131,25.918
132,25.904
133,25.888
134,25.871
135,25.852
136,25.832
137,25.809
138,25.784
139,25.756
140,25.726
141,25.692
142,25.656
143,25.615
144,25.57
145,25.521
146,25.467
147,25.407
148,25.341
149,25.268
150,25.189
151,25.101
152,25.004
153,24.898
154,24.782
155,24.655
156,24.516
157,24.363
158,24.197
159,24.015
160,23.817
161,23.602
162,23.368
163,23.115
164,22.841
165,22.546
166,22.227
167,21.885
168,21.518
169,21.125
170,20.705
171,20.257
172,19.782
173,19.278
174,18.744
175,18.181
176,17.588
177,16.965
178,16.312
179,15.628
180,14.915
181,14.172
182,13.399
183,12.598
184,11.767
185,10.909
186,10.023
187,9.1097
188,8.1704
189,7.2053
190,6.2152
191,5.2007
192,4.1626
193,3.1016
194,2.0183
195,0.91343
196,-0.21226
197,-1.3581
198,-2.5235
199,-3.7077
200,-4.9101
