0,16.132
1,16.13
2,16.128
3,16.126
4,16.124
5,16.122
6,16.121
7,16.119
8,16.117
9,16.115
10,16.113
11,16.111
12,16.11
13,16.108
14,16.106
15,16.104
16,16.102
17,16.1
18,16.099
19,16.097
20,16.095
21,16.093
22,16.091
23,16.089
24,16.088
25,16.086
26,16.084
27,16.082
28,16.08
29,16.078
30,16.077
31,16.075
32,16.073
33,16.071
34,16.069
35,16.067
36,16.066
37,16.064
38,16.062
39,16.06
40,16.058
41,16.056
42,16.055
43,16.053
44,16.051
45,16.049
46,16.047
47,16.045
48,16.044
49,16.042
50,16.04
51,16.038
52,16.036
53,16.034
54,16.033
55,16.031
56,16.029
57,16.027
58,16.025
59,16.023
60,16.021
61,16.02
62,16.018
63,16.016
64,16.014
65,16.012
66,16.01
67,16.008
68,16.006
69,16.005
70,16.003
71,16.001
72,15.999
73,15.997
74,15.995
75,15.993
76,15.991
77,15.989
78,15.987
79,15.985
80,15.983
81,15.981
82,15.979
83,15.977
84,15.975
85,15.972
86,15.97
87,15.968
88,15.966
89,15.963
90,15.961
91,15.958
92,15.956
93,15.953
94,15.95
95,15.948
96,15.945
97,15.942
98,15.939
99,15.935
100,15.932
101,15.928
102,15.925
103,15.921
104,15.916
105,15.912
106,15.907
107,15.902
108,15.897
109,15.891
110,15.884
111,15.878
112,15.871
113,15.863
114,15.854
115,15.845
116,15.835
117,15.825
118,15.813
119,15.8
120,15.786
121,15.771
122,15.755
123,15.737
124,15.717
125,15.695
126,15.671
127,15.645
128,15.617
129,15.586
130,15.551
131,15.514
132,15.472
133,15.427
134,15.377
135,15.322
136,15.262
137,15.197
138,15.125
139,15.046
140,14.959
141,14.865
142,14.761
143,14.648
144,14.524
145,14.389
146,14.242
147,14.082
148,13.908
149,13.719
150,13.514
151,13.292
152,13.052
153,12.793
154,12.514
155,12.214
156,11.892
157,11.546
158,11.177
159,10.783
160,10.363
161,9.9173
162,9.4444
163,8.944
164,8.4157
165,7.8591
166,7.2739
167,6.66
168,6.0172
169,5.3455
170,4.6451
171,3.9161
172,3.1587
173,2.3733
174,1.5602
175,0.71982
176,-0.14728
177,-1.0406
178,-1.9597
179,-2.9038
180,-3.8725
181,-4.8651
182,-5.8809
183,-6.9193
184,-7.9797
185,-9.0614
186,-10.164
187,-11.286
188,-12.428
189,-13.589
190,-14.768
191,-15.964
192,-17.178
193,-18.408
194,-19.654
195,-20.915
196,-22.192
197,-23.482
198,-24.787
199,-26.105
200,-27.436
