0,15.21
1,15.208
2,15.206
3,15.205
4,15.203
5,15.201
6,15.199
7,15.197
8,15.195
9,15.194
10,15.192
11,15.19
12,15.188
13,15.186
14,15.184
15,15.183
16,15.181
17,15.179
18,15.177
19,15.175
20,15.173
21,15.172
22,15.17
23,15.168
24,15.166
25,15.164
26,15.162
27,15.161
28,15.159
29,15.157
30,15.155
31,15.153
32,15.151
33,15.15
34,15.148
35,15.146
36,15.144
37,15.142
38,15.14
39,15.139
40,15.137
41,15.135
42,15.133
43,15.131
44,15.129
45,15.128
46,15.126
47,15.124
48,15.122
49,15.12
50,15.118
51,15.116
52,15.115
53,15.113
54,15.111
55,15.109
56,15.107
57,15.105
58,15.103
59,15.102
60,15.1
61,15.098
62,15.096
63,15.094
64,15.092
65,15.09
66,15.088
67,15.086
68,15.084
69,15.082
70,15.081
71,15.079
72,15.077
73,15.075
74,15.073
75,15.07
76,15.068
77,15.066
78,15.064
79,15.062
80,15.06
81,15.058
82,15.055
83,15.053
84,15.051
85,15.048
86,15.046
87,15.043
88,15.041
89,15.038
90,15.035
91,15.032
92,15.029
93,15.026
94,15.023
95,15.019
96,15.016
97,15.012
98,15.008
99,15.004
100,14.999
101,14.994
102,14.989
103,14.984
104,14.978
105,14.972
106,14.965
107,14.958
108,14.951
109,14.942
110,14.933
111,14.924
112,14.913
113,14.902
114,14.889
115,14.875
116,14.861
117,14.845
118,14.827
119,14.808
120,14.787
121,14.764
122,14.738
123,14.711
124,14.68
125,14.647
126,14.611
127,14.571
128,14.527
129,14.48
130,14.427
131,14.37
132,14.307
133,14.238
134,14.162
135,14.08
136,13.989
137,13.891
138,13.783
139,13.665
140,13.537
141,13.397
142,13.245
143,13.079
144,12.9
145,12.705
146,12.494
147,12.266
148,12.02
149,11.755
150,11.469
151,11.163
152,10.834
153,10.483
154,10.107
155,9.7073
156,9.2819
157,8.8303
158,8.352
159,7.8466
160,7.3134
161,6.7523
162,6.1629
163,5.5451
164,4.8989
165,4.2241
166,3.521
167,2.7897
168,2.0304
169,1.2434
170,0.42916
171,-0.41197
172,-1.2795
173,-2.1729
174,-3.0917
175,-4.0353
176,-5.0031
177,-5.9946
178,-7.009
179,-8.0457
180,-9.1042
181,-10.184
182,-11.284
183,-12.404
184,-13.543
185,-14.701
186,-15.877
187,-17.07
188,-18.281
189,-19.508
190,-20.75
191,-22.008
192,-23.281
193,-24.568
194,-25.869
195,-27.183
196,-28.511
197,-29.85
198,-31.202
199,-32.566
200,-33.941
