0,19.964
1,19.962
2,19.96
3,19.958
4,19.957
5,19.955
6,19.953
7,19.951
8,19.949
9,19.947
10,19.946
11,19.944
12,19.942
13,19.94
14,19.938
15,19.936
16,19.935
17,19.933
18,19.931
19,19.929
20,19.927
21,19.925
22,19.924
23,19.922
24,19.92
25,19.918
26,19.916
27,19.914
28,19.913
29,19.911
30,19.909
31,19.907
32,19.905
33,19.903
34,19.901
35,19.9
36,19.898
37,19.896
38,19.894
39,19.892
40,19.89
41,19.888
42,19.887
43,19.885
44,19.883
45,19.881
46,19.879
47,19.877
48,19.875
49,19.873
50,19.871
51,19.87
52,19.868
53,19.866
54,19.864
55,19.862
56,19.86
57,19.858
58,19.856
59,19.854
60,19.852
61,19.85
62,19.847
63,19.845
64,19.843
65,19.841
66,19.839
67,19.836
68,19.834
69,19.832
70,19.829
71,19.827
72,19.824
73,19.822
74,19.819
75,19.816
76,19.813
77,19.81
78,19.807
79,19.804
80,19.8
81,19.797
82,19.793
83,19.789
84,19.785
85,19.781
86,19.776
87,19.771
88,19.766
89,19.76
90,19.754
91,19.748
92,19.741
93,19.733
94,19.725
95,19.717
96,19.708
97,19.698
98,19.687
99,19.675
100,19.662
101,19.648
102,19.633
103,19.617
104,19.599
105,19.579
106,19.558
107,19.535
108,19.509
109,19.482
110,19.452
111,19.418
112,19.382
113,19.343
114,19.3
115,19.252
116,19.201
117,19.144
118,19.083
119,19.015
120,18.942
121,18.861
122,18.774
123,18.678
124,18.574
125,18.461
126,18.337
127,18.203
128,18.057
129,17.899
130,17.727
131,17.542
132,17.341
133,17.124
134,16.891
135,16.639
136,16.369
137,16.078
138,15.767
139,15.435
140,15.08
141,14.701
142,14.299
143,13.872
144,13.419
145,12.941
146,12.436
147,11.904
148,11.345
149,10.758
150,10.144
151,9.5025
152,8.8331
153,8.1362
154,7.4117
155,6.66
156,5.8814
157,5.0761
158,4.2445
159,3.3871
160,2.5043
161,1.5967
162,0.66472
163,-0.29107
164,-1.2701
165,-2.2718
166,-3.2956
167,-4.3408
168,-5.407
169,-6.4934
170,-7.5996
171,-8.7249
172,-9.8688
173,-11.031
174,-12.21
175,-13.406
176,-14.619
177,-15.847
178,-17.091
179,-18.35
180,-19.623
181,-20.91
182,-22.21
183,-23.524
184,-24.85
185,-26.188
186,-27.538
187,-28.9
188,-30.273
189,-31.656
190,-33.05
191,-34.455
192,-35.869
193,-37.292
194,-38.725
195,-40.166
196,-41.617
197,-43.075
198,-44.542
199,-46.017
200,-47.499
