0,20.708
1,20.706
2,20.704
3,20.703
4,20.701
5,20.699
6,20.697
7,20.695
8,20.693
9,20.692
10,20.69
11,20.688
12,20.686
13,20.684
14,20.682
15,20.681
16,20.679
17,20.677
18,20.675
19,20.673
20,20.671
21,20.67
22,20.668
23,20.666
24,20.664
25,20.662
26,20.66
27,20.659
28,20.657
29,20.655
30,20.653
31,20.651
32,20.649
33,20.648
34,20.646
35,20.644
36,20.642
37,20.64
38,20.638
39,20.636
40,20.635
41,20.633
42,20.631
43,20.629
44,20.627
45,20.625
46,20.624
47,20.622
48,20.62
49,20.618
50,20.616
51,20.614
52,20.612
53,20.61
54,20.609
55,20.607
56,20.605
57,20.603
58,20.601
59,20.599
60,20.597
61,20.595
62,20.593
63,20.591
64,20.589
65,20.587
66,20.585
67,20.583
68,20.581
69,20.579
70,20.577
71,20.575
72,20.573
73,20.571
74,20.568
75,20.566
76,20.564
77,20.561
78,20.559
79,20.556
80,20.554
81,20.551
82,20.549
83,20.546
84,20.543
85,20.54
86,20.537
87,20.533
88,20.53
89,20.526
90,20.523
91,20.519
92,20.514
93,20.51
94,20.505
95,20.5
96,20.495
97,20.489
98,20.483
99,20.476
100,20.469
101,20.462
102,20.453
103,20.445
104,20.435
105,20.425
106,20.413
107,20.401
108,20.388
109,20.373
110,20.357
111,20.34
112,20.321
113,20.301
114,20.278
115,20.254
116,20.227
117,20.197
118,20.165
119,20.13
120,20.091
121,20.049
122,20.002
123,19.951
124,19.896
125,19.835
126,19.768
127,19.696
128,19.616
129,19.529
130,19.434
131,19.33
132,19.217
133,19.093
134,18.959
135,18.812
136,18.653
137,18.481
138,18.294
139,18.091
140,17.872
141,17.636
142,17.381
143,17.107
144,16.812
145,16.496
146,16.158
147,15.796
148,15.411
149,15.001
150,14.565
151,14.104
152,13.616
153,13.1
154,12.557
155,11.987
156,11.388
157,10.761
158,10.106
159,9.4227
160,8.7113
161,7.9721
162,7.2052
163,6.4111
164,5.59
165,4.7424
166,3.8688
167,2.9696
168,2.0454
169,1.0968
170,0.12437
171,-0.87136
172,-1.8897
173,-2.9302
174,-3.992
175,-5.0747
176,-6.1775
177,-7.3
178,-8.4415
179,-9.6013
180,-10.779
181,-11.974
182,-13.186
183,-14.414
184,-15.657
185,-16.916
186,-18.189
187,-19.477
188,-20.778
189,-22.092
190,-23.42
191,-24.76
192,-26.112
193,-27.475
194,-28.85
195,-30.235
196,-31.632
197,-33.038
198,-34.455
199,-35.88
200,-37.316
