0,15.124
1,15.122
2,15.121
3,15.119
4,15.117
5,15.115
6,15.113
7,15.111
8,15.11
9,15.108
10,15.106
11,15.104
12,15.102
13,15.1
14,15.099
15,15.097
16,15.095
17,15.093
18,15.091
19,15.089
20,15.088
21,15.086
22,15.084
23,15.082
24,15.08
25,15.078
26,15.077
27,15.075
28,15.073
29,15.071
30,15.069
31,15.067
32,15.065
33,15.064
34,15.062
35,15.06
36,15.058
37,15.056
38,15.054
39,15.053
40,15.051
41,15.049
42,15.047
43,15.045
44,15.043
45,15.041
46,15.039
47,15.038
48,15.036
49,15.034
50,15.032
51,15.03
52,15.028
53,15.026
54,15.024
55,15.022
56,15.02
57,15.018
58,15.016
59,15.014
60,15.012
61,15.01
62,15.008
63,15.006
64,15.004
65,15.002
66,15
67,14.998
68,14.996
69,14.993
70,14.991
71,14.989
72,14.986
73,14.984
74,14.981
75,14.979
76,14.976
77,14.973
78,14.97
79,14.967
80,14.964
81,14.961
82,14.958
83,14.954
84,14.951
85,14.947
86,14.943
87,14.939
88,14.934
89,14.929
90,14.924
91,14.919
92,14.913
93,14.907
94,14.9
95,14.893
96,14.885
97,14.877
98,14.868
99,14.859
100,14.848
101,14.837
102,14.825
103,14.811
104,14.797
105,14.781
106,14.764
107,14.745
108,14.725
109,14.703
110,14.679
111,14.652
112,14.623
113,14.592
114,14.557
115,14.519
116,14.478
117,14.433
118,14.384
119,14.33
120,14.271
121,14.207
122,14.136
123,14.06
124,13.976
125,13.884
126,13.785
127,13.676
128,13.558
129,13.43
130,13.29
131,13.138
132,12.974
133,12.796
134,12.603
135,12.395
136,12.17
137,11.928
138,11.667
139,11.387
140,11.087
141,10.766
142,10.422
143,10.056
144,9.6664
145,9.2521
146,8.8128
147,8.3478
148,7.8567
149,7.3388
150,6.7939
151,6.2218
152,5.6221
153,4.9947
154,4.3397
155,3.657
156,2.9468
157,2.2092
158,1.4445
159,0.65301
160,-0.16497
161,-1.009
162,-1.8787
163,-2.7735
164,-3.6929
165,-4.6364
166,-5.6034
167,-6.5934
168,-7.6058
169,-8.64
170,-9.6954
171,-10.771
172,-11.867
173,-12.983
174,-14.117
175,-15.27
176,-16.44
177,-17.628
178,-18.832
179,-20.052
180,-21.288
181,-22.539
182,-23.804
183,-25.084
184,-26.378
185,-27.684
186,-29.004
187,-30.336
188,-31.68
189,-33.036
190,-34.403
191,-35.781
192,-37.17
193,-38.569
194,-39.978
195,-41.396
196,-42.824
197,-44.261
198,-45.707
199,-47.161
200,-48.624
