0,23.666
1,23.664
2,23.663
3,23.661
4,23.659
5,23.657
6,23.655
7,23.653
8,23.652
9,23.65
10,23.648
11,23.646
12,23.644
13,23.642
14,23.641
15,23.639
16,23.637
17,23.635
18,23.633
19,23.631
20,23.63
21,23.628
22,23.626
23,23.624
24,23.622
25,23.62
26,23.619
27,23.617
28,23.615
29,23.613
30,23.611
31,23.609
32,23.608
33,23.606
34,23.604
35,23.602
36,23.6
37,23.598
38,23.597
39,23.595
40,23.593
41,23.591
42,23.589
43,23.587
44,23.585
45,23.584
46,23.582
47,23.58
48,23.578
49,23.576
50,23.574
51,23.572
52,23.571
53,23.569
54,23.567
55,23.565
56,23.563
57,23.561
58,23.559
59,23.557
60,23.555
61,23.553
62,23.551
63,23.549
64,23.547
65,23.545
66,23.543
67,23.541
68,23.539
69,23.537
70,23.535
71,23.533
72,23.53
73,23.528
74,23.526
75,23.524
76,23.521
77,23.519
78,23.516
79,23.514
80,23.511
81,23.508
82,23.505
83,23.502
84,23.499
85,23.496
86,23.493
87,23.489
88,23.485
89,23.482
90,23.477
91,23.473
92,23.468
93,23.464
94,23.458
95,23.453
96,23.447
97,23.441
98,23.434
99,23.426
100,23.418
101,23.41
102,23.401
103,23.391
104,23.38
105,23.368
106,23.355
107,23.341
108,23.326
109,23.309
110,23.291
111,23.271
112,23.25
113,23.226
114,23.2
115,23.172
116,23.141
117,23.107
118,23.07
119,23.03
120,22.985
121,22.937
122,22.883
123,22.825
124,22.761
125,22.691
126,22.615
127,22.531
128,22.44
129,22.34
130,22.231
131,22.112
132,21.983
133,21.842
134,21.689
135,21.523
136,21.343
137,21.147
138,20.936
139,20.708
140,20.462
141,20.196
142,19.911
143,19.605
144,19.277
145,18.927
146,18.552
147,18.154
148,17.73
149,17.281
150,16.805
151,16.302
152,15.772
153,15.214
154,14.628
155,14.014
156,13.372
157,12.702
158,12.003
159,11.277
160,10.523
161,9.741
162,8.9323
163,8.0968
164,7.2351
165,6.3477
166,5.4349
167,4.4975
168,3.5359
169,2.5509
170,1.5428
171,0.51247
172,-0.53959
173,-1.6128
174,-2.7064
175,-3.8199
176,-4.9527
177,-6.1042
178,-7.2738
179,-8.4608
180,-9.6649
181,-10.885
182,-12.122
183,-13.374
184,-14.64
185,-15.921
186,-17.216
187,-18.525
188,-19.846
189,-21.18
190,-22.527
191,-23.885
192,-25.255
193,-26.635
194,-28.027
195,-29.428
196,-30.84
197,-32.262
198,-33.693
199,-35.133
200,-36.582
