0,21.153
1,21.151
2,21.149
3,21.147
4,21.145
5,21.143
6,21.142
7,21.14
8,21.138
9,21.136
10,21.134
11,21.132
12,21.131
13,21.129
14,21.127
15,21.125
16,21.123
17,21.121
18,21.12
19,21.118
20,21.116
21,21.114
22,21.112
23,21.11
24,21.109
25,21.107
26,21.105
27,21.103
28,21.101
29,21.099
30,21.098
31,21.096
32,21.094
33,21.092
34,21.09
35,21.088
36,21.087
37,21.085
38,21.083
39,21.081
40,21.079
41,21.077
42,21.076
43,21.074
44,21.072
45,21.07
46,21.068
47,21.066
48,21.065
49,21.063
50,21.061
51,21.059
52,21.057
53,21.055
54,21.054
55,21.052
56,21.05
57,21.048
58,21.046
59,21.044
60,21.042
61,21.041
62,21.039
63,21.037
64,21.035
65,21.033
66,21.031
67,21.029
68,21.027
69,21.026
70,21.024
71,21.022
72,21.02
73,21.018
74,21.016
75,21.014
76,21.012
77,21.01
78,21.008
79,21.006
80,21.004
81,21.002
82,21
83,20.998
84,20.996
85,20.993
86,20.991
87,20.989
88,20.987
89,20.984
90,20.982
91,20.979
92,20.977
93,20.974
94,20.972
95,20.969
96,20.966
97,20.963
98,20.96
99,20.957
100,20.953
101,20.95
102,20.946
103,20.942
104,20.938
105,20.933
106,20.928
107,20.923
108,20.918
109,20.912
110,20.906
111,20.899
112,20.892
113,20.884
114,20.876
115,20.867
116,20.857
117,20.846
118,20.835
119,20.822
120,20.808
121,20.793
122,20.776
123,20.758
124,20.738
125,20.717
126,20.693
127,20.667
128,20.638
129,20.607
130,20.572
131,20.534
132,20.493
133,20.447
134,20.397
135,20.341
136,20.281
137,20.215
138,20.142
139,20.062
140,19.974
141,19.878
142,19.774
143,19.659
144,19.534
145,19.397
146,19.248
147,19.085
148,18.908
149,18.716
150,18.508
151,18.283
152,18.039
153,17.775
154,17.492
155,17.186
156,16.859
157,16.507
158,16.132
159,15.732
160,15.305
161,14.852
162,14.371
163,13.863
164,13.327
165,12.762
166,12.168
167,11.545
168,10.893
169,10.212
170,9.5021
171,8.7636
172,7.9965
173,7.2014
174,6.3786
175,5.5285
176,4.6516
177,3.7485
178,2.8198
179,1.8661
180,0.88788
181,-0.1141
182,-1.1392
183,-2.1868
184,-3.2563
185,-4.347
186,-5.4582
187,-6.5893
188,-7.7397
189,-8.9088
190,-10.096
191,-11.3
192,-12.522
193,-13.76
194,-15.013
195,-16.282
196,-17.566
197,-18.864
198,-20.175
199,-21.5
200,-22.838
