0,27.024
1,27.022
2,27.02
3,27.018
4,27.017
5,27.015
6,27.013
7,27.011
8,27.009
9,27.007
10,27.006
11,27.004
12,27.002
13,27
14,26.998
15,26.996
16,26.995
17,26.993
18,26.991
19,26.989
20,26.987
21,26.985
22,26.984
23,26.982
24,26.98
25,26.978
26,26.976
27,26.974
28,26.973
29,26.971
30,26.969
31,26.967
32,26.965
33,26.963
34,26.961
35,26.96
36,26.958
37,26.956
38,26.954
39,26.952
40,26.95
41,26.948
42,26.947
43,26.945
44,26.943
45,26.941
46,26.939
47,26.937
48,26.935
49,26.933
50,26.931
51,26.929
52,26.927
53,26.926
54,26.924
55,26.922
56,26.92
57,26.918
58,26.916
59,26.914
60,26.911
61,26.909
62,26.907
63,26.905
64,26.903
65,26.901
66,26.898
67,26.896
68,26.894
69,26.891
70,26.889
71,26.886
72,26.884
73,26.881
74,26.878
75,26.875
76,26.872
77,26.869
78,26.866
79,26.862
80,26.859
81,26.855
82,26.851
83,26.847
84,26.843
85,26.838
86,26.833
87,26.828
88,26.822
89,26.816
90,26.81
91,26.803
92,26.796
93,26.788
94,26.779
95,26.77
96,26.76
97,26.749
98,26.737
99,26.724
100,26.71
101,26.695
102,26.678
103,26.66
104,26.641
105,26.619
106,26.596
107,26.57
108,26.542
109,26.512
110,26.478
111,26.442
112,26.402
113,26.358
114,26.31
115,26.258
116,26.201
117,26.138
118,26.07
119,25.995
120,25.913
121,25.824
122,25.727
123,25.621
124,25.506
125,25.38
126,25.243
127,25.095
128,24.934
129,24.759
130,24.57
131,24.365
132,24.144
133,23.906
134,23.649
135,23.373
136,23.077
137,22.76
138,22.421
139,22.059
140,21.673
141,21.263
142,20.827
143,20.366
144,19.879
145,19.365
146,18.824
147,18.255
148,17.659
149,17.035
150,16.383
151,15.703
152,14.995
153,14.26
154,13.498
155,12.708
156,11.892
157,11.05
158,10.182
159,9.2881
160,8.3698
161,7.4272
162,6.4609
163,5.4715
164,4.4596
165,3.4257
166,2.3705
167,1.2945
168,0.19839
169,-0.91727
170,-2.0519
171,-3.2049
172,-4.3758
173,-5.5639
174,-6.7687
175,-7.9898
176,-9.2265
177,-10.478
178,-11.745
179,-13.026
180,-14.32
181,-15.628
182,-16.949
183,-18.282
184,-19.628
185,-20.985
186,-22.353
187,-23.733
188,-25.123
189,-26.523
190,-27.933
191,-29.353
192,-30.783
193,-32.221
194,-33.668
195,-35.124
196,-36.588
197,-38.061
198,-39.541
199,-41.028
200,-42.523
