0,11.212
1,11.21
2,11.208
3,11.206
4,11.205
5,11.203
6,11.201
7,11.199
8,11.197
9,11.196
10,11.194
11,11.192
12,11.19
13,11.188
14,11.186
15,11.185
16,11.183
17,11.181
18,11.179
19,11.177
20,11.175
21,11.174
22,11.172
23,11.17
24,11.168
25,11.166
26,11.164
27,11.163
28,11.161
29,11.159
30,11.157
31,11.155
32,11.153
33,11.152
34,11.15
35,11.148
36,11.146
37,11.144
38,11.142
39,11.141
40,11.139
41,11.137
42,11.135
43,11.133
44,11.131
45,11.13
46,11.128
47,11.126
48,11.124
49,11.122
50,11.12
51,11.119
52,11.117
53,11.115
54,11.113
55,11.111
56,11.109
57,11.108
58,11.106
59,11.104
60,11.102
61,11.1
62,11.098
63,11.097
64,11.095
65,11.093
66,11.091
67,11.089
68,11.087
69,11.085
70,11.084
71,11.082
72,11.08
73,11.078
74,11.076
75,11.074
76,11.072
77,11.071
78,11.069
79,11.067
80,11.065
81,11.063
82,11.061
83,11.059
84,11.057
85,11.055
86,11.053
87,11.052
88,11.05
89,11.048
90,11.046
91,11.044
92,11.042
93,11.04
94,11.037
95,11.035
96,11.033
97,11.031
98,11.029
99,11.027
100,11.024
101,11.022
102,11.02
103,11.017
104,11.015
105,11.012
106,11.009
107,11.007
108,11.004
109,11.001
110,10.998
111,10.994
112,10.991
113,10.987
114,10.984
115,10.98
116,10.975
117,10.971
118,10.966
119,10.961
120,10.956
121,10.95
122,10.944
123,10.937
124,10.93
125,10.922
126,10.913
127,10.904
128,10.894
129,10.883
130,10.871
131,10.858
132,10.844
133,10.828
134,10.811
135,10.792
136,10.772
137,10.749
138,10.725
139,10.697
140,10.668
141,10.635
142,10.599
143,10.559
144,10.515
145,10.467
146,10.415
147,10.357
148,10.293
149,10.223
150,10.146
151,10.061
152,9.9684
153,9.8668
154,9.7554
155,9.6335
156,9.5002
157,9.3546
158,9.1957
159,9.0226
160,8.8342
161,8.6295
162,8.4075
163,8.1669
164,7.9068
165,7.6261
166,7.3237
167,6.9986
168,6.6498
169,6.2764
170,5.8774
171,5.4521
172,4.9998
173,4.5197
174,4.0113
175,3.4743
176,2.9081
177,2.3127
178,1.6877
179,1.0332
180,0.3492
181,-0.36417
182,-1.1067
183,-1.8781
184,-2.6781
185,-3.5061
186,-4.3617
187,-5.2445
188,-6.1537
189,-7.0889
190,-8.0494
191,-9.0345
192,-10.044
193,-11.076
194,-12.131
195,-13.208
196,-14.307
197,-15.426
198,-16.565
199,-17.723
200,-18.9
