0,13.863
1,13.861
2,13.86
3,13.858
4,13.856
5,13.854
6,13.852
7,13.85
8,13.849
9,13.847
10,13.845
11,13.843
12,13.841
13,13.839
14,13.838
15,13.836
16,13.834
17,13.832
18,13.83
19,13.828
20,13.827
21,13.825
22,13.823
23,13.821
24,13.819
25,13.817
26,13.816
27,13.814
28,13.812
29,13.81
30,13.808
31,13.806
32,13.805
33,13.803
34,13.801
35,13.799
36,13.797
37,13.795
38,13.793
39,13.792
40,13.79
41,13.788
42,13.786
43,13.784
44,13.782
45,13.78
46,13.779
47,13.777
48,13.775
49,13.773
50,13.771
51,13.769
52,13.767
53,13.765
54,13.764
55,13.762
56,13.76
57,13.758
58,13.756
59,13.754
60,13.752
61,13.75
62,13.748
63,13.746
64,13.744
65,13.742
66,13.74
67,13.738
68,13.735
69,13.733
70,13.731
71,13.729
72,13.726
73,13.724
74,13.722
75,13.719
76,13.717
77,13.714
78,13.711
79,13.709
80,13.706
81,13.703
82,13.7
83,13.697
84,13.693
85,13.69
86,13.686
87,13.682
88,13.678
89,13.674
90,13.67
91,13.665
92,13.66
93,13.654
94,13.648
95,13.642
96,13.636
97,13.628
98,13.621
99,13.613
100,13.604
101,13.594
102,13.584
103,13.572
104,13.56
105,13.547
106,13.532
107,13.516
108,13.499
109,13.48
110,13.46
111,13.438
112,13.413
113,13.387
114,13.358
115,13.326
116,13.291
117,13.253
118,13.212
119,13.166
120,13.117
121,13.062
122,13.003
123,12.938
124,12.867
125,12.79
126,12.705
127,12.613
128,12.513
129,12.403
130,12.284
131,12.154
132,12.013
133,11.86
134,11.694
135,11.514
136,11.319
137,11.109
138,10.882
139,10.637
140,10.374
141,10.091
142,9.7877
143,9.4631
144,9.1163
145,8.7464
146,8.3527
147,7.9343
148,7.4907
149,7.0213
150,6.5255
151,6.0029
152,5.4531
153,4.8759
154,4.271
155,3.6384
156,2.978
157,2.29
158,1.5743
159,0.83116
160,0.060912
161,-0.73617
162,-1.5597
163,-2.4093
164,-3.2845
165,-4.1848
166,-5.1097
167,-6.0586
168,-7.031
169,-8.0263
170,-9.0439
171,-10.083
172,-11.144
173,-12.225
174,-13.326
175,-14.446
176,-15.585
177,-16.742
178,-17.917
179,-19.109
180,-20.318
181,-21.542
182,-22.782
183,-24.037
184,-25.307
185,-26.591
186,-27.888
187,-29.199
188,-30.522
189,-31.858
190,-33.205
191,-34.565
192,-35.935
193,-37.316
194,-38.708
195,-40.111
196,-41.523
197,-42.944
198,-44.375
199,-45.815
200,-47.264
