0,22.53
1,22.528
2,22.526
3,22.524
4,22.522
5,22.521
6,22.519
7,22.517
8,22.515
9,22.513
10,22.511
11,22.51
12,22.508
13,22.506
14,22.504
15,22.502
16,22.501
17,22.499
18,22.497
19,22.495
20,22.493
21,22.491
22,22.49
23,22.488
24,22.486
25,22.484
26,22.482
27,22.48
28,22.479
29,22.477
30,22.475
31,22.473
32,22.471
33,22.469
34,22.468
35,22.466
36,22.464
37,22.462
38,22.46
39,22.458
40,22.457
41,22.455
42,22.453
43,22.451
44,22.449
45,22.447
46,22.446
47,22.444
48,22.442
49,22.44
50,22.438
51,22.436
52,22.435
53,22.433
54,22.431
55,22.429
56,22.427
57,22.425
58,22.424
59,22.422
60,22.42
61,22.418
62,22.416
63,22.414
64,22.413
65,22.411
66,22.409
67,22.407
68,22.405
69,22.403
70,22.401
71,22.4
72,22.398
73,22.396
74,22.394
75,22.392
76,22.39
77,22.388
78,22.387
79,22.385
80,22.383
81,22.381
82,22.379
83,22.377
84,22.375
85,22.373
86,22.371
87,22.37
88,22.368
89,22.366
90,22.364
91,22.362
92,22.36
93,22.358
94,22.356
95,22.354
96,22.351
97,22.349
98,22.347
99,22.345
100,22.343
101,22.34
102,22.338
103,22.336
104,22.333
105,22.331
106,22.328
107,22.326
108,22.323
109,22.32
110,22.317
111,22.314
112,22.311
113,22.307
114,22.304
115,22.3
116,22.296
117,22.292
118,22.287
119,22.282
120,22.277
121,22.272
122,22.266
123,22.259
124,22.252
125,22.245
126,22.237
127,22.228
128,22.219
129,22.208
130,22.197
131,22.185
132,22.171
133,22.157
134,22.141
135,22.123
136,22.103
137,22.082
138,22.059
139,22.033
140,22.004
141,21.973
142,21.938
143,21.9
144,21.859
145,21.812
146,21.762
147,21.706
148,21.644
149,21.576
150,21.502
151,21.42
152,21.329
153,21.23
154,21.122
155,21.002
156,20.872
157,20.729
158,20.573
159,20.402
160,20.216
161,20.014
162,19.794
163,19.556
164,19.298
165,19.019
166,18.718
167,18.394
168,18.045
169,17.672
170,17.273
171,16.847
172,16.394
173,15.912
174,15.401
175,14.862
176,14.292
177,13.693
178,13.064
179,12.404
180,11.715
181,10.996
182,10.247
183,9.4695
184,8.6626
185,7.8272
186,6.9639
187,6.0732
188,5.1557
189,4.2121
190,3.2429
191,2.2489
192,1.2308
193,0.18917
194,-0.8752
195,-1.9616
196,-3.0694
197,-4.1979
198,-5.3464
199,-6.5143
200,-7.7009
