0,16.219
1,16.217
2,16.215
3,16.214
4,16.212
5,16.21
6,16.208
7,16.206
8,16.204
9,16.203
10,16.201
11,16.199
12,16.197
13,16.195
14,16.193
15,16.192
16,16.19
17,16.188
18,16.186
19,16.184
20,16.182
21,16.181
22,16.179
23,16.177
24,16.175
25,16.173
26,16.171
27,16.17
28,16.168
29,16.166
30,16.164
31,16.162
32,16.16
33,16.159
34,16.157
35,16.155
36,16.153
37,16.151
38,16.149
39,16.148
40,16.146
41,16.144
42,16.142
43,16.14
44,16.138
45,16.137
46,16.135
47,16.133
48,16.131
49,16.129
50,16.127
51,16.126
52,16.124
53,16.122
54,16.12
55,16.118
56,16.116
57,16.115
58,16.113
59,16.111
60,16.109
61,16.107
62,16.105
63,16.104
64,16.102
65,16.1
66,16.098
67,16.096
68,16.094
69,16.093
70,16.091
71,16.089
72,16.087
73,16.085
74,16.083
75,16.082
76,16.08
77,16.078
78,16.076
79,16.074
80,16.072
81,16.071
82,16.069
83,16.067
84,16.065
85,16.063
86,16.061
87,16.059
88,16.057
89,16.056
90,16.054
91,16.052
92,16.05
93,16.048
94,16.046
95,16.044
96,16.042
97,16.04
98,16.038
99,16.036
100,16.034
101,16.032
102,16.03
103,16.028
104,16.026
105,16.024
106,16.022
107,16.02
108,16.018
109,16.015
110,16.013
111,16.011
112,16.008
113,16.006
114,16.004
115,16.001
116,15.998
117,15.995
118,15.993
119,15.99
120,15.986
121,15.983
122,15.98
123,15.976
124,15.972
125,15.968
126,15.964
127,15.959
128,15.954
129,15.949
130,15.943
131,15.937
132,15.931
133,15.924
134,15.916
135,15.908
136,15.899
137,15.889
138,15.878
139,15.866
140,15.854
141,15.84
142,15.824
143,15.807
144,15.788
145,15.768
146,15.745
147,15.721
148,15.693
149,15.663
150,15.63
151,15.593
152,15.553
153,15.508
154,15.459
155,15.404
156,15.344
157,15.278
158,15.206
159,15.125
160,15.037
161,14.94
162,14.834
163,14.716
164,14.588
165,14.447
166,14.293
167,14.125
168,13.941
169,13.741
170,13.523
171,13.286
172,13.029
173,12.751
174,12.451
175,12.128
176,11.78
177,11.407
178,11.007
179,10.58
180,10.126
181,9.6425
182,9.13
183,8.5878
184,8.0156
185,7.4131
186,6.7802
187,6.1168
188,5.423
189,4.699
190,3.9451
191,3.1615
192,2.3486
193,1.5071
194,0.63732
195,-0.26007
196,-1.1845
197,-2.1352
198,-3.1116
199,-4.113
200,-5.1387
