0,26.425
1,26.423
2,26.421
3,26.419
4,26.418
5,26.416
6,26.414
7,26.412
8,26.41
9,26.408
10,26.407
11,26.405
12,26.403
13,26.401
14,26.399
15,26.397
16,26.396
17,26.394
18,26.392
19,26.39
20,26.388
21,26.386
22,26.385
23,26.383
24,26.381
25,26.379
26,26.377
27,26.375
28,26.374
29,26.372
30,26.37
31,26.368
32,26.366
33,26.364
34,26.363
35,26.361
36,26.359
37,26.357
38,26.355
39,26.353
40,26.352
41,26.35
42,26.348
43,26.346
44,26.344
45,26.342
46,26.34
47,26.339
48,26.337
49,26.335
50,26.333
51,26.331
52,26.329
53,26.327
54,26.325
55,26.324
56,26.322
57,26.32
58,26.318
59,26.316
60,26.314
61,26.312
62,26.31
63,26.308
64,26.306
65,26.304
66,26.302
67,26.3
68,26.298
69,26.296
70,26.294
71,26.292
72,26.29
73,26.287
74,26.285
75,26.283
76,26.281
77,26.278
78,26.276
79,26.273
80,26.271
81,26.268
82,26.265
83,26.262
84,26.26
85,26.257
86,26.253
87,26.25
88,26.247
89,26.243
90,26.239
91,26.235
92,26.231
93,26.226
94,26.221
95,26.216
96,26.211
97,26.205
98,26.199
99,26.192
100,26.185
101,26.177
102,26.169
103,26.16
104,26.15
105,26.139
106,26.127
107,26.115
108,26.101
109,26.086
110,26.07
111,26.052
112,26.032
113,26.011
114,25.988
115,25.962
116,25.934
117,25.904
118,25.87
119,25.833
120,25.793
121,25.749
122,25.701
123,25.648
124,25.59
125,25.527
126,25.457
127,25.381
128,25.298
129,25.207
130,25.107
131,24.999
132,24.88
133,24.751
134,24.611
135,24.458
136,24.292
137,24.111
138,23.916
139,23.704
140,23.475
141,23.229
142,22.963
143,22.677
144,22.369
145,22.04
146,21.688
147,21.312
148,20.912
149,20.486
150,20.034
151,19.556
152,19.05
153,18.517
154,17.956
155,17.367
156,16.749
157,16.103
158,15.429
159,14.726
160,13.996
161,13.237
162,12.451
163,11.638
164,10.797
165,9.9308
166,9.0384
167,8.1207
168,7.1783
169,6.2117
170,5.2216
171,4.2085
172,3.1731
173,2.1159
174,1.0377
175,-0.060974
176,-1.1795
177,-2.3173
178,-3.4737
179,-4.6482
180,-5.8401
181,-7.049
182,-8.2742
183,-9.5153
184,-10.772
185,-12.043
186,-13.329
187,-14.628
188,-15.941
189,-17.267
190,-18.605
191,-19.956
192,-21.318
193,-22.692
194,-24.077
195,-25.472
196,-26.878
197,-28.293
198,-29.719
199,-31.154
200,-32.597
