0,13.738
1,13.736
2,13.734
3,13.732
4,13.73
5,13.729
6,13.727
7,13.725
8,13.723
9,13.721
10,13.719
11,13.718
12,13.716
13,13.714
14,13.712
15,13.71
16,13.708
17,13.707
18,13.705
19,13.703
20,13.701
21,13.699
22,13.697
23,13.696
24,13.694
25,13.692
26,13.69
27,13.688
28,13.686
29,13.685
30,13.683
31,13.681
32,13.679
33,13.677
34,13.675
35,13.674
36,13.672
37,13.67
38,13.668
39,13.666
40,13.664
41,13.663
42,13.661
43,13.659
44,13.657
45,13.655
46,13.653
47,13.652
48,13.65
49,13.648
50,13.646
51,13.644
52,13.642
53,13.641
54,13.639
55,13.637
56,13.635
57,13.633
58,13.631
59,13.63
60,13.628
61,13.626
62,13.624
63,13.622
64,13.62
65,13.619
66,13.617
67,13.615
68,13.613
69,13.611
70,13.609
71,13.608
72,13.606
73,13.604
74,13.602
75,13.6
76,13.598
77,13.596
78,13.595
79,13.593
80,13.591
81,13.589
82,13.587
83,13.585
84,13.583
85,13.582
86,13.58
87,13.578
88,13.576
89,13.574
90,13.572
91,13.57
92,13.568
93,13.566
94,13.564
95,13.562
96,13.56
97,13.558
98,13.556
99,13.554
100,13.552
101,13.55
102,13.548
103,13.546
104,13.544
105,13.541
106,13.539
107,13.537
108,13.534
109,13.532
110,13.529
111,13.527
112,13.524
113,13.521
114,13.518
115,13.515
116,13.512
117,13.509
118,13.505
119,13.501
120,13.498
121,13.494
122,13.489
123,13.485
124,13.48
125,13.474
126,13.469
127,13.463
128,13.456
129,13.449
130,13.441
131,13.433
132,13.424
133,13.414
134,13.403
135,13.392
136,13.379
137,13.365
138,13.35
139,13.333
140,13.314
141,13.294
142,13.272
143,13.247
144,13.22
145,13.191
146,13.158
147,13.122
148,13.083
149,13.039
150,12.991
151,12.938
152,12.88
153,12.816
154,12.745
155,12.667
156,12.582
157,12.488
158,12.385
159,12.272
160,12.148
161,12.012
162,11.864
163,11.702
164,11.525
165,11.332
166,11.123
167,10.895
168,10.649
169,10.382
170,10.093
171,9.7827
172,9.4485
173,9.0899
174,8.7058
175,8.2953
176,7.8578
177,7.3924
178,6.8985
179,6.3757
180,5.8234
181,5.2414
182,4.6295
183,3.9876
184,3.3156
185,2.6137
186,1.882
187,1.1208
188,0.33055
189,-0.48847
190,-1.3357
191,-2.2107
192,-3.1128
193,-4.0415
194,-4.996
195,-5.9758
196,-6.9801
197,-8.0083
198,-9.0596
199,-10.133
200,-11.229
