0,10.901
1,10.9
2,10.898
3,10.896
4,10.894
5,10.892
6,10.89
7,10.889
8,10.887
9,10.885
10,10.883
11,10.881
12,10.879
13,10.878
14,10.876
15,10.874
16,10.872
17,10.87
18,10.868
19,10.867
20,10.865
21,10.863
22,10.861
23,10.859
24,10.857
25,10.856
26,10.854
27,10.852
28,10.85
29,10.848
30,10.846
31,10.845
32,10.843
33,10.841
34,10.839
35,10.837
36,10.836
37,10.834
38,10.832
39,10.83
40,10.828
41,10.826
42,10.825
43,10.823
44,10.821
45,10.819
46,10.817
47,10.815
48,10.814
49,10.812
50,10.81
51,10.808
52,10.806
53,10.804
54,10.803
55,10.801
56,10.799
57,10.797
58,10.795
59,10.793
60,10.792
61,10.79
62,10.788
63,10.786
64,10.784
65,10.782
66,10.781
67,10.779
68,10.777
69,10.775
70,10.773
71,10.771
72,10.77
73,10.768
74,10.766
75,10.764
76,10.762
77,10.76
78,10.758
79,10.757
80,10.755
81,10.753
82,10.751
83,10.749
84,10.747
85,10.745
86,10.744
87,10.742
88,10.74
89,10.738
90,10.736
91,10.734
92,10.732
93,10.73
94,10.728
95,10.727
96,10.725
97,10.723
98,10.721
99,10.719
100,10.717
101,10.715
102,10.713
103,10.711
104,10.709
105,10.707
106,10.704
107,10.702
108,10.7
109,10.698
110,10.696
111,10.693
112,10.691
113,10.688
114,10.686
115,10.683
116,10.681
117,10.678
118,10.675
119,10.672
120,10.669
121,10.665
122,10.662
123,10.658
124,10.655
125,10.651
126,10.646
127,10.642
128,10.637
129,10.632
130,10.626
131,10.62
132,10.613
133,10.606
134,10.599
135,10.591
136,10.582
137,10.572
138,10.561
139,10.55
140,10.537
141,10.523
142,10.508
143,10.491
144,10.473
145,10.453
146,10.431
147,10.406
148,10.38
149,10.35
150,10.317
151,10.282
152,10.242
153,10.198
154,10.15
155,10.097
156,10.039
157,9.9746
158,9.9037
159,9.8257
160,9.7399
161,9.6456
162,9.542
163,9.4282
164,9.3035
165,9.1668
166,9.0172
167,8.8538
168,8.6754
169,8.481
170,8.2695
171,8.0397
172,7.7905
173,7.5208
174,7.2294
175,6.9153
176,6.5774
177,6.2147
178,5.8262
179,5.411
180,4.9684
181,4.4977
182,3.9982
183,3.4693
184,2.9108
185,2.3224
186,1.7037
187,1.0548
188,0.37573
189,-0.3335
190,-1.0726
191,-1.8413
192,-2.6393
193,-3.4661
194,-4.3211
195,-5.2039
196,-6.1139
197,-7.0503
198,-8.0127
199,-9.0002
200,-10.012
