0,21.134
1,21.132
2,21.131
3,21.129
4,21.127
5,21.125
6,21.123
7,21.121
8,21.12
9,21.118
10,21.116
11,21.114
12,21.112
13,21.11
14,21.109
15,21.107
16,21.105
17,21.103
18,21.101
19,21.099
20,21.098
21,21.096
22,21.094
23,21.092
24,21.09
25,21.088
26,21.087
27,21.085
28,21.083
29,21.081
30,21.079
31,21.077
32,21.076
33,21.074
34,21.072
35,21.07
36,21.068
37,21.066
38,21.065
39,21.063
40,21.061
41,21.059
42,21.057
43,21.055
44,21.054
45,21.052
46,21.05
47,21.048
48,21.046
49,21.044
50,21.043
51,21.041
52,21.039
53,21.037
54,21.035
55,21.033
56,21.032
57,21.03
58,21.028
59,21.026
60,21.024
61,21.022
62,21.021
63,21.019
64,21.017
65,21.015
66,21.013
67,21.011
68,21.009
69,21.008
70,21.006
71,21.004
72,21.002
73,21
74,20.998
75,20.996
76,20.995
77,20.993
78,20.991
79,20.989
80,20.987
81,20.985
82,20.983
83,20.981
84,20.979
85,20.977
86,20.975
87,20.973
88,20.971
89,20.969
90,20.967
91,20.965
92,20.963
93,20.961
94,20.959
95,20.957
96,20.955
97,20.952
98,20.95
99,20.948
100,20.945
101,20.943
102,20.94
103,20.938
104,20.935
105,20.932
106,20.929
107,20.926
108,20.923
109,20.92
110,20.916
111,20.913
112,20.909
113,20.905
114,20.9
115,20.896
116,20.891
117,20.886
118,20.88
119,20.874
120,20.867
121,20.86
122,20.853
123,20.845
124,20.836
125,20.826
126,20.816
127,20.804
128,20.792
129,20.778
130,20.763
131,20.746
132,20.728
133,20.709
134,20.687
135,20.663
136,20.637
137,20.608
138,20.577
139,20.542
140,20.504
141,20.462
142,20.415
143,20.364
144,20.308
145,20.246
146,20.178
147,20.104
148,20.022
149,19.931
150,19.833
151,19.724
152,19.605
153,19.475
154,19.333
155,19.178
156,19.009
157,18.825
158,18.624
159,18.406
160,18.17
161,17.915
162,17.639
163,17.341
164,17.021
165,16.677
166,16.309
167,15.915
168,15.494
169,15.047
170,14.572
171,14.068
172,13.535
173,12.974
174,12.382
175,11.761
176,11.111
177,10.43
178,9.7204
179,8.981
180,8.2126
181,7.4154
182,6.5898
183,5.7365
184,4.8558
185,3.9483
186,3.0148
187,2.0557
188,1.0717
189,0.063587
190,-0.96806
191,-2.0225
192,-3.0992
193,-4.1973
194,-5.3161
195,-6.4551
196,-7.6136
197,-8.7909
198,-9.9864
199,-11.2
200,-12.43
