0,12.792
1,12.79
2,12.788
3,12.786
4,12.784
5,12.783
6,12.781
7,12.779
8,12.777
9,12.775
10,12.773
11,12.772
12,12.77
13,12.768
14,12.766
15,12.764
16,12.762
17,12.761
18,12.759
19,12.757
20,12.755
21,12.753
22,12.751
23,12.75
24,12.748
25,12.746
26,12.744
27,12.742
28,12.74
29,12.739
30,12.737
31,12.735
32,12.733
33,12.731
34,12.729
35,12.728
36,12.726
37,12.724
38,12.722
39,12.72
40,12.719
41,12.717
42,12.715
43,12.713
44,12.711
45,12.709
46,12.708
47,12.706
48,12.704
49,12.702
50,12.7
51,12.698
52,12.697
53,12.695
54,12.693
55,12.691
56,12.689
57,12.687
58,12.686
59,12.684
60,12.682
61,12.68
62,12.678
63,12.676
64,12.674
65,12.673
66,12.671
67,12.669
68,12.667
69,12.665
70,12.663
71,12.662
72,12.66
73,12.658
74,12.656
75,12.654
76,12.652
77,12.65
78,12.649
79,12.647
80,12.645
81,12.643
82,12.641
83,12.639
84,12.637
85,12.635
86,12.633
87,12.632
88,12.63
89,12.628
90,12.626
91,12.624
92,12.622
93,12.62
94,12.618
95,12.616
96,12.614
97,12.611
98,12.609
99,12.607
100,12.605
101,12.603
102,12.6
103,12.598
104,12.596
105,12.593
106,12.591
107,12.588
108,12.585
109,12.583
110,12.58
111,12.577
112,12.574
113,12.57
114,12.567
115,12.563
116,12.56
117,12.556
118,12.551
119,12.547
120,12.542
121,12.537
122,12.531
123,12.526
124,12.519
125,12.512
126,12.505
127,12.497
128,12.488
129,12.479
130,12.469
131,12.458
132,12.446
133,12.432
134,12.418
135,12.402
136,12.384
137,12.365
138,12.344
139,12.321
140,12.296
141,12.268
142,12.238
143,12.204
144,12.167
145,12.126
146,12.081
147,12.032
148,11.977
149,11.918
150,11.852
151,11.78
152,11.7
153,11.613
154,11.517
155,11.412
156,11.297
157,11.171
158,11.033
159,10.882
160,10.718
161,10.539
162,10.344
163,10.133
164,9.9029
165,9.6542
166,9.3854
167,9.0953
168,8.783
169,8.4473
170,8.0873
171,7.7021
172,7.2908
173,6.8527
174,6.3869
175,5.893
176,5.3704
177,4.8187
178,4.2376
179,3.6268
180,2.9863
181,2.3161
182,1.6163
183,0.88695
184,0.12841
185,-0.659
186,-1.4749
187,-2.3188
188,-3.1902
189,-4.0885
190,-5.0132
191,-5.9637
192,-6.9392
193,-7.9391
194,-8.9628
195,-10.01
196,-11.079
197,-12.17
198,-13.281
199,-14.414
200,-15.565
