0,11.773
1,11.771
2,11.769
3,11.767
4,11.765
5,11.763
6,11.762
7,11.76
8,11.758
9,11.756
10,11.754
11,11.752
12,11.751
13,11.749
14,11.747
15,11.745
16,11.743
17,11.741
18,11.74
19,11.738
20,11.736
21,11.734
22,11.732
23,11.73
24,11.729
25,11.727
26,11.725
27,11.723
28,11.721
29,11.719
30,11.718
31,11.716
32,11.714
33,11.712
34,11.71
35,11.709
36,11.707
37,11.705
38,11.703
39,11.701
40,11.699
41,11.698
42,11.696
43,11.694
44,11.692
45,11.69
46,11.688
47,11.687
48,11.685
49,11.683
50,11.681
51,11.679
52,11.677
53,11.676
54,11.674
55,11.672
56,11.67
57,11.668
58,11.666
59,11.665
60,11.663
61,11.661
62,11.659
63,11.657
64,11.655
65,11.653
66,11.652
67,11.65
68,11.648
69,11.646
70,11.644
71,11.642
72,11.641
73,11.639
74,11.637
75,11.635
76,11.633
77,11.631
78,11.629
79,11.627
80,11.626
81,11.624
82,11.622
83,11.62
84,11.618
85,11.616
86,11.614
87,11.612
88,11.61
89,11.608
90,11.606
91,11.604
92,11.602
93,11.6
94,11.598
95,11.596
96,11.594
97,11.592
98,11.589
99,11.587
100,11.585
101,11.582
102,11.58
103,11.578
104,11.575
105,11.572
106,11.57
107,11.567
108,11.564
109,11.561
110,11.558
111,11.555
112,11.551
113,11.547
114,11.544
115,11.54
116,11.535
117,11.531
118,11.526
119,11.521
120,11.515
121,11.509
122,11.503
123,11.496
124,11.488
125,11.48
126,11.472
127,11.462
128,11.452
129,11.441
130,11.428
131,11.415
132,11.4
133,11.384
134,11.367
135,11.348
136,11.327
137,11.303
138,11.278
139,11.25
140,11.219
141,11.186
142,11.149
143,11.108
144,11.063
145,11.014
146,10.959
147,10.9
148,10.834
149,10.762
150,10.683
151,10.596
152,10.501
153,10.396
154,10.282
155,10.157
156,10.02
157,9.8708
158,9.7079
159,9.5304
160,9.3374
161,9.1277
162,8.9004
163,8.6542
164,8.3882
165,8.1013
166,7.7924
167,7.4605
168,7.1046
169,6.7238
170,6.3172
171,5.8841
172,5.4237
173,4.9354
174,4.4187
175,3.8732
176,3.2986
177,2.6945
178,2.0609
179,1.3978
180,0.70521
181,-0.016704
182,-0.7677
183,-1.5475
184,-2.3557
185,-3.1918
186,-4.0554
187,-4.9459
188,-5.8628
189,-6.8054
190,-7.7732
191,-8.7654
192,-9.7814
193,-10.821
194,-11.882
195,-12.966
196,-14.07
197,-15.195
198,-16.34
199,-17.504
200,-18.686
