0,23.166
1,23.165
2,23.163
3,23.161
4,23.159
5,23.157
6,23.156
7,23.154
8,23.152
9,23.15
10,23.148
11,23.146
12,23.145
13,23.143
14,23.141
15,23.139
16,23.137
17,23.135
18,23.134
19,23.132
20,23.13
21,23.128
22,23.126
23,23.124
24,23.123
25,23.121
26,23.119
27,23.117
28,23.115
29,23.113
30,23.112
31,23.11
32,23.108
33,23.106
34,23.104
35,23.102
36,23.101
37,23.099
38,23.097
39,23.095
40,23.093
41,23.091
42,23.09
43,23.088
44,23.086
45,23.084
46,23.082
47,23.08
48,23.079
49,23.077
50,23.075
51,23.073
52,23.071
53,23.069
54,23.068
55,23.066
56,23.064
57,23.062
58,23.06
59,23.058
60,23.056
61,23.055
62,23.053
63,23.051
64,23.049
65,23.047
66,23.045
67,23.043
68,23.042
69,23.04
70,23.038
71,23.036
72,23.034
73,23.032
74,23.03
75,23.028
76,23.026
77,23.024
78,23.022
79,23.021
80,23.019
81,23.017
82,23.015
83,23.012
84,23.01
85,23.008
86,23.006
87,23.004
88,23.002
89,23
90,22.998
91,22.995
92,22.993
93,22.991
94,22.988
95,22.986
96,22.983
97,22.98
98,22.977
99,22.975
100,22.972
101,22.969
102,22.965
103,22.962
104,22.958
105,22.955
106,22.951
107,22.946
108,22.942
109,22.937
110,22.932
111,22.927
112,22.921
113,22.915
114,22.908
115,22.901
116,22.893
117,22.885
118,22.875
119,22.866
120,22.855
121,22.843
122,22.83
123,22.816
124,22.801
125,22.784
126,22.766
127,22.745
128,22.723
129,22.699
130,22.672
131,22.643
132,22.611
133,22.576
134,22.537
135,22.494
136,22.448
137,22.396
138,22.339
139,22.277
140,22.209
141,22.134
142,22.052
143,21.962
144,21.863
145,21.755
146,21.636
147,21.507
148,21.365
149,21.211
150,21.043
151,20.86
152,20.661
153,20.446
154,20.212
155,19.96
156,19.687
157,19.393
158,19.077
159,18.738
160,18.375
161,17.987
162,17.573
163,17.133
164,16.665
165,16.169
166,15.645
167,15.092
168,14.511
169,13.9
170,13.259
171,12.59
172,11.891
173,11.163
174,10.406
175,9.6207
176,8.8072
177,7.966
178,7.0977
179,6.2027
180,5.2816
181,4.335
182,3.3636
183,2.368
184,1.3488
185,0.30678
186,-0.7575
187,-1.8433
188,-2.9501
189,-4.0771
190,-5.2237
191,-6.3892
192,-7.5731
193,-8.7748
194,-9.9936
195,-11.229
196,-12.48
197,-13.747
198,-15.029
199,-16.325
200,-17.636
