0,12.333
1,12.331
2,12.33
3,12.328
4,12.326
5,12.324
6,12.322
7,12.32
8,12.319
9,12.317
10,12.315
11,12.313
12,12.311
13,12.309
14,12.308
15,12.306
16,12.304
17,12.302
18,12.3
19,12.298
20,12.297
21,12.295
22,12.293
23,12.291
24,12.289
25,12.287
26,12.286
27,12.284
28,12.282
29,12.28
30,12.278
31,12.276
32,12.275
33,12.273
34,12.271
35,12.269
36,12.267
37,12.265
38,12.264
39,12.262
40,12.26
41,12.258
42,12.256
43,12.254
44,12.253
45,12.251
46,12.249
47,12.247
48,12.245
49,12.243
50,12.242
51,12.24
52,12.238
53,12.236
54,12.234
55,12.232
56,12.231
57,12.229
58,12.227
59,12.225
60,12.223
61,12.221
62,12.22
63,12.218
64,12.216
65,12.214
66,12.212
67,12.21
68,12.209
69,12.207
70,12.205
71,12.203
72,12.201
73,12.199
74,12.197
75,12.196
76,12.194
77,12.192
78,12.19
79,12.188
80,12.186
81,12.184
82,12.182
83,12.18
84,12.178
85,12.177
86,12.175
87,12.173
88,12.171
89,12.169
90,12.167
91,12.165
92,12.163
93,12.161
94,12.158
95,12.156
96,12.154
97,12.152
98,12.15
99,12.148
100,12.145
101,12.143
102,12.14
103,12.138
104,12.135
105,12.133
106,12.13
107,12.127
108,12.124
109,12.121
110,12.118
111,12.115
112,12.111
113,12.107
114,12.104
115,12.099
116,12.095
117,12.09
118,12.086
119,12.08
120,12.075
121,12.069
122,12.062
123,12.055
124,12.047
125,12.039
126,12.03
127,12.02
128,12.01
129,11.998
130,11.986
131,11.972
132,11.957
133,11.941
134,11.923
135,11.903
136,11.881
137,11.857
138,11.831
139,11.803
140,11.771
141,11.736
142,11.698
143,11.656
144,11.61
145,11.559
146,11.504
147,11.442
148,11.375
149,11.301
150,11.22
151,11.13
152,11.033
153,10.925
154,10.808
155,10.679
156,10.539
157,10.386
158,10.219
159,10.037
160,9.8391
161,9.6244
162,9.3917
163,9.1398
164,8.8679
165,8.5746
166,8.2591
167,7.9203
168,7.5572
169,7.169
170,6.7548
171,6.3137
172,5.8453
173,5.3488
174,4.8237
175,4.2697
176,3.6865
177,3.0738
178,2.4316
179,1.7599
180,1.0587
181,0.32829
182,-0.43114
183,-1.2192
184,-2.0356
185,-2.8798
186,-3.7513
187,-4.6496
188,-5.5741
189,-6.5241
190,-7.4991
191,-8.4983
192,-9.5211
193,-10.567
194,-11.635
195,-12.725
196,-13.835
197,-14.966
198,-16.116
199,-17.286
200,-18.473
