0,27.522
1,27.521
2,27.519
3,27.517
4,27.515
5,27.513
6,27.511
7,27.51
8,27.508
9,27.506
10,27.504
11,27.502
12,27.5
13,27.499
14,27.497
15,27.495
16,27.493
17,27.491
18,27.489
19,27.488
20,27.486
21,27.484
22,27.482
23,27.48
24,27.478
25,27.477
26,27.475
27,27.473
28,27.471
29,27.469
30,27.467
31,27.465
32,27.464
33,27.462
34,27.46
35,27.458
36,27.456
37,27.454
38,27.453
39,27.451
40,27.449
41,27.447
42,27.445
43,27.443
44,27.441
45,27.439
46,27.438
47,27.436
48,27.434
49,27.432
50,27.43
51,27.428
52,27.426
53,27.424
54,27.422
55,27.42
56,27.418
57,27.416
58,27.414
59,27.412
60,27.41
61,27.408
62,27.406
63,27.404
64,27.402
65,27.4
66,27.397
67,27.395
68,27.393
69,27.39
70,27.388
71,27.386
72,27.383
73,27.38
74,27.378
75,27.375
76,27.372
77,27.369
78,27.366
79,27.363
80,27.359
81,27.356
82,27.352
83,27.348
84,27.344
85,27.34
86,27.335
87,27.33
88,27.325
89,27.319
90,27.313
91,27.307
92,27.3
93,27.293
94,27.285
95,27.276
96,27.267
97,27.257
98,27.246
99,27.234
100,27.222
101,27.208
102,27.193
103,27.176
104,27.158
105,27.139
106,27.117
107,27.094
108,27.068
109,27.041
110,27.01
111,26.977
112,26.94
113,26.9
114,26.857
115,26.809
116,26.756
117,26.699
118,26.637
119,26.568
120,26.493
121,26.412
122,26.322
123,26.225
124,26.119
125,26.003
126,25.877
127,25.74
128,25.591
129,25.429
130,25.254
131,25.064
132,24.859
133,24.637
134,24.398
135,24.14
136,23.863
137,23.565
138,23.247
139,22.906
140,22.542
141,22.155
142,21.742
143,21.305
144,20.842
145,20.352
146,19.835
147,19.292
148,18.72
149,18.121
150,17.494
151,16.839
152,16.156
153,15.445
154,14.707
155,13.941
156,13.148
157,12.329
158,11.483
159,10.611
160,9.7144
161,8.7927
162,7.8467
163,6.877
164,5.8841
165,4.8688
166,3.8315
167,2.773
168,1.6937
169,0.59428
170,-0.52463
171,-1.6625
172,-2.8187
173,-3.9926
174,-5.1838
175,-6.3917
176,-7.6158
177,-8.8554
178,-10.11
179,-11.38
180,-12.663
181,-13.961
182,-15.271
183,-16.595
184,-17.931
185,-19.279
186,-20.638
187,-22.009
188,-23.391
189,-24.783
190,-26.186
191,-27.599
192,-29.021
193,-30.453
194,-31.893
195,-33.343
196,-34.8
197,-36.267
198,-37.741
199,-39.223
200,-40.712
