0,21.69
1,21.689
2,21.687
3,21.685
4,21.683
5,21.681
6,21.679
7,21.678
8,21.676
9,21.674
10,21.672
11,21.67
12,21.668
13,21.667
14,21.665
15,21.663
16,21.661
17,21.659
18,21.657
19,21.656
20,21.654
21,21.652
22,21.65
23,21.648
24,21.646
25,21.645
26,21.643
27,21.641
28,21.639
29,21.637
30,21.635
31,21.634
32,21.632
33,21.63
34,21.628
35,21.626
36,21.624
37,21.623
38,21.621
39,21.619
40,21.617
41,21.615
42,21.613
43,21.612
44,21.61
45,21.608
46,21.606
47,21.604
48,21.602
49,21.601
50,21.599
51,21.597
52,21.595
53,21.593
54,21.591
55,21.59
56,21.588
57,21.586
58,21.584
59,21.582
60,21.58
61,21.579
62,21.577
63,21.575
64,21.573
65,21.571
66,21.569
67,21.567
68,21.566
69,21.564
70,21.562
71,21.56
72,21.558
73,21.556
74,21.554
75,21.553
76,21.551
77,21.549
78,21.547
79,21.545
80,21.543
81,21.541
82,21.539
83,21.537
84,21.535
85,21.533
86,21.532
87,21.53
88,21.528
89,21.525
90,21.523
91,21.521
92,21.519
93,21.517
94,21.515
95,21.513
96,21.511
97,21.508
98,21.506
99,21.504
100,21.501
101,21.499
102,21.496
103,21.494
104,21.491
105,21.488
106,21.485
107,21.482
108,21.479
109,21.475
110,21.472
111,21.468
112,21.464
113,21.46
114,21.456
115,21.451
116,21.446
117,21.441
118,21.435
119,21.429
120,21.422
121,21.415
122,21.407
123,21.399
124,21.39
125,21.38
126,21.369
127,21.357
128,21.344
129,21.33
130,21.315
131,21.298
132,21.28
133,21.259
134,21.237
135,21.213
136,21.186
137,21.156
138,21.124
139,21.088
140,21.049
141,21.005
142,20.958
143,20.905
144,20.847
145,20.784
146,20.714
147,20.637
148,20.553
149,20.46
150,20.359
151,20.248
152,20.126
153,19.992
154,19.847
155,19.687
156,19.514
157,19.325
158,19.12
159,18.897
160,18.655
161,18.394
162,18.112
163,17.808
164,17.481
165,17.13
166,16.754
167,16.352
168,15.924
169,15.469
170,14.985
171,14.473
172,13.932
173,13.362
174,12.762
175,12.133
176,11.474
177,10.785
178,10.066
179,9.3183
180,8.5414
181,7.736
182,6.9023
183,6.041
184,5.1525
185,4.2374
186,3.2964
187,2.3301
188,1.339
189,0.32402
190,-0.7143
191,-1.7753
192,-2.8582
193,-3.9624
194,-5.0871
195,-6.2318
196,-7.3958
197,-8.5785
198,-9.7791
199,-10.997
200,-12.232
