0,10.813
1,10.811
2,10.809
3,10.807
4,10.805
5,10.804
6,10.802
7,10.8
8,10.798
9,10.796
10,10.794
11,10.793
12,10.791
13,10.789
14,10.787
15,10.785
16,10.783
17,10.782
18,10.78
19,10.778
20,10.776
21,10.774
22,10.772
23,10.771
24,10.769
25,10.767
26,10.765
27,10.763
28,10.761
29,10.76
30,10.758
31,10.756
32,10.754
33,10.752
34,10.75
35,10.749
36,10.747
37,10.745
38,10.743
39,10.741
40,10.739
41,10.738
42,10.736
43,10.734
44,10.732
45,10.73
46,10.728
47,10.727
48,10.725
49,10.723
50,10.721
51,10.719
52,10.717
53,10.716
54,10.714
55,10.712
56,10.71
57,10.708
58,10.706
59,10.705
60,10.703
61,10.701
62,10.699
63,10.697
64,10.695
65,10.694
66,10.692
67,10.69
68,10.688
69,10.686
70,10.684
71,10.683
72,10.681
73,10.679
74,10.677
75,10.675
76,10.673
77,10.672
78,10.67
79,10.668
80,10.666
81,10.664
82,10.662
83,10.661
84,10.659
85,10.657
86,10.655
87,10.653
88,10.651
89,10.649
90,10.648
91,10.646
92,10.644
93,10.642
94,10.64
95,10.638
96,10.636
97,10.634
98,10.632
99,10.63
100,10.628
101,10.627
102,10.625
103,10.623
104,10.621
105,10.619
106,10.616
107,10.614
108,10.612
109,10.61
110,10.608
111,10.606
112,10.604
113,10.601
114,10.599
115,10.597
116,10.594
117,10.592
118,10.589
119,10.586
120,10.583
121,10.581
122,10.577
123,10.574
124,10.571
125,10.568
126,10.564
127,10.56
128,10.556
129,10.552
130,10.547
131,10.542
132,10.537
133,10.531
134,10.525
135,10.518
136,10.511
137,10.503
138,10.495
139,10.486
140,10.476
141,10.465
142,10.453
143,10.44
144,10.425
145,10.41
146,10.392
147,10.373
148,10.352
149,10.33
150,10.304
151,10.276
152,10.246
153,10.212
154,10.174
155,10.133
156,10.088
157,10.037
158,9.9821
159,9.9211
160,9.8539
161,9.7798
162,9.6982
163,9.6084
164,9.5096
165,9.4011
166,9.282
167,9.1513
168,9.0081
169,8.8514
170,8.6802
171,8.4934
172,8.2898
173,8.0684
174,7.828
175,7.5674
176,7.2855
177,6.9811
178,6.6533
179,6.3008
180,5.9228
181,5.5183
182,5.0865
183,4.6266
184,4.1379
185,3.6199
186,3.0722
187,2.4943
188,1.8862
189,1.2476
190,0.57854
191,-0.12087
192,-0.85047
193,-1.61
194,-2.399
195,-3.2172
196,-4.0641
197,-4.939
198,-5.8415
199,-6.7708
200,-7.7264
