0,22.707
1,22.705
2,22.703
3,22.701
4,22.699
5,22.697
6,22.696
7,22.694
8,22.692
9,22.69
10,22.688
11,22.686
12,22.685
13,22.683
14,22.681
15,22.679
16,22.677
17,22.675
18,22.674
19,22.672
20,22.67
21,22.668
22,22.666
23,22.665
24,22.663
25,22.661
26,22.659
27,22.657
28,22.655
29,22.654
30,22.652
31,22.65
32,22.648
33,22.646
34,22.644
35,22.643
36,22.641
37,22.639
38,22.637
39,22.635
40,22.633
41,22.632
42,22.63
43,22.628
44,22.626
45,22.624
46,22.622
47,22.621
48,22.619
49,22.617
50,22.615
51,22.613
52,22.611
53,22.61
54,22.608
55,22.606
56,22.604
57,22.602
58,22.6
59,22.599
60,22.597
61,22.595
62,22.593
63,22.591
64,22.589
65,22.588
66,22.586
67,22.584
68,22.582
69,22.58
70,22.578
71,22.577
72,22.575
73,22.573
74,22.571
75,22.569
76,22.567
77,22.565
78,22.564
79,22.562
80,22.56
81,22.558
82,22.556
83,22.554
84,22.552
85,22.551
86,22.549
87,22.547
88,22.545
89,22.543
90,22.541
91,22.539
92,22.537
93,22.535
94,22.533
95,22.531
96,22.529
97,22.527
98,22.525
99,22.523
100,22.521
101,22.519
102,22.517
103,22.515
104,22.513
105,22.511
106,22.508
107,22.506
108,22.504
109,22.501
110,22.499
111,22.496
112,22.494
113,22.491
114,22.488
115,22.485
116,22.482
117,22.479
118,22.476
119,22.472
120,22.468
121,22.464
122,22.46
123,22.456
124,22.451
125,22.446
126,22.441
127,22.435
128,22.429
129,22.422
130,22.415
131,22.407
132,22.398
133,22.389
134,22.379
135,22.368
136,22.356
137,22.342
138,22.328
139,22.312
140,22.294
141,22.275
142,22.254
143,22.23
144,22.204
145,22.176
146,22.145
147,22.11
148,22.072
149,22.03
150,21.984
151,21.933
152,21.876
153,21.814
154,21.746
155,21.67
156,21.587
157,21.496
158,21.395
159,21.285
160,21.163
161,21.03
162,20.885
163,20.725
164,20.551
165,20.361
166,20.154
167,19.929
168,19.685
169,19.421
170,19.134
171,18.826
172,18.493
173,18.136
174,17.753
175,17.343
176,16.906
177,16.441
178,15.947
179,15.423
180,14.87
181,14.286
182,13.672
183,13.028
184,12.353
185,11.648
186,10.912
187,10.147
188,9.3524
189,8.5287
190,7.6765
191,6.7962
192,5.8886
193,4.9542
194,3.9937
195,3.0077
196,1.9971
197,0.96249
198,-0.095422
199,-1.1759
200,-2.2782
