0,21.977
1,21.975
2,21.974
3,21.972
4,21.97
5,21.968
6,21.966
7,21.964
8,21.963
9,21.961
10,21.959
11,21.957
12,21.955
13,21.953
14,21.952
15,21.95
16,21.948
17,21.946
18,21.944
19,21.942
20,21.941
21,21.939
22,21.937
23,21.935
24,21.933
25,21.931
26,21.93
27,21.928
28,21.926
29,21.924
30,21.922
31,21.92
32,21.919
33,21.917
34,21.915
35,21.913
36,21.911
37,21.909
38,21.908
39,21.906
40,21.904
41,21.902
42,21.9
43,21.898
44,21.897
45,21.895
46,21.893
47,21.891
48,21.889
49,21.887
50,21.885
51,21.884
52,21.882
53,21.88
54,21.878
55,21.876
56,21.874
57,21.872
58,21.871
59,21.869
60,21.867
61,21.865
62,21.863
63,21.861
64,21.859
65,21.857
66,21.856
67,21.854
68,21.852
69,21.85
70,21.848
71,21.846
72,21.844
73,21.842
74,21.84
75,21.838
76,21.836
77,21.834
78,21.832
79,21.829
80,21.827
81,21.825
82,21.823
83,21.821
84,21.818
85,21.816
86,21.813
87,21.811
88,21.808
89,21.806
90,21.803
91,21.8
92,21.797
93,21.794
94,21.791
95,21.788
96,21.784
97,21.78
98,21.776
99,21.772
100,21.768
101,21.763
102,21.759
103,21.753
104,21.748
105,21.742
106,21.735
107,21.729
108,21.721
109,21.713
110,21.704
111,21.695
112,21.685
113,21.674
114,21.662
115,21.649
116,21.634
117,21.619
118,21.602
119,21.583
120,21.563
121,21.54
122,21.516
123,21.489
124,21.46
125,21.427
126,21.392
127,21.353
128,21.311
129,21.264
130,21.213
131,21.157
132,21.095
133,21.028
134,20.954
135,20.873
136,20.784
137,20.687
138,20.581
139,20.465
140,20.338
141,20.2
142,20.05
143,19.886
144,19.708
145,19.515
146,19.306
147,19.08
148,18.835
149,18.571
150,18.287
151,17.982
152,17.654
153,17.304
154,16.929
155,16.529
156,16.104
157,15.652
158,15.174
159,14.668
160,14.133
161,13.571
162,12.98
163,12.361
164,11.712
165,11.035
166,10.329
167,9.5952
168,8.8328
169,8.0425
170,7.2247
171,6.3798
172,5.5083
173,4.6107
174,3.6876
175,2.7396
176,1.7673
177,0.77118
178,-0.24797
179,-1.2896
180,-2.353
181,-3.4376
182,-4.5427
183,-5.6677
184,-6.812
185,-7.975
186,-9.156
187,-10.355
188,-11.57
189,-12.802
190,-14.05
191,-15.313
192,-16.59
193,-17.882
194,-19.188
195,-20.508
196,-21.84
197,-23.185
198,-24.542
199,-25.91
200,-27.29
