0,21.38
1,21.378
2,21.376
3,21.374
4,21.372
5,21.37
6,21.369
7,21.367
8,21.365
9,21.363
10,21.361
11,21.359
12,21.358
13,21.356
14,21.354
15,21.352
16,21.35
17,21.348
18,21.347
19,21.345
20,21.343
21,21.341
22,21.339
23,21.337
24,21.336
25,21.334
26,21.332
27,21.33
28,21.328
29,21.326
30,21.325
31,21.323
32,21.321
33,21.319
34,21.317
35,21.315
36,21.313
37,21.312
38,21.31
39,21.308
40,21.306
41,21.304
42,21.302
43,21.301
44,21.299
45,21.297
46,21.295
47,21.293
48,21.291
49,21.289
50,21.288
51,21.286
52,21.284
53,21.282
54,21.28
55,21.278
56,21.276
57,21.274
58,21.272
59,21.27
60,21.268
61,21.266
62,21.264
63,21.262
64,21.26
65,21.258
66,21.256
67,21.254
68,21.252
69,21.25
70,21.248
71,21.246
72,21.244
73,21.241
74,21.239
75,21.237
76,21.234
77,21.232
78,21.229
79,21.227
80,21.224
81,21.221
82,21.218
83,21.215
84,21.212
85,21.209
86,21.206
87,21.202
88,21.198
89,21.194
90,21.19
91,21.186
92,21.181
93,21.176
94,21.171
95,21.165
96,21.159
97,21.153
98,21.146
99,21.139
100,21.131
101,21.122
102,21.113
103,21.102
104,21.091
105,21.079
106,21.067
107,21.052
108,21.037
109,21.02
110,21.002
111,20.982
112,20.96
113,20.936
114,20.91
115,20.882
116,20.851
117,20.817
118,20.779
119,20.738
120,20.694
121,20.645
122,20.591
123,20.532
124,20.468
125,20.398
126,20.321
127,20.237
128,20.145
129,20.045
130,19.936
131,19.816
132,19.687
133,19.546
134,19.392
135,19.226
136,19.045
137,18.849
138,18.638
139,18.409
140,18.163
141,17.897
142,17.612
143,17.306
144,16.978
145,16.627
146,16.253
147,15.855
148,15.432
149,14.983
150,14.507
151,14.005
152,13.476
153,12.918
154,12.334
155,11.721
156,11.08
157,10.41
158,9.7133
159,8.9882
160,8.2354
161,7.4553
162,6.6481
163,5.8143
164,4.9542
165,4.0685
166,3.1575
167,2.2219
168,1.2622
169,0.27893
170,-0.72721
171,-1.7557
172,-2.8058
173,-3.877
174,-4.9687
175,-6.0803
176,-7.2111
177,-8.3607
178,-9.5283
179,-10.713
180,-11.916
181,-13.134
182,-14.369
183,-15.619
184,-16.883
185,-18.163
186,-19.456
187,-20.762
188,-22.082
189,-23.414
190,-24.759
191,-26.115
192,-27.483
193,-28.862
194,-30.252
195,-31.652
196,-33.062
197,-34.482
198,-35.912
199,-37.35
200,-38.798
