0,14.292
1,14.29
2,14.289
3,14.287
4,14.285
5,14.283
6,14.281
7,14.279
8,14.278
9,14.276
10,14.274
11,14.272
12,14.27
13,14.268
14,14.267
15,14.265
16,14.263
17,14.261
18,14.259
19,14.257
20,14.256
21,14.254
22,14.252
23,14.25
24,14.248
25,14.247
26,14.245
27,14.243
28,14.241
29,14.239
30,14.237
31,14.236
32,14.234
33,14.232
34,14.23
35,14.228
36,14.226
37,14.225
38,14.223
39,14.221
40,14.219
41,14.217
42,14.215
43,14.214
44,14.212
45,14.21
46,14.208
47,14.206
48,14.204
49,14.203
50,14.201
51,14.199
52,14.197
53,14.195
54,14.193
55,14.191
56,14.19
57,14.188
58,14.186
59,14.184
60,14.182
61,14.18
62,14.179
63,14.177
64,14.175
65,14.173
66,14.171
67,14.169
68,14.167
69,14.165
70,14.164
71,14.162
72,14.16
73,14.158
74,14.156
75,14.154
76,14.152
77,14.15
78,14.148
79,14.146
80,14.144
81,14.142
82,14.14
83,14.138
84,14.136
85,14.134
86,14.132
87,14.13
88,14.128
89,14.126
90,14.123
91,14.121
92,14.119
93,14.116
94,14.114
95,14.112
96,14.109
97,14.106
98,14.104
99,14.101
100,14.098
101,14.095
102,14.092
103,14.088
104,14.085
105,14.081
106,14.077
107,14.073
108,14.069
109,14.064
110,14.06
111,14.054
112,14.049
113,14.043
114,14.036
115,14.03
116,14.022
117,14.014
118,14.005
119,13.996
120,13.986
121,13.975
122,13.963
123,13.949
124,13.935
125,13.919
126,13.902
127,13.883
128,13.863
129,13.84
130,13.815
131,13.788
132,13.758
133,13.725
134,13.689
135,13.65
136,13.607
137,13.559
138,13.507
139,13.449
140,13.386
141,13.317
142,13.241
143,13.158
144,13.067
145,12.968
146,12.859
147,12.74
148,12.609
149,12.467
150,12.313
151,12.144
152,11.961
153,11.762
154,11.547
155,11.313
156,11.061
157,10.789
158,10.496
159,10.182
160,9.844
161,9.4825
162,9.0964
163,8.6848
164,8.247
165,7.7822
166,7.2899
167,6.7696
168,6.2209
169,5.6435
170,5.0371
171,4.4018
172,3.7374
173,3.044
174,2.3218
175,1.5709
176,0.79181
177,-0.01527
178,-0.84987
179,-1.7115
180,-2.5997
181,-3.5138
182,-4.4534
183,-5.4177
184,-6.4062
185,-7.4182
186,-8.453
187,-9.5101
188,-10.589
189,-11.688
190,-12.808
191,-13.948
192,-15.106
193,-16.283
194,-17.478
195,-18.69
196,-19.918
197,-21.163
198,-22.423
199,-23.698
200,-24.988
