0,14.147
1,14.145
2,14.143
3,14.141
4,14.139
5,14.137
6,14.136
7,14.134
8,14.132
9,14.13
10,14.128
11,14.126
12,14.125
13,14.123
14,14.121
15,14.119
16,14.117
17,14.115
18,14.114
19,14.112
20,14.11
21,14.108
22,14.106
23,14.104
24,14.103
25,14.101
26,14.099
27,14.097
28,14.095
29,14.093
30,14.092
31,14.09
32,14.088
33,14.086
34,14.084
35,14.082
36,14.081
37,14.079
38,14.077
39,14.075
40,14.073
41,14.071
42,14.07
43,14.068
44,14.066
45,14.064
46,14.062
47,14.06
48,14.058
49,14.057
50,14.055
51,14.053
52,14.051
53,14.049
54,14.047
55,14.045
56,14.044
57,14.042
58,14.04
59,14.038
60,14.036
61,14.034
62,14.032
63,14.03
64,14.028
65,14.026
66,14.025
67,14.023
68,14.021
69,14.019
70,14.017
71,14.015
72,14.013
73,14.011
74,14.008
75,14.006
76,14.004
77,14.002
78,14
79,13.998
80,13.995
81,13.993
82,13.991
83,13.988
84,13.986
85,13.983
86,13.98
87,13.978
88,13.975
89,13.972
90,13.969
91,13.966
92,13.962
93,13.959
94,13.955
95,13.952
96,13.948
97,13.943
98,13.939
99,13.934
100,13.929
101,13.923
102,13.918
103,13.911
104,13.905
105,13.897
106,13.89
107,13.881
108,13.872
109,13.862
110,13.852
111,13.84
112,13.828
113,13.814
114,13.799
115,13.783
116,13.765
117,13.746
118,13.725
119,13.702
120,13.676
121,13.649
122,13.619
123,13.585
124,13.549
125,13.509
126,13.466
127,13.418
128,13.366
129,13.308
130,13.246
131,13.177
132,13.102
133,13.02
134,12.93
135,12.832
136,12.725
137,12.608
138,12.481
139,12.342
140,12.191
141,12.028
142,11.85
143,11.657
144,11.448
145,11.223
146,10.98
147,10.717
148,10.435
149,10.132
150,9.8078
151,9.4604
152,9.0896
153,8.6943
154,8.274
155,7.8279
156,7.3553
157,6.8558
158,6.329
159,5.7744
160,5.1917
161,4.5809
162,3.9418
163,3.2744
164,2.5787
165,1.855
166,1.1034
167,0.32422
168,-0.48218
169,-1.3154
170,-2.175
171,-3.0605
172,-3.9714
173,-4.907
174,-5.867
175,-6.8506
176,-7.8572
177,-8.8863
178,-9.9371
179,-11.009
180,-12.102
181,-13.215
182,-14.347
183,-15.497
184,-16.666
185,-17.853
186,-19.056
187,-20.276
188,-21.512
189,-22.764
190,-24.03
191,-25.311
192,-26.606
193,-27.914
194,-29.236
195,-30.57
196,-31.916
197,-33.275
198,-34.644
199,-36.025
200,-37.417
