0,15.376
1,15.374
2,15.372
3,15.37
4,15.368
5,15.367
6,15.365
7,15.363
8,15.361
9,15.359
10,15.357
11,15.356
12,15.354
13,15.352
14,15.35
15,15.348
16,15.346
17,15.345
18,15.343
19,15.341
20,15.339
21,15.337
22,15.335
23,15.334
24,15.332
25,15.33
26,15.328
27,15.326
28,15.325
29,15.323
30,15.321
31,15.319
32,15.317
33,15.315
34,15.314
35,15.312
36,15.31
37,15.308
38,15.306
39,15.304
40,15.303
41,15.301
42,15.299
43,15.297
44,15.295
45,15.293
46,15.292
47,15.29
48,15.288
49,15.286
50,15.284
51,15.282
52,15.28
53,15.279
54,15.277
55,15.275
56,15.273
57,15.271
58,15.269
59,15.268
60,15.266
61,15.264
62,15.262
63,15.26
64,15.258
65,15.256
66,15.255
67,15.253
68,15.251
69,15.249
70,15.247
71,15.245
72,15.243
73,15.241
74,15.24
75,15.238
76,15.236
77,15.234
78,15.232
79,15.23
80,15.228
81,15.226
82,15.224
83,15.222
84,15.22
85,15.218
86,15.216
87,15.214
88,15.212
89,15.209
90,15.207
91,15.205
92,15.203
93,15.2
94,15.198
95,15.196
96,15.193
97,15.191
98,15.188
99,15.185
100,15.182
101,15.179
102,15.176
103,15.173
104,15.17
105,15.166
106,15.163
107,15.159
108,15.155
109,15.15
110,15.146
111,15.141
112,15.135
113,15.13
114,15.124
115,15.117
116,15.11
117,15.103
118,15.094
119,15.086
120,15.076
121,15.065
122,15.054
123,15.042
124,15.028
125,15.014
126,14.997
127,14.98
128,14.96
129,14.939
130,14.916
131,14.891
132,14.863
133,14.832
134,14.799
135,14.762
136,14.721
137,14.676
138,14.627
139,14.574
140,14.515
141,14.45
142,14.379
143,14.301
144,14.215
145,14.121
146,14.019
147,13.906
148,13.784
149,13.65
150,13.503
151,13.344
152,13.17
153,12.982
154,12.777
155,12.555
156,12.315
157,12.056
158,11.776
159,11.476
160,11.152
161,10.806
162,10.435
163,10.039
164,9.6175
165,9.1692
166,8.6936
167,8.1902
168,7.6585
169,7.0982
170,6.509
171,5.8907
172,5.2433
173,4.5668
174,3.8612
175,3.1268
176,2.3638
177,1.5725
178,0.75343
179,-0.093087
180,-0.96651
181,-1.8663
182,-2.7919
183,-3.7427
184,-4.7181
185,-5.7174
186,-6.7401
187,-7.7853
188,-8.8526
189,-9.9412
190,-11.05
191,-12.18
192,-13.328
193,-14.496
194,-15.682
195,-16.885
196,-18.105
197,-19.342
198,-20.594
199,-21.862
200,-23.145
