0,20.9
1,20.899
2,20.897
3,20.895
4,20.893
5,20.891
6,20.889
7,20.888
8,20.886
9,20.884
10,20.882
11,20.88
12,20.878
13,20.877
14,20.875
15,20.873
16,20.871
17,20.869
18,20.867
19,20.866
20,20.864
21,20.862
22,20.86
23,20.858
24,20.856
25,20.855
26,20.853
27,20.851
28,20.849
29,20.847
30,20.845
31,20.844
32,20.842
33,20.84
34,20.838
35,20.836
36,20.834
37,20.833
38,20.831
39,20.829
40,20.827
41,20.825
42,20.823
43,20.822
44,20.82
45,20.818
46,20.816
47,20.814
48,20.812
49,20.81
50,20.809
51,20.807
52,20.805
53,20.803
54,20.801
55,20.799
56,20.797
57,20.796
58,20.794
59,20.792
60,20.79
61,20.788
62,20.786
63,20.784
64,20.782
65,20.781
66,20.779
67,20.777
68,20.775
69,20.773
70,20.771
71,20.769
72,20.767
73,20.765
74,20.763
75,20.761
76,20.759
77,20.757
78,20.754
79,20.752
80,20.75
81,20.748
82,20.746
83,20.743
84,20.741
85,20.738
86,20.736
87,20.733
88,20.731
89,20.728
90,20.725
91,20.722
92,20.719
93,20.716
94,20.713
95,20.709
96,20.706
97,20.702
98,20.698
99,20.694
100,20.689
101,20.684
102,20.679
103,20.674
104,20.668
105,20.661
106,20.655
107,20.647
108,20.639
109,20.631
110,20.622
111,20.612
112,20.601
113,20.589
114,20.576
115,20.562
116,20.547
117,20.53
118,20.512
119,20.492
120,20.47
121,20.446
122,20.42
123,20.392
124,20.36
125,20.326
126,20.288
127,20.247
128,20.201
129,20.152
130,20.097
131,20.037
132,19.971
133,19.899
134,19.821
135,19.734
136,19.64
137,19.537
138,19.424
139,19.301
140,19.167
141,19.021
142,18.862
143,18.689
144,18.502
145,18.298
146,18.078
147,17.84
148,17.584
149,17.307
150,17.01
151,16.691
152,16.349
153,15.983
154,15.593
155,15.177
156,14.736
157,14.268
158,13.773
159,13.25
160,12.699
161,12.119
162,11.512
163,10.875
164,10.21
165,9.5159
166,8.7936
167,8.043
168,7.2646
169,6.4585
170,5.6253
171,4.7653
172,3.8791
173,2.9672
174,2.0302
175,1.0687
176,0.083299
177,-0.92543
178,-1.9568
179,-3.0102
180,-4.0851
181,-5.1806
182,-6.2963
183,-7.4316
184,-8.5857
185,-9.7581
186,-10.948
187,-12.156
188,-13.379
189,-14.619
190,-15.875
191,-17.145
192,-18.43
193,-19.729
194,-21.042
195,-22.367
196,-23.706
197,-25.056
198,-26.419
199,-27.793
200,-29.178
