0,17.55
1,17.548
2,17.546
3,17.545
4,17.543
5,17.541
6,17.539
7,17.537
8,17.535
9,17.534
10,17.532
11,17.53
12,17.528
13,17.526
14,17.524
15,17.523
16,17.521
17,17.519
18,17.517
19,17.515
20,17.513
21,17.512
22,17.51
23,17.508
24,17.506
25,17.504
26,17.502
27,17.501
28,17.499
29,17.497
30,17.495
31,17.493
32,17.491
33,17.49
34,17.488
35,17.486
36,17.484
37,17.482
38,17.48
39,17.479
40,17.477
41,17.475
42,17.473
43,17.471
44,17.469
45,17.468
46,17.466
47,17.464
48,17.462
49,17.46
50,17.458
51,17.456
52,17.455
53,17.453
54,17.451
55,17.449
56,17.447
57,17.445
58,17.443
59,17.442
60,17.44
61,17.438
62,17.436
63,17.434
64,17.432
65,17.43
66,17.428
67,17.426
68,17.424
69,17.422
70,17.42
71,17.418
72,17.416
73,17.414
74,17.412
75,17.41
76,17.408
77,17.406
78,17.404
79,17.402
80,17.399
81,17.397
82,17.395
83,17.392
84,17.39
85,17.387
86,17.385
87,17.382
88,17.38
89,17.377
90,17.374
91,17.371
92,17.368
93,17.364
94,17.361
95,17.357
96,17.353
97,17.349
98,17.345
99,17.34
100,17.336
101,17.33
102,17.325
103,17.319
104,17.313
105,17.306
106,17.299
107,17.291
108,17.283
109,17.273
110,17.264
111,17.253
112,17.241
113,17.228
114,17.215
115,17.2
116,17.183
117,17.165
118,17.145
119,17.124
120,17.1
121,17.075
122,17.047
123,17.016
124,16.982
125,16.945
126,16.904
127,16.86
128,16.811
129,16.757
130,16.699
131,16.634
132,16.564
133,16.487
134,16.403
135,16.311
136,16.21
137,16.1
138,15.98
139,15.849
140,15.707
141,15.552
142,15.384
143,15.201
144,15.003
145,14.788
146,14.556
147,14.306
148,14.036
149,13.747
150,13.435
151,13.102
152,12.745
153,12.365
154,11.959
155,11.528
156,11.071
157,10.586
158,10.075
159,9.5358
160,8.9685
161,8.3729
162,7.7489
163,7.0965
164,6.4155
165,5.7062
166,4.9688
167,4.2034
168,3.4105
169,2.5903
170,1.7434
171,0.87019
172,-0.028826
173,-0.95308
174,-1.902
175,-2.875
176,-3.8715
177,-4.8908
178,-5.9324
179,-6.9955
180,-8.0797
181,-9.1841
182,-10.308
183,-11.452
184,-12.614
185,-13.793
186,-14.991
187,-16.205
188,-17.435
189,-18.681
190,-19.942
191,-21.218
192,-22.508
193,-23.812
194,-25.129
195,-26.459
196,-27.802
197,-29.157
198,-30.523
199,-31.9
200,-33.289
