0,17.484
1,17.482
2,17.48
3,17.478
4,17.476
5,17.474
6,17.473
7,17.471
8,17.469
9,17.467
10,17.465
11,17.463
12,17.462
13,17.46
14,17.458
15,17.456
16,17.454
17,17.452
18,17.451
19,17.449
20,17.447
21,17.445
22,17.443
23,17.441
24,17.44
25,17.438
26,17.436
27,17.434
28,17.432
29,17.43
30,17.429
31,17.427
32,17.425
33,17.423
34,17.421
35,17.419
36,17.418
37,17.416
38,17.414
39,17.412
40,17.41
41,17.408
42,17.407
43,17.405
44,17.403
45,17.401
46,17.399
47,17.397
48,17.395
49,17.394
50,17.392
51,17.39
52,17.388
53,17.386
54,17.384
55,17.383
56,17.381
57,17.379
58,17.377
59,17.375
60,17.373
61,17.371
62,17.369
63,17.368
64,17.366
65,17.364
66,17.362
67,17.36
68,17.358
69,17.356
70,17.354
71,17.352
72,17.35
73,17.348
74,17.346
75,17.344
76,17.342
77,17.34
78,17.338
79,17.336
80,17.333
81,17.331
82,17.329
83,17.327
84,17.324
85,17.322
86,17.319
87,17.317
88,17.314
89,17.312
90,17.309
91,17.306
92,17.303
93,17.3
94,17.297
95,17.293
96,17.29
97,17.286
98,17.282
99,17.278
100,17.273
101,17.269
102,17.264
103,17.258
104,17.252
105,17.246
106,17.24
107,17.233
108,17.225
109,17.217
110,17.208
111,17.198
112,17.188
113,17.177
114,17.164
115,17.151
116,17.136
117,17.12
118,17.103
119,17.084
120,17.063
121,17.04
122,17.015
123,16.988
124,16.958
125,16.925
126,16.889
127,16.849
128,16.806
129,16.758
130,16.706
131,16.649
132,16.587
133,16.518
134,16.443
135,16.361
136,16.271
137,16.173
138,16.065
139,15.948
140,15.82
141,15.681
142,15.529
143,15.364
144,15.185
145,14.991
146,14.781
147,14.553
148,14.307
149,14.042
150,13.757
151,13.451
152,13.122
153,12.771
154,12.396
155,11.995
156,11.57
157,11.118
158,10.639
159,10.133
160,9.5996
161,9.0378
162,8.4477
163,7.829
164,7.1818
165,6.506
166,5.8018
167,5.0693
168,4.3087
169,3.5203
170,2.7047
171,1.862
172,0.99296
173,0.097924
174,-0.82252
175,-1.7678
176,-2.7373
177,-3.7305
178,-4.7467
179,-5.7853
180,-6.8456
181,-7.927
182,-9.029
183,-10.151
184,-11.292
185,-12.452
186,-13.629
187,-14.825
188,-16.037
189,-17.266
190,-18.51
191,-19.77
192,-21.044
193,-22.333
194,-23.636
195,-24.952
196,-26.281
197,-27.623
198,-28.976
199,-30.342
200,-31.719
