0,27.182
1,27.18
2,27.179
3,27.177
4,27.175
5,27.173
6,27.171
7,27.169
8,27.168
9,27.166
10,27.164
11,27.162
12,27.16
13,27.158
14,27.157
15,27.155
16,27.153
17,27.151
18,27.149
19,27.148
20,27.146
21,27.144
22,27.142
23,27.14
24,27.138
25,27.137
26,27.135
27,27.133
28,27.131
29,27.129
30,27.127
31,27.126
32,27.124
33,27.122
34,27.12
35,27.118
36,27.116
37,27.114
38,27.113
39,27.111
40,27.109
41,27.107
42,27.105
43,27.103
44,27.102
45,27.1
46,27.098
47,27.096
48,27.094
49,27.092
50,27.091
51,27.089
52,27.087
53,27.085
54,27.083
55,27.081
56,27.079
57,27.077
58,27.076
59,27.074
60,27.072
61,27.07
62,27.068
63,27.066
64,27.064
65,27.062
66,27.06
67,27.058
68,27.056
69,27.054
70,27.052
71,27.05
72,27.048
73,27.046
74,27.044
75,27.042
76,27.04
77,27.038
78,27.036
79,27.034
80,27.031
81,27.029
82,27.027
83,27.024
84,27.022
85,27.019
86,27.017
87,27.014
88,27.011
89,27.008
90,27.005
91,27.002
92,26.999
93,26.995
94,26.992
95,26.988
96,26.984
97,26.979
98,26.975
99,26.97
100,26.965
101,26.96
102,26.954
103,26.947
104,26.941
105,26.933
106,26.926
107,26.917
108,26.908
109,26.898
110,26.887
111,26.875
112,26.863
113,26.849
114,26.833
115,26.817
116,26.799
117,26.779
118,26.757
119,26.733
120,26.707
121,26.679
122,26.647
123,26.613
124,26.575
125,26.534
126,26.488
127,26.438
128,26.384
129,26.324
130,26.258
131,26.186
132,26.107
133,26.02
134,25.926
135,25.822
136,25.709
137,25.586
138,25.451
139,25.305
140,25.145
141,24.972
142,24.783
143,24.579
144,24.357
145,24.118
146,23.86
147,23.582
148,23.283
149,22.962
150,22.618
151,22.251
152,21.858
153,21.44
154,20.996
155,20.526
156,20.028
157,19.502
158,18.948
159,18.365
160,17.754
161,17.114
162,16.445
163,15.748
164,15.022
165,14.267
166,13.485
167,12.675
168,11.838
169,10.974
170,10.084
171,9.1687
172,8.2279
173,7.2625
174,6.2733
175,5.2608
176,4.2256
177,3.1685
178,2.09
179,0.9908
180,-0.12849
181,-1.2673
182,-2.4249
183,-3.6007
184,-4.7943
185,-6.0049
186,-7.232
187,-8.4751
188,-9.7337
189,-11.007
190,-12.295
191,-13.597
192,-14.913
193,-16.241
194,-17.582
195,-18.936
196,-20.301
197,-21.678
198,-23.065
199,-24.464
200,-25.872
