0,21.891
1,21.889
2,21.888
3,21.886
4,21.884
5,21.882
6,21.88
7,21.878
8,21.877
9,21.875
10,21.873
11,21.871
12,21.869
13,21.868
14,21.866
15,21.864
16,21.862
17,21.86
18,21.858
19,21.857
20,21.855
21,21.853
22,21.851
23,21.849
24,21.847
25,21.846
26,21.844
27,21.842
28,21.84
29,21.838
30,21.836
31,21.835
32,21.833
33,21.831
34,21.829
35,21.827
36,21.825
37,21.823
38,21.822
39,21.82
40,21.818
41,21.816
42,21.814
43,21.812
44,21.811
45,21.809
46,21.807
47,21.805
48,21.803
49,21.801
50,21.799
51,21.797
52,21.796
53,21.794
54,21.792
55,21.79
56,21.788
57,21.786
58,21.784
59,21.782
60,21.78
61,21.778
62,21.776
63,21.774
64,21.772
65,21.77
66,21.768
67,21.766
68,21.764
69,21.762
70,21.76
71,21.758
72,21.756
73,21.754
74,21.751
75,21.749
76,21.747
77,21.744
78,21.742
79,21.739
80,21.737
81,21.734
82,21.731
83,21.728
84,21.725
85,21.722
86,21.719
87,21.716
88,21.712
89,21.708
90,21.705
91,21.7
92,21.696
93,21.691
94,21.687
95,21.681
96,21.676
97,21.67
98,21.663
99,21.656
100,21.649
101,21.641
102,21.632
103,21.623
104,21.613
105,21.602
106,21.59
107,21.577
108,21.563
109,21.548
110,21.531
111,21.513
112,21.493
113,21.471
114,21.448
115,21.422
116,21.393
117,21.362
118,21.328
119,21.291
120,21.25
121,21.205
122,21.156
123,21.102
124,21.044
125,20.979
126,20.909
127,20.832
128,20.748
129,20.656
130,20.555
131,20.446
132,20.326
133,20.196
134,20.054
135,19.9
136,19.733
137,19.552
138,19.355
139,19.143
140,18.913
141,18.665
142,18.399
143,18.112
144,17.804
145,17.475
146,17.122
147,16.746
148,16.346
149,15.92
150,15.469
151,14.991
152,14.486
153,13.954
154,13.394
155,12.806
156,12.19
157,11.545
158,10.873
159,10.172
160,9.4438
161,8.6875
162,7.9038
163,7.093
164,6.2555
165,5.3918
166,4.5024
167,3.5878
168,2.6485
169,1.6851
170,0.69825
171,-0.3115
172,-1.3435
173,-2.3972
174,-3.472
175,-4.5671
176,-5.6822
177,-6.8164
178,-7.9693
179,-9.1402
180,-10.329
181,-11.534
182,-12.756
183,-13.993
184,-15.246
185,-16.514
186,-17.796
187,-19.092
188,-20.402
189,-21.724
190,-23.059
191,-24.406
192,-25.766
193,-27.136
194,-28.518
195,-29.91
196,-31.312
197,-32.725
198,-34.147
199,-35.579
200,-37.02
