0,16.442
1,16.44
2,16.439
3,16.437
4,16.435
5,16.433
6,16.431
7,16.429
8,16.428
9,16.426
10,16.424
11,16.422
12,16.42
13,16.418
14,16.417
15,16.415
16,16.413
17,16.411
18,16.409
19,16.407
20,16.406
21,16.404
22,16.402
23,16.4
24,16.398
25,16.396
26,16.395
27,16.393
28,16.391
29,16.389
30,16.387
31,16.385
32,16.384
33,16.382
34,16.38
35,16.378
36,16.376
37,16.374
38,16.373
39,16.371
40,16.369
41,16.367
42,16.365
43,16.363
44,16.361
45,16.36
46,16.358
47,16.356
48,16.354
49,16.352
50,16.35
51,16.349
52,16.347
53,16.345
54,16.343
55,16.341
56,16.339
57,16.337
58,16.335
59,16.334
60,16.332
61,16.33
62,16.328
63,16.326
64,16.324
65,16.322
66,16.32
67,16.318
68,16.316
69,16.314
70,16.312
71,16.31
72,16.308
73,16.306
74,16.304
75,16.302
76,16.3
77,16.298
78,16.296
79,16.293
80,16.291
81,16.289
82,16.286
83,16.284
84,16.281
85,16.279
86,16.276
87,16.274
88,16.271
89,16.268
90,16.265
91,16.262
92,16.258
93,16.255
94,16.251
95,16.248
96,16.244
97,16.239
98,16.235
99,16.23
100,16.225
101,16.22
102,16.214
103,16.208
104,16.201
105,16.194
106,16.186
107,16.178
108,16.169
109,16.159
110,16.149
111,16.137
112,16.125
113,16.111
114,16.097
115,16.081
116,16.063
117,16.044
118,16.023
119,16
120,15.975
121,15.948
122,15.918
123,15.885
124,15.849
125,15.809
126,15.766
127,15.718
128,15.666
129,15.61
130,15.547
131,15.479
132,15.404
133,15.322
134,15.233
135,15.135
136,15.029
137,14.912
138,14.785
139,14.647
140,14.497
141,14.333
142,14.156
143,13.963
144,13.755
145,13.529
146,13.286
147,13.024
148,12.742
149,12.439
150,12.114
151,11.767
152,11.396
153,11
154,10.579
155,10.133
156,9.6594
157,9.1592
158,8.6315
159,8.0759
160,7.4922
161,6.8802
162,6.2399
163,5.5712
164,4.8741
165,4.1489
166,3.3957
167,2.6149
168,1.8068
169,0.97183
170,0.11042
171,-0.77694
172,-1.6897
173,-2.6273
174,-3.5892
175,-4.5748
176,-5.5835
177,-6.6146
178,-7.6675
179,-8.7416
180,-9.8363
181,-10.951
182,-12.085
183,-13.238
184,-14.409
185,-15.597
186,-16.803
187,-18.025
188,-19.263
189,-20.517
190,-21.785
191,-23.068
192,-24.365
193,-25.675
194,-26.998
195,-28.334
196,-29.682
197,-31.043
198,-32.414
199,-33.797
200,-35.19
