0,12.238
1,12.237
2,12.235
3,12.233
4,12.231
5,12.229
6,12.227
7,12.226
8,12.224
9,12.222
10,12.22
11,12.218
12,12.216
13,12.215
14,12.213
15,12.211
16,12.209
17,12.207
18,12.205
19,12.204
20,12.202
21,12.2
22,12.198
23,12.196
24,12.195
25,12.193
26,12.191
27,12.189
28,12.187
29,12.185
30,12.184
31,12.182
32,12.18
33,12.178
34,12.176
35,12.174
36,12.173
37,12.171
38,12.169
39,12.167
40,12.165
41,12.163
42,12.162
43,12.16
44,12.158
45,12.156
46,12.154
47,12.152
48,12.15
49,12.149
50,12.147
51,12.145
52,12.143
53,12.141
54,12.139
55,12.138
56,12.136
57,12.134
58,12.132
59,12.13
60,12.128
61,12.126
62,12.124
63,12.123
64,12.121
65,12.119
66,12.117
67,12.115
68,12.113
69,12.111
70,12.109
71,12.107
72,12.105
73,12.103
74,12.101
75,12.099
76,12.097
77,12.095
78,12.093
79,12.091
80,12.089
81,12.087
82,12.085
83,12.083
84,12.081
85,12.078
86,12.076
87,12.074
88,12.071
89,12.069
90,12.066
91,12.063
92,12.061
93,12.058
94,12.055
95,12.052
96,12.049
97,12.046
98,12.042
99,12.038
100,12.035
101,12.031
102,12.026
103,12.022
104,12.017
105,12.012
106,12.007
107,12.001
108,11.995
109,11.988
110,11.981
111,11.973
112,11.965
113,11.955
114,11.946
115,11.935
116,11.923
117,11.911
118,11.897
119,11.882
120,11.866
121,11.848
122,11.828
123,11.807
124,11.783
125,11.758
126,11.73
127,11.699
128,11.665
129,11.628
130,11.588
131,11.543
132,11.495
133,11.441
134,11.383
135,11.319
136,11.249
137,11.172
138,11.087
139,10.995
140,10.895
141,10.785
142,10.665
143,10.534
144,10.391
145,10.236
146,10.067
147,9.8843
148,9.6857
149,9.4708
150,9.2384
151,8.9875
152,8.7172
153,8.4265
154,8.1143
155,7.7798
156,7.4219
157,7.0399
158,6.6329
159,6.2003
160,5.7413
161,5.2553
162,4.7419
163,4.2007
164,3.6312
165,3.0334
166,2.4071
167,1.7521
168,1.0687
169,0.35676
170,-0.38338
171,-1.1515
172,-1.9472
173,-2.7702
174,-3.62
175,-4.4962
176,-5.3981
177,-6.3254
178,-7.2772
179,-8.2532
180,-9.2527
181,-10.275
182,-11.319
183,-12.386
184,-13.473
185,-14.58
186,-15.707
187,-16.853
188,-18.018
189,-19.2
190,-20.4
191,-21.617
192,-22.85
193,-24.099
194,-25.362
195,-26.641
196,-27.934
197,-29.24
198,-30.56
199,-31.892
200,-33.237
