0,24.374
1,24.372
2,24.37
3,24.368
4,24.366
5,24.364
6,24.363
7,24.361
8,24.359
9,24.357
10,24.355
11,24.353
12,24.352
13,24.35
14,24.348
15,24.346
16,24.344
17,24.342
18,24.341
19,24.339
20,24.337
21,24.335
22,24.333
23,24.331
24,24.33
25,24.328
26,24.326
27,24.324
28,24.322
29,24.32
30,24.319
31,24.317
32,24.315
33,24.313
34,24.311
35,24.309
36,24.308
37,24.306
38,24.304
39,24.302
40,24.3
41,24.298
42,24.297
43,24.295
44,24.293
45,24.291
46,24.289
47,24.287
48,24.286
49,24.284
50,24.282
51,24.28
52,24.278
53,24.276
54,24.275
55,24.273
56,24.271
57,24.269
58,24.267
59,24.265
60,24.264
61,24.262
62,24.26
63,24.258
64,24.256
65,24.254
66,24.253
67,24.251
68,24.249
69,24.247
70,24.245
71,24.243
72,24.241
73,24.24
74,24.238
75,24.236
76,24.234
77,24.232
78,24.23
79,24.228
80,24.226
81,24.224
82,24.223
83,24.221
84,24.219
85,24.217
86,24.215
87,24.213
88,24.211
89,24.209
90,24.207
91,24.205
92,24.203
93,24.2
94,24.198
95,24.196
96,24.194
97,24.192
98,24.189
99,24.187
100,24.184
101,24.182
102,24.179
103,24.177
104,24.174
105,24.171
106,24.168
107,24.165
108,24.162
109,24.159
110,24.155
111,24.151
112,24.147
113,24.143
114,24.139
115,24.134
116,24.129
117,24.124
118,24.118
119,24.112
120,24.105
121,24.098
122,24.09
123,24.082
124,24.073
125,24.063
126,24.052
127,24.04
128,24.027
129,24.013
130,23.997
131,23.98
132,23.962
133,23.941
134,23.919
135,23.894
136,23.867
137,23.837
138,23.804
139,23.768
140,23.728
141,23.684
142,23.636
143,23.583
144,23.524
145,23.46
146,23.389
147,23.311
148,23.225
149,23.131
150,23.028
151,22.915
152,22.792
153,22.656
154,22.508
155,22.346
156,22.17
157,21.978
158,21.77
159,21.543
160,21.298
161,21.032
162,20.746
163,20.437
164,20.105
165,19.749
166,19.368
167,18.96
168,18.526
169,18.064
170,17.574
171,17.056
172,16.508
173,15.93
174,15.323
175,14.686
176,14.02
177,13.323
178,12.597
179,11.842
180,11.057
181,10.244
182,9.4028
183,8.5339
184,7.638
185,6.7155
186,5.7672
187,4.7936
188,3.7955
189,2.7736
190,1.7284
191,0.66072
192,-0.42877
193,-1.5394
194,-2.6705
195,-3.8213
196,-4.9913
197,-6.1799
198,-7.3863
199,-8.6099
200,-9.8503
