0,18.457
1,18.455
2,18.453
3,18.451
4,18.45
5,18.448
6,18.446
7,18.444
8,18.442
9,18.44
10,18.439
11,18.437
12,18.435
13,18.433
14,18.431
15,18.43
16,18.428
17,18.426
18,18.424
19,18.422
20,18.42
21,18.419
22,18.417
23,18.415
24,18.413
25,18.411
26,18.409
27,18.408
28,18.406
29,18.404
30,18.402
31,18.4
32,18.398
33,18.397
34,18.395
35,18.393
36,18.391
37,18.389
38,18.387
39,18.386
40,18.384
41,18.382
42,18.38
43,18.378
44,18.376
45,18.375
46,18.373
47,18.371
48,18.369
49,18.367
50,18.365
51,18.364
52,18.362
53,18.36
54,18.358
55,18.356
56,18.354
57,18.353
58,18.351
59,18.349
60,18.347
61,18.345
62,18.343
63,18.342
64,18.34
65,18.338
66,18.336
67,18.334
68,18.332
69,18.331
70,18.329
71,18.327
72,18.325
73,18.323
74,18.321
75,18.32
76,18.318
77,18.316
78,18.314
79,18.312
80,18.31
81,18.308
82,18.307
83,18.305
84,18.303
85,18.301
86,18.299
87,18.297
88,18.295
89,18.293
90,18.292
91,18.29
92,18.288
93,18.286
94,18.284
95,18.282
96,18.28
97,18.278
98,18.276
99,18.274
100,18.272
101,18.27
102,18.268
103,18.266
104,18.263
105,18.261
106,18.259
107,18.257
108,18.255
109,18.252
110,18.25
111,18.247
112,18.245
113,18.242
114,18.239
115,18.236
116,18.234
117,18.23
118,18.227
119,18.224
120,18.22
121,18.217
122,18.213
123,18.208
124,18.204
125,18.199
126,18.194
127,18.189
128,18.183
129,18.177
130,18.17
131,18.162
132,18.154
133,18.146
134,18.136
135,18.126
136,18.115
137,18.103
138,18.089
139,18.075
140,18.058
141,18.041
142,18.021
143,18
144,17.976
145,17.95
146,17.922
147,17.89
148,17.856
149,17.817
150,17.775
151,17.728
152,17.677
153,17.621
154,17.558
155,17.489
156,17.414
157,17.33
158,17.239
159,17.138
160,17.027
161,16.906
162,16.773
163,16.627
164,16.468
165,16.294
166,16.104
167,15.897
168,15.672
169,15.428
170,15.164
171,14.878
172,14.57
173,14.238
174,13.882
175,13.5
176,13.091
177,12.655
178,12.191
179,11.698
180,11.176
181,10.624
182,10.043
183,9.4304
184,8.788
185,8.1153
186,7.4123
187,6.6792
188,5.9164
189,5.1242
190,4.3029
191,3.4532
192,2.5756
193,1.6705
194,0.73878
195,-0.21906
196,-1.2023
197,-2.2102
198,-3.2422
199,-4.2974
200,-5.3752
