0,20.041
1,20.039
2,20.037
3,20.035
4,20.034
5,20.032
6,20.03
7,20.028
8,20.026
9,20.024
10,20.023
11,20.021
12,20.019
13,20.017
14,20.015
15,20.013
16,20.012
17,20.01
18,20.008
19,20.006
20,20.004
21,20.002
22,20.001
23,19.999
24,19.997
25,19.995
26,19.993
27,19.991
28,19.99
29,19.988
30,19.986
31,19.984
32,19.982
33,19.98
34,19.979
35,19.977
36,19.975
37,19.973
38,19.971
39,19.969
40,19.968
41,19.966
42,19.964
43,19.962
44,19.96
45,19.958
46,19.956
47,19.955
48,19.953
49,19.951
50,19.949
51,19.947
52,19.945
53,19.943
54,19.942
55,19.94
56,19.938
57,19.936
58,19.934
59,19.932
60,19.93
61,19.928
62,19.926
63,19.924
64,19.922
65,19.92
66,19.918
67,19.916
68,19.914
69,19.912
70,19.91
71,19.908
72,19.906
73,19.904
74,19.902
75,19.9
76,19.897
77,19.895
78,19.893
79,19.89
80,19.888
81,19.886
82,19.883
83,19.88
84,19.878
85,19.875
86,19.872
87,19.869
88,19.866
89,19.862
90,19.859
91,19.855
92,19.851
93,19.847
94,19.843
95,19.838
96,19.834
97,19.828
98,19.823
99,19.817
100,19.811
101,19.804
102,19.797
103,19.789
104,19.781
105,19.772
106,19.762
107,19.751
108,19.739
109,19.727
110,19.713
111,19.698
112,19.682
113,19.664
114,19.645
115,19.623
116,19.6
117,19.575
118,19.547
119,19.516
120,19.483
121,19.446
122,19.406
123,19.363
124,19.315
125,19.262
126,19.204
127,19.141
128,19.072
129,18.997
130,18.914
131,18.824
132,18.725
133,18.617
134,18.5
135,18.372
136,18.232
137,18.081
138,17.916
139,17.737
140,17.543
141,17.334
142,17.107
143,16.862
144,16.599
145,16.315
146,16.011
147,15.685
148,15.336
149,14.963
150,14.567
151,14.144
152,13.697
153,13.222
154,12.721
155,12.192
156,11.636
157,11.051
158,10.438
159,9.7973
160,9.128
161,8.4304
162,7.7048
163,6.9513
164,6.1702
165,5.362
166,4.527
167,3.6656
168,2.7784
169,1.8658
170,0.92844
171,-0.033118
172,-1.0183
173,-2.0265
174,-3.057
175,-4.1094
176,-5.1829
177,-6.2769
178,-7.3909
179,-8.5242
180,-9.6762
181,-10.846
182,-12.034
183,-13.239
184,-14.46
185,-15.697
186,-16.95
187,-18.217
188,-19.499
189,-20.795
190,-22.104
191,-23.426
192,-24.761
193,-26.108
194,-27.467
195,-28.838
196,-30.219
197,-31.612
198,-33.014
199,-34.427
200,-35.85
