0,29.038
1,29.037
2,29.035
3,29.033
4,29.031
5,29.029
6,29.027
7,29.026
8,29.024
9,29.022
10,29.02
11,29.018
12,29.016
13,29.015
14,29.013
15,29.011
16,29.009
17,29.007
18,29.005
19,29.004
20,29.002
21,29
22,28.998
23,28.996
24,28.994
25,28.993
26,28.991
27,28.989
28,28.987
29,28.985
30,28.983
31,28.981
32,28.98
33,28.978
34,28.976
35,28.974
36,28.972
37,28.97
38,28.968
39,28.967
40,28.965
41,28.963
42,28.961
43,28.959
44,28.957
45,28.955
46,28.953
47,28.951
48,28.949
49,28.947
50,28.945
51,28.943
52,28.941
53,28.939
54,28.937
55,28.935
56,28.933
57,28.931
58,28.929
59,28.927
60,28.925
61,28.923
62,28.92
63,28.918
64,28.916
65,28.913
66,28.911
67,28.908
68,28.906
69,28.903
70,28.9
71,28.897
72,28.894
73,28.891
74,28.888
75,28.885
76,28.881
77,28.877
78,28.873
79,28.869
80,28.865
81,28.86
82,28.856
83,28.85
84,28.845
85,28.839
86,28.833
87,28.826
88,28.819
89,28.811
90,28.802
91,28.793
92,28.784
93,28.773
94,28.761
95,28.749
96,28.735
97,28.721
98,28.705
99,28.687
100,28.668
101,28.647
102,28.625
103,28.6
104,28.573
105,28.543
106,28.511
107,28.476
108,28.437
109,28.395
110,28.349
111,28.299
112,28.244
113,28.183
114,28.118
115,28.046
116,27.967
117,27.882
118,27.789
119,27.687
120,27.576
121,27.455
122,27.324
123,27.182
124,27.027
125,26.859
126,26.678
127,26.481
128,26.269
129,26.04
130,25.794
131,25.529
132,25.244
133,24.939
134,24.612
135,24.263
136,23.891
137,23.496
138,23.076
139,22.63
140,22.159
141,21.661
142,21.137
143,20.585
144,20.007
145,19.4
146,18.766
147,18.104
148,17.415
149,16.698
150,15.954
151,15.183
152,14.385
153,13.56
154,12.71
155,11.834
156,10.934
157,10.008
158,9.059
159,8.0863
160,7.0908
161,6.0731
162,5.0337
163,3.9733
164,2.8924
165,1.7916
166,0.67156
167,-0.46723
168,-1.6242
169,-2.7987
170,-3.9903
171,-5.1984
172,-6.4225
173,-7.662
174,-8.9166
175,-10.186
176,-11.469
177,-12.766
178,-14.076
179,-15.398
180,-16.733
181,-18.08
182,-19.439
183,-20.809
184,-22.189
185,-23.58
186,-24.982
187,-26.393
188,-27.814
189,-29.244
190,-30.683
191,-32.131
192,-33.587
193,-35.052
194,-36.525
195,-38.005
196,-39.493
197,-40.988
198,-42.49
199,-43.999
200,-45.515
