0,11.523
1,11.521
2,11.519
3,11.517
4,11.515
5,11.513
6,11.512
7,11.51
8,11.508
9,11.506
10,11.504
11,11.502
12,11.501
13,11.499
14,11.497
15,11.495
16,11.493
17,11.491
18,11.49
19,11.488
20,11.486
21,11.484
22,11.482
23,11.48
24,11.479
25,11.477
26,11.475
27,11.473
28,11.471
29,11.469
30,11.468
31,11.466
32,11.464
33,11.462
34,11.46
35,11.458
36,11.457
37,11.455
38,11.453
39,11.451
40,11.449
41,11.447
42,11.446
43,11.444
44,11.442
45,11.44
46,11.438
47,11.436
48,11.435
49,11.433
50,11.431
51,11.429
52,11.427
53,11.425
54,11.424
55,11.422
56,11.42
57,11.418
58,11.416
59,11.414
60,11.412
61,11.411
62,11.409
63,11.407
64,11.405
65,11.403
66,11.401
67,11.399
68,11.398
69,11.396
70,11.394
71,11.392
72,11.39
73,11.388
74,11.386
75,11.384
76,11.382
77,11.38
78,11.378
79,11.376
80,11.374
81,11.372
82,11.37
83,11.368
84,11.366
85,11.364
86,11.362
87,11.36
88,11.358
89,11.355
90,11.353
91,11.351
92,11.348
93,11.346
94,11.343
95,11.341
96,11.338
97,11.335
98,11.333
99,11.33
100,11.326
101,11.323
102,11.32
103,11.316
104,11.313
105,11.309
106,11.305
107,11.3
108,11.296
109,11.291
110,11.285
111,11.28
112,11.274
113,11.267
114,11.26
115,11.253
116,11.244
117,11.236
118,11.226
119,11.216
120,11.204
121,11.192
122,11.179
123,11.164
124,11.148
125,11.131
126,11.111
127,11.091
128,11.068
129,11.043
130,11.015
131,10.985
132,10.952
133,10.916
134,10.876
135,10.832
136,10.784
137,10.731
138,10.674
139,10.61
140,10.541
141,10.465
142,10.381
143,10.29
144,10.19
145,10.081
146,9.9614
147,9.8312
148,9.6891
149,9.5344
150,9.366
151,9.1831
152,8.9846
153,8.7695
154,8.5368
155,8.2855
156,8.0145
157,7.7228
158,7.4094
159,7.0734
160,6.7138
161,6.3297
162,5.9203
163,5.485
164,5.0229
165,4.5336
166,4.0165
167,3.4712
168,2.8974
169,2.295
170,1.6637
171,1.0035
172,0.31456
173,-0.40308
174,-1.1492
175,-1.9235
176,-2.7256
177,-3.5551
178,-4.4116
179,-5.2945
180,-6.2034
181,-7.1376
182,-8.0965
183,-9.0796
184,-10.086
185,-11.116
186,-12.167
187,-13.241
188,-14.335
189,-15.449
190,-16.584
191,-17.737
192,-18.909
193,-20.098
194,-21.305
195,-22.529
196,-23.768
197,-25.024
198,-26.294
199,-27.579
200,-28.878
