0,28.719
1,28.717
2,28.715
3,28.713
4,28.712
5,28.71
6,28.708
7,28.706
8,28.704
9,28.703
10,28.701
11,28.699
12,28.697
13,28.695
14,28.693
15,28.692
16,28.69
17,28.688
18,28.686
19,28.684
20,28.682
21,28.681
22,28.679
23,28.677
24,28.675
25,28.673
26,28.671
27,28.669
28,28.668
29,28.666
30,28.664
31,28.662
32,28.66
33,28.658
34,28.657
35,28.655
36,28.653
37,28.651
38,28.649
39,28.647
40,28.645
41,28.644
42,28.642
43,28.64
44,28.638
45,28.636
46,28.634
47,28.632
48,28.63
49,28.628
50,28.627
51,28.625
52,28.623
53,28.621
54,28.619
55,28.617
56,28.615
57,28.613
58,28.611
59,28.609
60,28.607
61,28.605
62,28.602
63,28.6
64,28.598
65,28.596
66,28.594
67,28.591
68,28.589
69,28.587
70,28.584
71,28.582
72,28.579
73,28.576
74,28.574
75,28.571
76,28.568
77,28.565
78,28.562
79,28.558
80,28.555
81,28.551
82,28.547
83,28.543
84,28.539
85,28.535
86,28.53
87,28.525
88,28.519
89,28.513
90,28.507
91,28.501
92,28.493
93,28.486
94,28.477
95,28.468
96,28.459
97,28.448
98,28.437
99,28.424
100,28.411
101,28.396
102,28.38
103,28.363
104,28.344
105,28.323
106,28.301
107,28.276
108,28.249
109,28.22
110,28.187
111,28.152
112,28.114
113,28.071
114,28.025
115,27.974
116,27.919
117,27.859
118,27.792
119,27.72
120,27.641
121,27.555
122,27.461
123,27.358
124,27.246
125,27.124
126,26.991
127,26.847
128,26.69
129,26.52
130,26.335
131,26.136
132,25.92
133,25.688
134,25.437
135,25.167
136,24.878
137,24.567
138,24.235
139,23.88
140,23.501
141,23.099
142,22.671
143,22.217
144,21.738
145,21.231
146,20.698
147,20.137
148,19.548
149,18.931
150,18.287
151,17.615
152,16.914
153,16.186
154,15.431
155,14.648
156,13.839
157,13.003
158,12.141
159,11.253
160,10.341
161,9.404
162,8.4432
163,7.459
164,6.4521
165,5.4231
166,4.3724
167,3.3009
168,2.209
169,1.0974
170,-0.033374
171,-1.1827
172,-2.35
173,-3.5348
174,-4.7365
175,-5.9545
176,-7.1883
177,-8.4375
178,-9.7014
179,-10.98
180,-12.272
181,-13.578
182,-14.896
183,-16.228
184,-17.571
185,-18.926
186,-20.293
187,-21.671
188,-23.059
189,-24.458
190,-25.867
191,-27.286
192,-28.714
193,-30.151
194,-31.597
195,-33.052
196,-34.515
197,-35.986
198,-37.465
199,-38.952
200,-40.446
