0,19.965
1,19.964
2,19.962
3,19.96
4,19.958
5,19.956
6,19.955
7,19.953
8,19.951
9,19.949
10,19.947
11,19.945
12,19.944
13,19.942
14,19.94
15,19.938
16,19.936
17,19.934
18,19.933
19,19.931
20,19.929
21,19.927
22,19.925
23,19.923
24,19.922
25,19.92
26,19.918
27,19.916
28,19.914
29,19.912
30,19.911
31,19.909
32,19.907
33,19.905
34,19.903
35,19.901
36,19.9
37,19.898
38,19.896
39,19.894
40,19.892
41,19.89
42,19.888
43,19.887
44,19.885
45,19.883
46,19.881
47,19.879
48,19.877
49,19.876
50,19.874
51,19.872
52,19.87
53,19.868
54,19.866
55,19.864
56,19.862
57,19.861
58,19.859
59,19.857
60,19.855
61,19.853
62,19.851
63,19.849
64,19.847
65,19.845
66,19.843
67,19.841
68,19.839
69,19.837
70,19.835
71,19.833
72,19.831
73,19.829
74,19.827
75,19.825
76,19.823
77,19.82
78,19.818
79,19.816
80,19.813
81,19.811
82,19.809
83,19.806
84,19.803
85,19.801
86,19.798
87,19.795
88,19.792
89,19.789
90,19.786
91,19.782
92,19.779
93,19.775
94,19.771
95,19.767
96,19.762
97,19.758
98,19.753
99,19.747
100,19.742
101,19.736
102,19.729
103,19.722
104,19.714
105,19.706
106,19.697
107,19.688
108,19.677
109,19.666
110,19.654
111,19.64
112,19.626
113,19.61
114,19.593
115,19.574
116,19.553
117,19.531
118,19.506
119,19.479
120,19.449
121,19.417
122,19.382
123,19.343
124,19.3
125,19.253
126,19.202
127,19.146
128,19.085
129,19.017
130,18.944
131,18.863
132,18.775
133,18.679
134,18.574
135,18.459
136,18.334
137,18.197
138,18.049
139,17.888
140,17.713
141,17.523
142,17.317
143,17.095
144,16.855
145,16.596
146,16.317
147,16.018
148,15.696
149,15.353
150,14.986
151,14.594
152,14.178
153,13.735
154,13.267
155,12.771
156,12.248
157,11.697
158,11.118
159,10.511
160,9.8749
161,9.2109
162,8.5185
163,7.798
164,7.0494
165,6.2732
166,5.4696
167,4.6391
168,3.782
169,2.8989
170,1.9903
171,1.0568
172,0.098903
173,-0.88278
174,-1.8876
175,-2.9151
176,-3.9644
177,-5.0351
178,-6.1264
179,-7.2378
180,-8.3687
181,-9.5184
182,-10.686
183,-11.872
184,-13.075
185,-14.294
186,-15.53
187,-16.781
188,-18.047
189,-19.327
190,-20.622
191,-21.93
192,-23.251
193,-24.585
194,-25.931
195,-27.289
196,-28.659
197,-30.04
198,-31.431
199,-32.833
200,-34.245
