0,26.094
1,26.092
2,26.09
3,26.088
4,26.086
5,26.085
6,26.083
7,26.081
8,26.079
9,26.077
10,26.075
11,26.074
12,26.072
13,26.07
14,26.068
15,26.066
16,26.064
17,26.063
18,26.061
19,26.059
20,26.057
21,26.055
22,26.053
23,26.052
24,26.05
25,26.048
26,26.046
27,26.044
28,26.042
29,26.041
30,26.039
31,26.037
32,26.035
33,26.033
34,26.031
35,26.03
36,26.028
37,26.026
38,26.024
39,26.022
40,26.02
41,26.019
42,26.017
43,26.015
44,26.013
45,26.011
46,26.009
47,26.008
48,26.006
49,26.004
50,26.002
51,26
52,25.998
53,25.997
54,25.995
55,25.993
56,25.991
57,25.989
58,25.987
59,25.985
60,25.984
61,25.982
62,25.98
63,25.978
64,25.976
65,25.974
66,25.972
67,25.971
68,25.969
69,25.967
70,25.965
71,25.963
72,25.961
73,25.959
74,25.957
75,25.955
76,25.953
77,25.951
78,25.949
79,25.947
80,25.945
81,25.943
82,25.941
83,25.939
84,25.937
85,25.935
86,25.932
87,25.93
88,25.928
89,25.926
90,25.923
91,25.921
92,25.918
93,25.916
94,25.913
95,25.91
96,25.907
97,25.904
98,25.901
99,25.898
100,25.895
101,25.891
102,25.887
103,25.884
104,25.879
105,25.875
106,25.87
107,25.865
108,25.86
109,25.854
110,25.848
111,25.841
112,25.834
113,25.826
114,25.818
115,25.809
116,25.799
117,25.789
118,25.777
119,25.764
120,25.751
121,25.735
122,25.719
123,25.701
124,25.681
125,25.659
126,25.635
127,25.609
128,25.581
129,25.549
130,25.515
131,25.476
132,25.435
133,25.389
134,25.338
135,25.283
136,25.222
137,25.155
138,25.082
139,25.001
140,24.913
141,24.816
142,24.71
143,24.595
144,24.468
145,24.33
146,24.179
147,24.014
148,23.836
149,23.641
150,23.43
151,23.202
152,22.955
153,22.688
154,22.4
155,22.091
156,21.758
157,21.402
158,21.022
159,20.616
160,20.183
161,19.724
162,19.237
163,18.722
164,18.178
165,17.606
166,17.004
167,16.373
168,15.713
169,15.024
170,14.306
171,13.559
172,12.783
173,11.979
174,11.148
175,10.289
176,9.4035
177,8.4918
178,7.5544
179,6.592
180,5.6052
181,4.5948
182,3.5612
183,2.5053
184,1.4276
185,0.32886
186,-0.79033
187,-1.9293
188,-3.0874
189,-4.2641
190,-5.4587
191,-6.6706
192,-7.8993
193,-9.1441
194,-10.405
195,-11.68
196,-12.971
197,-14.275
198,-15.593
199,-16.924
200,-18.268
