0,26.765
1,26.763
2,26.762
3,26.76
4,26.758
5,26.756
6,26.754
7,26.752
8,26.751
9,26.749
10,26.747
11,26.745
12,26.743
13,26.741
14,26.74
15,26.738
16,26.736
17,26.734
18,26.732
19,26.73
20,26.729
21,26.727
22,26.725
23,26.723
24,26.721
25,26.719
26,26.718
27,26.716
28,26.714
29,26.712
30,26.71
31,26.708
32,26.707
33,26.705
34,26.703
35,26.701
36,26.699
37,26.697
38,26.696
39,26.694
40,26.692
41,26.69
42,26.688
43,26.686
44,26.685
45,26.683
46,26.681
47,26.679
48,26.677
49,26.675
50,26.674
51,26.672
52,26.67
53,26.668
54,26.666
55,26.664
56,26.663
57,26.661
58,26.659
59,26.657
60,26.655
61,26.653
62,26.651
63,26.649
64,26.648
65,26.646
66,26.644
67,26.642
68,26.64
69,26.638
70,26.636
71,26.634
72,26.632
73,26.63
74,26.628
75,26.626
76,26.624
77,26.622
78,26.62
79,26.618
80,26.616
81,26.614
82,26.612
83,26.61
84,26.608
85,26.606
86,26.603
87,26.601
88,26.599
89,26.596
90,26.594
91,26.591
92,26.588
93,26.586
94,26.583
95,26.58
96,26.577
97,26.574
98,26.57
99,26.567
100,26.563
101,26.559
102,26.555
103,26.551
104,26.546
105,26.541
106,26.536
107,26.53
108,26.524
109,26.518
110,26.511
111,26.503
112,26.495
113,26.486
114,26.477
115,26.467
116,26.455
117,26.443
118,26.43
119,26.415
120,26.399
121,26.381
122,26.362
123,26.341
124,26.318
125,26.293
126,26.265
127,26.235
128,26.201
129,26.165
130,26.124
131,26.08
132,26.031
133,25.978
134,25.919
135,25.855
136,25.784
137,25.707
138,25.622
139,25.529
140,25.427
141,25.315
142,25.193
143,25.06
144,24.914
145,24.756
146,24.584
147,24.396
148,24.193
149,23.972
150,23.733
151,23.476
152,23.198
153,22.898
154,22.577
155,22.232
156,21.863
157,21.469
158,21.049
159,20.603
160,20.129
161,19.628
162,19.098
163,18.54
164,17.953
165,17.336
166,16.691
167,16.017
168,15.313
169,14.581
170,13.82
171,13.031
172,12.214
173,11.369
174,10.497
175,9.5995
176,8.6757
177,7.7267
178,6.7531
179,5.7554
180,4.7345
181,3.6908
182,2.6251
183,1.538
184,0.43022
185,-0.69766
186,-1.845
187,-3.0111
188,-4.1955
189,-5.3975
190,-6.6165
191,-7.8519
192,-9.1033
193,-10.37
194,-11.652
195,-12.948
196,-14.258
197,-15.581
198,-16.917
199,-18.266
200,-19.627
