0,23.545
1,23.543
2,23.542
3,23.54
4,23.538
5,23.536
6,23.534
7,23.532
8,23.531
9,23.529
10,23.527
11,23.525
12,23.523
13,23.521
14,23.52
15,23.518
16,23.516
17,23.514
18,23.512
19,23.51
20,23.509
21,23.507
22,23.505
23,23.503
24,23.501
25,23.499
26,23.498
27,23.496
28,23.494
29,23.492
30,23.49
31,23.488
32,23.487
33,23.485
34,23.483
35,23.481
36,23.479
37,23.477
38,23.476
39,23.474
40,23.472
41,23.47
42,23.468
43,23.466
44,23.465
45,23.463
46,23.461
47,23.459
48,23.457
49,23.455
50,23.454
51,23.452
52,23.45
53,23.448
54,23.446
55,23.444
56,23.443
57,23.441
58,23.439
59,23.437
60,23.435
61,23.433
62,23.431
63,23.43
64,23.428
65,23.426
66,23.424
67,23.422
68,23.42
69,23.418
70,23.417
71,23.415
72,23.413
73,23.411
74,23.409
75,23.407
76,23.405
77,23.403
78,23.401
79,23.4
80,23.398
81,23.396
82,23.394
83,23.392
84,23.39
85,23.388
86,23.386
87,23.384
88,23.381
89,23.379
90,23.377
91,23.375
92,23.373
93,23.371
94,23.368
95,23.366
96,23.364
97,23.361
98,23.358
99,23.356
100,23.353
101,23.35
102,23.347
103,23.344
104,23.341
105,23.338
106,23.334
107,23.331
108,23.327
109,23.323
110,23.319
111,23.314
112,23.309
113,23.304
114,23.298
115,23.292
116,23.286
117,23.279
118,23.271
119,23.263
120,23.254
121,23.245
122,23.234
123,23.223
124,23.211
125,23.197
126,23.182
127,23.166
128,23.148
129,23.129
130,23.108
131,23.084
132,23.058
133,23.03
134,22.999
135,22.965
136,22.927
137,22.886
138,22.841
139,22.791
140,22.736
141,22.676
142,22.609
143,22.536
144,22.456
145,22.368
146,22.272
147,22.166
148,22.051
149,21.924
150,21.786
151,21.635
152,21.47
153,21.29
154,21.095
155,20.884
156,20.654
157,20.405
158,20.137
159,19.847
160,19.535
161,19.2
162,18.841
163,18.457
164,18.047
165,17.611
166,17.147
167,16.655
168,16.135
169,15.585
170,15.007
171,14.399
172,13.762
173,13.095
174,12.399
175,11.673
176,10.918
177,10.135
178,9.323
179,8.4834
180,7.6163
181,6.7224
182,5.8022
183,4.8563
184,3.8854
185,2.8901
186,1.8711
187,0.82906
188,-0.23536
189,-1.3215
190,-2.4286
191,-3.5561
192,-4.7034
193,-5.8697
194,-7.0544
195,-8.257
196,-9.4768
197,-10.713
198,-11.966
199,-13.234
200,-14.517
