0,21.64
1,21.638
2,21.636
3,21.634
4,21.633
5,21.631
6,21.629
7,21.627
8,21.625
9,21.623
10,21.622
11,21.62
12,21.618
13,21.616
14,21.614
15,21.613
16,21.611
17,21.609
18,21.607
19,21.605
20,21.603
21,21.602
22,21.6
23,21.598
24,21.596
25,21.594
26,21.592
27,21.591
28,21.589
29,21.587
30,21.585
31,21.583
32,21.581
33,21.58
34,21.578
35,21.576
36,21.574
37,21.572
38,21.57
39,21.569
40,21.567
41,21.565
42,21.563
43,21.561
44,21.559
45,21.558
46,21.556
47,21.554
48,21.552
49,21.55
50,21.548
51,21.547
52,21.545
53,21.543
54,21.541
55,21.539
56,21.537
57,21.535
58,21.534
59,21.532
60,21.53
61,21.528
62,21.526
63,21.524
64,21.522
65,21.521
66,21.519
67,21.517
68,21.515
69,21.513
70,21.511
71,21.509
72,21.507
73,21.505
74,21.503
75,21.502
76,21.5
77,21.498
78,21.496
79,21.494
80,21.492
81,21.49
82,21.488
83,21.485
84,21.483
85,21.481
86,21.479
87,21.477
88,21.475
89,21.472
90,21.47
91,21.468
92,21.465
93,21.463
94,21.46
95,21.457
96,21.455
97,21.452
98,21.449
99,21.446
100,21.442
101,21.439
102,21.435
103,21.432
104,21.428
105,21.424
106,21.419
107,21.414
108,21.409
109,21.404
110,21.398
111,21.392
112,21.386
113,21.378
114,21.371
115,21.362
116,21.353
117,21.343
118,21.333
119,21.321
120,21.309
121,21.295
122,21.28
123,21.263
124,21.245
125,21.225
126,21.204
127,21.18
128,21.154
129,21.125
130,21.094
131,21.059
132,21.022
133,20.98
134,20.934
135,20.884
136,20.829
137,20.768
138,20.702
139,20.629
140,20.549
141,20.462
142,20.366
143,20.261
144,20.146
145,20.02
146,19.883
147,19.733
148,19.57
149,19.393
150,19.2
151,18.991
152,18.765
153,18.52
154,18.255
155,17.97
156,17.664
157,17.335
158,16.982
159,16.605
160,16.202
161,15.773
162,15.318
163,14.835
164,14.325
165,13.785
166,13.218
167,12.621
168,11.995
169,11.34
170,10.656
171,9.9428
172,9.2009
173,8.4305
174,7.632
175,6.8057
176,5.9521
177,5.0718
178,4.1652
179,3.233
180,2.2757
181,1.294
182,0.28856
183,-0.74003
184,-1.7911
185,-2.864
186,-3.958
187,-5.0725
188,-6.207
189,-7.3606
190,-8.5329
191,-9.7232
192,-10.931
193,-12.155
194,-13.396
195,-14.653
196,-15.925
197,-17.211
198,-18.512
199,-19.826
200,-21.154
