0,22.82
1,22.818
2,22.817
3,22.815
4,22.813
5,22.811
6,22.809
7,22.807
8,22.806
9,22.804
10,22.802
11,22.8
12,22.798
13,22.796
14,22.795
15,22.793
16,22.791
17,22.789
18,22.787
19,22.785
20,22.784
21,22.782
22,22.78
23,22.778
24,22.776
25,22.774
26,22.772
27,22.771
28,22.769
29,22.767
30,22.765
31,22.763
32,22.761
33,22.76
34,22.758
35,22.756
36,22.754
37,22.752
38,22.75
39,22.749
40,22.747
41,22.745
42,22.743
43,22.741
44,22.739
45,22.737
46,22.735
47,22.734
48,22.732
49,22.73
50,22.728
51,22.726
52,22.724
53,22.722
54,22.72
55,22.718
56,22.716
57,22.714
58,22.712
59,22.71
60,22.708
61,22.706
62,22.704
63,22.702
64,22.7
65,22.698
66,22.696
67,22.693
68,22.691
69,22.689
70,22.686
71,22.684
72,22.682
73,22.679
74,22.676
75,22.674
76,22.671
77,22.668
78,22.665
79,22.662
80,22.659
81,22.655
82,22.652
83,22.648
84,22.644
85,22.64
86,22.636
87,22.631
88,22.626
89,22.621
90,22.616
91,22.61
92,22.603
93,22.597
94,22.589
95,22.581
96,22.573
97,22.564
98,22.554
99,22.543
100,22.531
101,22.519
102,22.505
103,22.49
104,22.474
105,22.456
106,22.437
107,22.416
108,22.393
109,22.368
110,22.34
111,22.31
112,22.277
113,22.241
114,22.202
115,22.159
116,22.112
117,22.06
118,22.004
119,21.943
120,21.875
121,21.802
122,21.722
123,21.634
124,21.538
125,21.434
126,21.32
127,21.197
128,21.062
129,20.916
130,20.757
131,20.585
132,20.399
133,20.197
134,19.979
135,19.744
136,19.491
137,19.219
138,18.927
139,18.613
140,18.278
141,17.921
142,17.54
143,17.134
144,16.704
145,16.247
146,15.765
147,15.256
148,14.72
149,14.156
150,13.565
151,12.946
152,12.3
153,11.625
154,10.923
155,10.193
156,9.4354
157,8.651
158,7.8398
159,7.0024
160,6.139
161,5.2502
162,4.3366
163,3.3985
164,2.4366
165,1.4516
166,0.44381
167,-0.58599
168,-1.6372
169,-2.7094
170,-3.8017
171,-4.9138
172,-6.0449
173,-7.1945
174,-8.362
175,-9.5469
176,-10.749
177,-11.967
178,-13.201
179,-14.45
180,-15.714
181,-16.992
182,-18.284
183,-19.589
184,-20.908
185,-22.239
186,-23.582
187,-24.937
188,-26.303
189,-27.68
190,-29.068
191,-30.467
192,-31.875
193,-33.293
194,-34.721
195,-36.158
196,-37.603
197,-39.058
198,-40.52
199,-41.991
200,-43.469
