0,28.806
1,28.805
2,28.803
3,28.801
4,28.799
5,28.797
6,28.795
7,28.794
8,28.792
9,28.79
10,28.788
11,28.786
12,28.784
13,28.783
14,28.781
15,28.779
16,28.777
17,28.775
18,28.773
19,28.772
20,28.77
21,28.768
22,28.766
23,28.764
24,28.762
25,28.761
26,28.759
27,28.757
28,28.755
29,28.753
30,28.751
31,28.75
32,28.748
33,28.746
34,28.744
35,28.742
36,28.74
37,28.739
38,28.737
39,28.735
40,28.733
41,28.731
42,28.729
43,28.728
44,28.726
45,28.724
46,28.722
47,28.72
48,28.718
49,28.717
50,28.715
51,28.713
52,28.711
53,28.709
54,28.707
55,28.705
56,28.704
57,28.702
58,28.7
59,28.698
60,28.696
61,28.694
62,28.692
63,28.69
64,28.688
65,28.686
66,28.685
67,28.683
68,28.681
69,28.679
70,28.677
71,28.675
72,28.673
73,28.671
74,28.669
75,28.667
76,28.664
77,28.662
78,28.66
79,28.658
80,28.656
81,28.653
82,28.651
83,28.649
84,28.646
85,28.644
86,28.641
87,28.638
88,28.636
89,28.633
90,28.63
91,28.627
92,28.624
93,28.62
94,28.617
95,28.613
96,28.609
97,28.605
98,28.601
99,28.596
100,28.591
101,28.586
102,28.58
103,28.574
104,28.567
105,28.56
106,28.553
107,28.545
108,28.536
109,28.526
110,28.516
111,28.505
112,28.492
113,28.479
114,28.464
115,28.448
116,28.431
117,28.412
118,28.391
119,28.368
120,28.343
121,28.316
122,28.285
123,28.252
124,28.216
125,28.176
126,28.133
127,28.085
128,28.032
129,27.974
130,27.911
131,27.841
132,27.765
133,27.682
134,27.591
135,27.491
136,27.382
137,27.262
138,27.132
139,26.99
140,26.835
141,26.667
142,26.484
143,26.286
144,26.071
145,25.838
146,25.587
147,25.316
148,25.024
149,24.711
150,24.375
151,24.016
152,23.632
153,23.222
154,22.787
155,22.325
156,21.836
157,21.319
158,20.774
159,20.2
160,19.598
161,18.966
162,18.306
163,17.618
164,16.9
165,16.154
166,15.38
167,14.578
168,13.748
169,12.892
170,12.009
171,11.1
172,10.166
173,9.2075
174,8.2245
175,7.218
176,6.1886
177,5.137
178,4.0637
179,2.9696
180,1.8551
181,0.721
182,-0.4322
183,-1.6038
184,-2.7934
185,-4.0001
186,-5.2236
187,-6.4633
188,-7.7185
189,-8.9889
190,-10.274
191,-11.573
192,-12.886
193,-14.212
194,-15.55
195,-16.901
196,-18.264
197,-19.639
198,-21.025
199,-22.421
200,-23.828
