0,22.23
1,22.228
2,22.226
3,22.225
4,22.223
5,22.221
6,22.219
7,22.217
8,22.215
9,22.214
10,22.212
11,22.21
12,22.208
13,22.206
14,22.204
15,22.203
16,22.201
17,22.199
18,22.197
19,22.195
20,22.193
21,22.192
22,22.19
23,22.188
24,22.186
25,22.184
26,22.182
27,22.181
28,22.179
29,22.177
30,22.175
31,22.173
32,22.171
33,22.17
34,22.168
35,22.166
36,22.164
37,22.162
38,22.16
39,22.159
40,22.157
41,22.155
42,22.153
43,22.151
44,22.149
45,22.148
46,22.146
47,22.144
48,22.142
49,22.14
50,22.138
51,22.136
52,22.135
53,22.133
54,22.131
55,22.129
56,22.127
57,22.125
58,22.123
59,22.121
60,22.119
61,22.118
62,22.116
63,22.114
64,22.112
65,22.11
66,22.108
67,22.106
68,22.104
69,22.102
70,22.1
71,22.098
72,22.096
73,22.094
74,22.092
75,22.089
76,22.087
77,22.085
78,22.083
79,22.081
80,22.078
81,22.076
82,22.073
83,22.071
84,22.068
85,22.066
86,22.063
87,22.06
88,22.057
89,22.054
90,22.051
91,22.047
92,22.044
93,22.04
94,22.036
95,22.032
96,22.027
97,22.023
98,22.018
99,22.013
100,22.007
101,22.001
102,21.994
103,21.988
104,21.98
105,21.972
106,21.963
107,21.954
108,21.943
109,21.932
110,21.92
111,21.907
112,21.893
113,21.877
114,21.86
115,21.841
116,21.821
117,21.798
118,21.774
119,21.747
120,21.718
121,21.686
122,21.651
123,21.612
124,21.57
125,21.523
126,21.473
127,21.417
128,21.356
129,21.289
130,21.216
131,21.136
132,21.048
133,20.952
134,20.848
135,20.734
136,20.609
137,20.473
138,20.326
139,20.165
140,19.99
141,19.801
142,19.596
143,19.374
144,19.134
145,18.875
146,18.597
147,18.298
148,17.977
149,17.634
150,17.267
151,16.875
152,16.459
153,16.016
154,15.547
155,15.051
156,14.528
157,13.976
158,13.397
159,12.789
160,12.152
161,11.488
162,10.794
163,10.073
164,9.323
165,8.5456
166,7.7408
167,6.9089
168,6.0504
169,5.1659
170,4.2558
171,3.3207
172,2.3612
173,1.3779
174,0.37141
175,-0.65769
176,-1.7087
177,-2.7811
178,-3.8742
179,-4.9874
180,-6.12
181,-7.2715
182,-8.4412
183,-9.6287
184,-10.833
185,-12.054
186,-13.292
187,-14.544
188,-15.812
189,-17.094
190,-18.39
191,-19.7
192,-21.023
193,-22.359
194,-23.706
195,-25.066
196,-26.437
197,-27.82
198,-29.213
199,-30.617
200,-32.03
