0,21.317
1,21.315
2,21.313
3,21.311
4,21.309
5,21.308
6,21.306
7,21.304
8,21.302
9,21.3
10,21.298
11,21.297
12,21.295
13,21.293
14,21.291
15,21.289
16,21.287
17,21.286
18,21.284
19,21.282
20,21.28
21,21.278
22,21.276
23,21.275
24,21.273
25,21.271
26,21.269
27,21.267
28,21.265
29,21.264
30,21.262
31,21.26
32,21.258
33,21.256
34,21.254
35,21.253
36,21.251
37,21.249
38,21.247
39,21.245
40,21.243
41,21.242
42,21.24
43,21.238
44,21.236
45,21.234
46,21.232
47,21.231
48,21.229
49,21.227
50,21.225
51,21.223
52,21.221
53,21.22
54,21.218
55,21.216
56,21.214
57,21.212
58,21.21
59,21.208
60,21.207
61,21.205
62,21.203
63,21.201
64,21.199
65,21.197
66,21.195
67,21.193
68,21.191
69,21.189
70,21.188
71,21.186
72,21.184
73,21.182
74,21.18
75,21.178
76,21.176
77,21.174
78,21.172
79,21.17
80,21.167
81,21.165
82,21.163
83,21.161
84,21.159
85,21.156
86,21.154
87,21.152
88,21.149
89,21.147
90,21.144
91,21.141
92,21.139
93,21.136
94,21.133
95,21.13
96,21.126
97,21.123
98,21.12
99,21.116
100,21.112
101,21.108
102,21.103
103,21.099
104,21.094
105,21.088
106,21.083
107,21.076
108,21.07
109,21.063
110,21.055
111,21.047
112,21.038
113,21.028
114,21.018
115,21.007
116,20.994
117,20.981
118,20.966
119,20.95
120,20.932
121,20.913
122,20.892
123,20.869
124,20.844
125,20.816
126,20.785
127,20.752
128,20.715
129,20.675
130,20.631
131,20.583
132,20.529
133,20.471
134,20.407
135,20.337
136,20.26
137,20.176
138,20.084
139,19.983
140,19.873
141,19.753
142,19.621
143,19.478
144,19.322
145,19.152
146,18.968
147,18.768
148,18.551
149,18.317
150,18.063
151,17.79
152,17.497
153,17.181
154,16.843
155,16.481
156,16.094
157,15.682
158,15.244
159,14.78
160,14.288
161,13.768
162,13.22
163,12.643
164,12.038
165,11.404
166,10.741
167,10.049
168,9.3287
169,8.5798
170,7.8028
171,6.998
172,6.1658
173,5.3067
174,4.4212
175,3.5099
176,2.5732
177,1.6118
178,0.62642
179,-0.38245
180,-1.4141
181,-2.468
182,-3.5433
183,-4.6396
184,-5.7561
185,-6.8922
186,-8.0473
187,-9.2208
188,-10.412
189,-11.621
190,-12.846
191,-14.087
192,-15.344
193,-16.616
194,-17.902
195,-19.203
196,-20.517
197,-21.844
198,-23.184
199,-24.536
200,-25.9
