0,26.163
1,26.162
2,26.16
3,26.158
4,26.156
5,26.154
6,26.152
7,26.151
8,26.149
9,26.147
10,26.145
11,26.143
12,26.141
13,26.14
14,26.138
15,26.136
16,26.134
17,26.132
18,26.13
19,26.129
20,26.127
21,26.125
22,26.123
23,26.121
24,26.119
25,26.118
26,26.116
27,26.114
28,26.112
29,26.11
30,26.108
31,26.107
32,26.105
33,26.103
34,26.101
35,26.099
36,26.097
37,26.096
38,26.094
39,26.092
40,26.09
41,26.088
42,26.086
43,26.085
44,26.083
45,26.081
46,26.079
47,26.077
48,26.075
49,26.074
50,26.072
51,26.07
52,26.068
53,26.066
54,26.064
55,26.063
56,26.061
57,26.059
58,26.057
59,26.055
60,26.053
61,26.052
62,26.05
63,26.048
64,26.046
65,26.044
66,26.042
67,26.041
68,26.039
69,26.037
70,26.035
71,26.033
72,26.031
73,26.03
74,26.028
75,26.026
76,26.024
77,26.022
78,26.02
79,26.018
80,26.016
81,26.015
82,26.013
83,26.011
84,26.009
85,26.007
86,26.005
87,26.003
88,26.001
89,25.999
90,25.997
91,25.995
92,25.993
93,25.991
94,25.989
95,25.987
96,25.985
97,25.983
98,25.981
99,25.979
100,25.977
101,25.974
102,25.972
103,25.97
104,25.967
105,25.965
106,25.963
107,25.96
108,25.957
109,25.954
110,25.952
111,25.949
112,25.945
113,25.942
114,25.939
115,25.935
116,25.931
117,25.927
118,25.923
119,25.918
120,25.914
121,25.908
122,25.903
123,25.897
124,25.89
125,25.883
126,25.876
127,25.868
128,25.859
129,25.849
130,25.838
131,25.827
132,25.814
133,25.801
134,25.785
135,25.769
136,25.751
137,25.731
138,25.709
139,25.684
140,25.658
141,25.628
142,25.596
143,25.56
144,25.521
145,25.477
146,25.43
147,25.377
148,25.319
149,25.255
150,25.184
151,25.107
152,25.021
153,24.928
154,24.825
155,24.711
156,24.587
157,24.451
158,24.303
159,24.14
160,23.962
161,23.769
162,23.558
163,23.33
164,23.082
165,22.813
166,22.523
167,22.21
168,21.874
169,21.512
170,21.125
171,20.712
172,20.271
173,19.801
174,19.304
175,18.776
176,18.22
177,17.633
178,17.016
179,16.369
180,15.691
181,14.984
182,14.246
183,13.479
184,12.683
185,11.858
186,11.004
187,10.123
188,9.2145
189,8.2795
190,7.3186
191,6.3325
192,5.3218
193,4.2873
194,3.2296
195,2.1496
196,1.0478
197,-0.075032
198,-1.2182
199,-2.381
200,-3.5628
