0,26.557
1,26.555
2,26.553
3,26.551
4,26.549
5,26.548
6,26.546
7,26.544
8,26.542
9,26.54
10,26.538
11,26.537
12,26.535
13,26.533
14,26.531
15,26.529
16,26.527
17,26.526
18,26.524
19,26.522
20,26.52
21,26.518
22,26.516
23,26.515
24,26.513
25,26.511
26,26.509
27,26.507
28,26.505
29,26.504
30,26.502
31,26.5
32,26.498
33,26.496
34,26.494
35,26.493
36,26.491
37,26.489
38,26.487
39,26.485
40,26.483
41,26.482
42,26.48
43,26.478
44,26.476
45,26.474
46,26.472
47,26.471
48,26.469
49,26.467
50,26.465
51,26.463
52,26.461
53,26.46
54,26.458
55,26.456
56,26.454
57,26.452
58,26.45
59,26.448
60,26.447
61,26.445
62,26.443
63,26.441
64,26.439
65,26.437
66,26.435
67,26.434
68,26.432
69,26.43
70,26.428
71,26.426
72,26.424
73,26.422
74,26.42
75,26.418
76,26.416
77,26.414
78,26.412
79,26.41
80,26.408
81,26.406
82,26.404
83,26.402
84,26.4
85,26.398
86,26.396
87,26.394
88,26.392
89,26.389
90,26.387
91,26.385
92,26.382
93,26.38
94,26.377
95,26.374
96,26.372
97,26.369
98,26.366
99,26.363
100,26.36
101,26.356
102,26.353
103,26.349
104,26.345
105,26.341
106,26.336
107,26.332
108,26.327
109,26.322
110,26.316
111,26.31
112,26.303
113,26.296
114,26.288
115,26.28
116,26.271
117,26.261
118,26.251
119,26.239
120,26.227
121,26.213
122,26.198
123,26.181
124,26.163
125,26.144
126,26.122
127,26.098
128,26.072
129,26.044
130,26.012
131,25.978
132,25.94
133,25.898
134,25.852
135,25.802
136,25.747
137,25.686
138,25.619
139,25.546
140,25.465
141,25.377
142,25.28
143,25.174
144,25.058
145,24.932
146,24.793
147,24.642
148,24.477
149,24.298
150,24.103
151,23.892
152,23.662
153,23.414
154,23.147
155,22.858
156,22.547
157,22.214
158,21.856
159,21.474
160,21.066
161,20.632
162,20.171
163,19.682
164,19.165
165,18.619
166,18.044
167,17.44
168,16.806
169,16.143
170,15.451
171,14.73
172,13.98
173,13.202
174,12.395
175,11.56
176,10.698
177,9.8092
178,8.8942
179,7.9536
180,6.988
181,5.998
182,4.9843
183,3.9476
184,2.8885
185,1.8076
186,0.70574
187,-0.41655
188,-1.5586
189,-2.7197
190,-3.8994
191,-5.0969
192,-6.3117
193,-7.5433
194,-8.791
195,-10.054
196,-11.333
197,-12.626
198,-13.933
199,-15.253
200,-16.587
