0,12.658
1,12.656
2,12.654
3,12.652
4,12.65
5,12.649
6,12.647
7,12.645
8,12.643
9,12.641
10,12.639
11,12.638
12,12.636
13,12.634
14,12.632
15,12.63
16,12.628
17,12.627
18,12.625
19,12.623
20,12.621
21,12.619
22,12.617
23,12.616
24,12.614
25,12.612
26,12.61
27,12.608
28,12.606
29,12.605
30,12.603
31,12.601
32,12.599
33,12.597
34,12.595
35,12.594
36,12.592
37,12.59
38,12.588
39,12.586
40,12.584
41,12.582
42,12.581
43,12.579
44,12.577
45,12.575
46,12.573
47,12.571
48,12.569
49,12.568
50,12.566
51,12.564
52,12.562
53,12.56
54,12.558
55,12.556
56,12.554
57,12.552
58,12.55
59,12.548
60,12.546
61,12.544
62,12.542
63,12.54
64,12.538
65,12.536
66,12.534
67,12.532
68,12.53
69,12.528
70,12.526
71,12.523
72,12.521
73,12.519
74,12.517
75,12.514
76,12.512
77,12.509
78,12.506
79,12.504
80,12.501
81,12.498
82,12.495
83,12.492
84,12.489
85,12.485
86,12.482
87,12.478
88,12.474
89,12.47
90,12.466
91,12.461
92,12.456
93,12.451
94,12.445
95,12.44
96,12.433
97,12.426
98,12.419
99,12.411
100,12.403
101,12.393
102,12.384
103,12.373
104,12.361
105,12.348
106,12.335
107,12.32
108,12.303
109,12.286
110,12.266
111,12.245
112,12.222
113,12.197
114,12.17
115,12.14
116,12.107
117,12.071
118,12.032
119,11.989
120,11.942
121,11.89
122,11.834
123,11.773
124,11.706
125,11.633
126,11.553
127,11.465
128,11.37
129,11.266
130,11.153
131,11.03
132,10.896
133,10.751
134,10.593
135,10.422
136,10.237
137,10.036
138,9.8195
139,9.586
140,9.3345
141,9.064
142,8.7738
143,8.4627
144,8.1299
145,7.7746
146,7.3959
147,6.9931
148,6.5654
149,6.1123
150,5.6331
151,5.1273
152,4.5946
153,4.0346
154,3.4471
155,2.832
156,2.189
157,1.5183
158,0.81989
159,0.093964
160,-0.65928
161,-1.4396
162,-2.2465
163,-3.0798
164,-3.939
165,-4.8236
166,-5.7331
167,-6.667
168,-7.6248
169,-8.6058
170,-9.6094
171,-10.635
172,-11.682
173,-12.751
174,-13.839
175,-14.947
176,-16.075
177,-17.221
178,-18.384
179,-19.566
180,-20.764
181,-21.979
182,-23.209
183,-24.455
184,-25.715
185,-26.99
186,-28.279
187,-29.581
188,-30.897
189,-32.225
190,-33.565
191,-34.917
192,-36.281
193,-37.655
194,-39.04
195,-40.436
196,-41.842
197,-43.258
198,-44.683
199,-46.117
200,-47.56
