0,18.646
1,18.644
2,18.643
3,18.641
4,18.639
5,18.637
6,18.635
7,18.633
8,18.632
9,18.63
10,18.628
11,18.626
12,18.624
13,18.622
14,18.621
15,18.619
16,18.617
17,18.615
18,18.613
19,18.611
20,18.61
21,18.608
22,18.606
23,18.604
24,18.602
25,18.6
26,18.599
27,18.597
28,18.595
29,18.593
30,18.591
31,18.589
32,18.588
33,18.586
34,18.584
35,18.582
36,18.58
37,18.578
38,18.577
39,18.575
40,18.573
41,18.571
42,18.569
43,18.567
44,18.566
45,18.564
46,18.562
47,18.56
48,18.558
49,18.556
50,18.555
51,18.553
52,18.551
53,18.549
54,18.547
55,18.545
56,18.544
57,18.542
58,18.54
59,18.538
60,18.536
61,18.534
62,18.533
63,18.531
64,18.529
65,18.527
66,18.525
67,18.523
68,18.521
69,18.519
70,18.518
71,18.516
72,18.514
73,18.512
74,18.51
75,18.508
76,18.506
77,18.504
78,18.502
79,18.501
80,18.499
81,18.497
82,18.495
83,18.493
84,18.491
85,18.489
86,18.487
87,18.485
88,18.482
89,18.48
90,18.478
91,18.476
92,18.474
93,18.471
94,18.469
95,18.467
96,18.464
97,18.462
98,18.459
99,18.457
100,18.454
101,18.451
102,18.448
103,18.445
104,18.442
105,18.439
106,18.435
107,18.431
108,18.427
109,18.423
110,18.419
111,18.414
112,18.409
113,18.404
114,18.398
115,18.392
116,18.386
117,18.379
118,18.371
119,18.363
120,18.354
121,18.345
122,18.334
123,18.323
124,18.31
125,18.297
126,18.282
127,18.265
128,18.248
129,18.228
130,18.207
131,18.183
132,18.158
133,18.129
134,18.098
135,18.064
136,18.027
137,17.985
138,17.94
139,17.89
140,17.835
141,17.775
142,17.709
143,17.637
144,17.557
145,17.47
146,17.374
147,17.269
148,17.154
149,17.029
150,16.892
151,16.742
152,16.579
153,16.402
154,16.209
155,15.999
156,15.772
157,15.526
158,15.261
159,14.975
160,14.667
161,14.336
162,13.982
163,13.602
164,13.198
165,12.767
166,12.308
167,11.823
168,11.309
169,10.766
170,10.195
171,9.594
172,8.964
173,8.3047
174,7.6161
175,6.8984
176,6.1517
177,5.3764
178,4.5728
179,3.7413
180,2.8825
181,1.9969
182,1.0849
183,0.14726
184,-0.81546
185,-1.8026
186,-2.8136
187,-3.8476
188,-4.9041
189,-5.9825
190,-7.0819
191,-8.2018
192,-9.3416
193,-10.501
194,-11.678
195,-12.873
196,-14.086
197,-15.316
198,-16.562
199,-17.823
200,-19.1
