0,19.466
1,19.464
2,19.462
3,19.46
4,19.458
5,19.457
6,19.455
7,19.453
8,19.451
9,19.449
10,19.447
11,19.446
12,19.444
13,19.442
14,19.44
15,19.438
16,19.436
17,19.435
18,19.433
19,19.431
20,19.429
21,19.427
22,19.425
23,19.424
24,19.422
25,19.42
26,19.418
27,19.416
28,19.414
29,19.413
30,19.411
31,19.409
32,19.407
33,19.405
34,19.403
35,19.402
36,19.4
37,19.398
38,19.396
39,19.394
40,19.392
41,19.391
42,19.389
43,19.387
44,19.385
45,19.383
46,19.381
47,19.38
48,19.378
49,19.376
50,19.374
51,19.372
52,19.37
53,19.369
54,19.367
55,19.365
56,19.363
57,19.361
58,19.359
59,19.358
60,19.356
61,19.354
62,19.352
63,19.35
64,19.348
65,19.347
66,19.345
67,19.343
68,19.341
69,19.339
70,19.337
71,19.335
72,19.334
73,19.332
74,19.33
75,19.328
76,19.326
77,19.324
78,19.322
79,19.32
80,19.319
81,19.317
82,19.315
83,19.313
84,19.311
85,19.309
86,19.307
87,19.305
88,19.303
89,19.301
90,19.299
91,19.297
92,19.295
93,19.293
94,19.291
95,19.289
96,19.286
97,19.284
98,19.282
99,19.28
100,19.277
101,19.275
102,19.272
103,19.27
104,19.267
105,19.264
106,19.262
107,19.259
108,19.256
109,19.252
110,19.249
111,19.246
112,19.242
113,19.238
114,19.234
115,19.23
116,19.225
117,19.22
118,19.215
119,19.209
120,19.203
121,19.196
122,19.189
123,19.182
124,19.173
125,19.164
126,19.155
127,19.144
128,19.132
129,19.12
130,19.106
131,19.091
132,19.074
133,19.056
134,19.036
135,19.014
136,18.99
137,18.963
138,18.934
139,18.902
140,18.867
141,18.828
142,18.786
143,18.739
144,18.687
145,18.63
146,18.568
147,18.499
148,18.423
149,18.34
150,18.249
151,18.149
152,18.039
153,17.919
154,17.787
155,17.644
156,17.487
157,17.316
158,17.129
159,16.926
160,16.706
161,16.468
162,16.21
163,15.931
164,15.63
165,15.307
166,14.96
167,14.588
168,14.191
169,13.767
170,13.316
171,12.837
172,12.329
173,11.793
174,11.227
175,10.632
176,10.007
177,9.3528
178,8.6686
179,7.9547
180,7.2115
181,6.4393
182,5.6383
183,4.8091
184,3.9521
185,3.0678
186,2.1569
187,1.22
188,0.25755
189,-0.72962
190,-1.7409
191,-2.7756
192,-3.833
193,-4.9125
194,-6.0134
195,-7.1349
196,-8.2765
197,-9.4375
198,-10.617
199,-11.815
200,-13.03
