0,21.06
1,21.058
2,21.056
3,21.055
4,21.053
5,21.051
6,21.049
7,21.047
8,21.045
9,21.044
10,21.042
11,21.04
12,21.038
13,21.036
14,21.034
15,21.033
16,21.031
17,21.029
18,21.027
19,21.025
20,21.023
21,21.022
22,21.02
23,21.018
24,21.016
25,21.014
26,21.012
27,21.011
28,21.009
29,21.007
30,21.005
31,21.003
32,21.001
33,21
34,20.998
35,20.996
36,20.994
37,20.992
38,20.99
39,20.989
40,20.987
41,20.985
42,20.983
43,20.981
44,20.979
45,20.978
46,20.976
47,20.974
48,20.972
49,20.97
50,20.968
51,20.966
52,20.965
53,20.963
54,20.961
55,20.959
56,20.957
57,20.955
58,20.953
59,20.951
60,20.95
61,20.948
62,20.946
63,20.944
64,20.942
65,20.94
66,20.938
67,20.936
68,20.934
69,20.932
70,20.93
71,20.928
72,20.926
73,20.924
74,20.922
75,20.92
76,20.918
77,20.915
78,20.913
79,20.911
80,20.909
81,20.906
82,20.904
83,20.901
84,20.899
85,20.896
86,20.893
87,20.891
88,20.888
89,20.885
90,20.881
91,20.878
92,20.875
93,20.871
94,20.867
95,20.863
96,20.859
97,20.855
98,20.85
99,20.845
100,20.839
101,20.834
102,20.827
103,20.821
104,20.814
105,20.806
106,20.797
107,20.788
108,20.779
109,20.768
110,20.757
111,20.744
112,20.73
113,20.716
114,20.699
115,20.682
116,20.662
117,20.641
118,20.618
119,20.593
120,20.565
121,20.535
122,20.501
123,20.465
124,20.425
125,20.381
126,20.333
127,20.28
128,20.223
129,20.159
130,20.09
131,20.014
132,19.931
133,19.841
134,19.742
135,19.633
136,19.515
137,19.386
138,19.246
139,19.093
140,18.927
141,18.747
142,18.551
143,18.34
144,18.111
145,17.864
146,17.598
147,17.312
148,17.004
149,16.675
150,16.322
151,15.946
152,15.544
153,15.118
154,14.665
155,14.186
156,13.679
157,13.144
158,12.582
159,11.991
160,11.372
161,10.725
162,10.049
163,9.3444
164,8.6118
165,7.8512
166,7.063
167,6.2476
168,5.4052
169,4.5365
170,3.6419
171,2.722
172,1.7773
173,0.80842
174,-0.18403
175,-1.1995
176,-2.2372
177,-3.2967
178,-4.3772
179,-5.4782
180,-6.5991
181,-7.7391
182,-8.8979
183,-10.075
184,-11.269
185,-12.48
186,-13.707
187,-14.951
188,-16.209
189,-17.483
190,-18.77
191,-20.072
192,-21.387
193,-22.715
194,-24.055
195,-25.408
196,-26.772
197,-28.148
198,-29.534
199,-30.932
200,-32.339
