0,26.4
1,26.398
2,26.396
3,26.394
4,26.393
5,26.391
6,26.389
7,26.387
8,26.385
9,26.383
10,26.382
11,26.38
12,26.378
13,26.376
14,26.374
15,26.372
16,26.371
17,26.369
18,26.367
19,26.365
20,26.363
21,26.361
22,26.36
23,26.358
24,26.356
25,26.354
26,26.352
27,26.35
28,26.349
29,26.347
30,26.345
31,26.343
32,26.341
33,26.339
34,26.338
35,26.336
36,26.334
37,26.332
38,26.33
39,26.328
40,26.327
41,26.325
42,26.323
43,26.321
44,26.319
45,26.317
46,26.316
47,26.314
48,26.312
49,26.31
50,26.308
51,26.306
52,26.304
53,26.303
54,26.301
55,26.299
56,26.297
57,26.295
58,26.293
59,26.291
60,26.29
61,26.288
62,26.286
63,26.284
64,26.282
65,26.28
66,26.278
67,26.276
68,26.274
69,26.272
70,26.271
71,26.269
72,26.267
73,26.265
74,26.263
75,26.261
76,26.259
77,26.256
78,26.254
79,26.252
80,26.25
81,26.248
82,26.246
83,26.244
84,26.241
85,26.239
86,26.236
87,26.234
88,26.231
89,26.229
90,26.226
91,26.223
92,26.22
93,26.217
94,26.214
95,26.211
96,26.208
97,26.204
98,26.2
99,26.196
100,26.192
101,26.187
102,26.183
103,26.178
104,26.172
105,26.166
106,26.16
107,26.153
108,26.146
109,26.138
110,26.13
111,26.121
112,26.111
113,26.1
114,26.088
115,26.076
116,26.062
117,26.047
118,26.03
119,26.012
120,25.992
121,25.97
122,25.946
123,25.92
124,25.891
125,25.86
126,25.825
127,25.788
128,25.746
129,25.7
130,25.65
131,25.595
132,25.534
133,25.468
134,25.396
135,25.316
136,25.229
137,25.133
138,25.028
139,24.914
140,24.789
141,24.653
142,24.504
143,24.343
144,24.167
145,23.976
146,23.768
147,23.544
148,23.301
149,23.039
150,22.757
151,22.454
152,22.128
153,21.779
154,21.405
155,21.007
156,20.583
157,20.132
158,19.655
159,19.149
160,18.616
161,18.054
162,17.464
163,16.844
164,16.196
165,15.518
166,14.812
167,14.077
168,13.314
169,12.523
170,11.704
171,10.857
172,9.9843
173,9.0851
174,8.1603
175,7.2104
176,6.2361
177,5.2379
178,4.2166
179,3.1727
180,2.107
181,1.02
182,-0.087572
183,-1.2151
184,-2.362
185,-3.5275
186,-4.7112
187,-5.9124
188,-7.1306
189,-8.3651
190,-9.6155
191,-10.881
192,-12.162
193,-13.457
194,-14.765
195,-16.087
196,-17.422
197,-18.77
198,-20.129
199,-21.5
200,-22.883
