0,27.475
1,27.474
2,27.472
3,27.47
4,27.468
5,27.466
6,27.464
7,27.463
8,27.461
9,27.459
10,27.457
11,27.455
12,27.453
13,27.452
14,27.45
15,27.448
16,27.446
17,27.444
18,27.442
19,27.441
20,27.439
21,27.437
22,27.435
23,27.433
24,27.431
25,27.43
26,27.428
27,27.426
28,27.424
29,27.422
30,27.42
31,27.419
32,27.417
33,27.415
34,27.413
35,27.411
36,27.409
37,27.408
38,27.406
39,27.404
40,27.402
41,27.4
42,27.398
43,27.397
44,27.395
45,27.393
46,27.391
47,27.389
48,27.387
49,27.386
50,27.384
51,27.382
52,27.38
53,27.378
54,27.376
55,27.375
56,27.373
57,27.371
58,27.369
59,27.367
60,27.365
61,27.364
62,27.362
63,27.36
64,27.358
65,27.356
66,27.354
67,27.353
68,27.351
69,27.349
70,27.347
71,27.345
72,27.343
73,27.341
74,27.34
75,27.338
76,27.336
77,27.334
78,27.332
79,27.33
80,27.328
81,27.326
82,27.324
83,27.323
84,27.321
85,27.319
86,27.317
87,27.315
88,27.313
89,27.311
90,27.309
91,27.307
92,27.305
93,27.303
94,27.3
95,27.298
96,27.296
97,27.294
98,27.292
99,27.289
100,27.287
101,27.285
102,27.282
103,27.28
104,27.277
105,27.274
106,27.271
107,27.268
108,27.265
109,27.262
110,27.259
111,27.255
112,27.252
113,27.248
114,27.244
115,27.239
116,27.235
117,27.23
118,27.224
119,27.219
120,27.212
121,27.206
122,27.199
123,27.191
124,27.182
125,27.173
126,27.163
127,27.152
128,27.141
129,27.128
130,27.113
131,27.098
132,27.081
133,27.062
134,27.042
135,27.019
136,26.994
137,26.967
138,26.937
139,26.904
140,26.867
141,26.827
142,26.783
143,26.734
144,26.68
145,26.621
146,26.556
147,26.485
148,26.406
149,26.319
150,26.224
151,26.119
152,26.005
153,25.879
154,25.742
155,25.591
156,25.427
157,25.248
158,25.053
159,24.84
160,24.61
161,24.36
162,24.09
163,23.799
164,23.485
165,23.147
166,22.785
167,22.397
168,21.982
169,21.54
170,21.071
171,20.573
172,20.045
173,19.489
174,18.902
175,18.286
176,17.639
177,16.963
178,16.256
179,15.52
180,14.755
181,13.96
182,13.137
183,12.285
184,11.406
185,10.5
186,9.5674
187,8.609
188,7.6255
189,6.6176
190,5.5858
191,4.5311
192,3.454
193,2.3552
194,1.2354
195,0.09534
196,-1.0644
197,-2.243
198,-3.44
199,-4.6548
200,-5.8866
