0,18.066
1,18.064
2,18.063
3,18.061
4,18.059
5,18.057
6,18.055
7,18.053
8,18.052
9,18.05
10,18.048
11,18.046
12,18.044
13,18.042
14,18.041
15,18.039
16,18.037
17,18.035
18,18.033
19,18.031
20,18.03
21,18.028
22,18.026
23,18.024
24,18.022
25,18.021
26,18.019
27,18.017
28,18.015
29,18.013
30,18.011
31,18.01
32,18.008
33,18.006
34,18.004
35,18.002
36,18
37,17.999
38,17.997
39,17.995
40,17.993
41,17.991
42,17.989
43,17.987
44,17.986
45,17.984
46,17.982
47,17.98
48,17.978
49,17.976
50,17.975
51,17.973
52,17.971
53,17.969
54,17.967
55,17.965
56,17.963
57,17.962
58,17.96
59,17.958
60,17.956
61,17.954
62,17.952
63,17.95
64,17.948
65,17.946
66,17.945
67,17.943
68,17.941
69,17.939
70,17.937
71,17.935
72,17.933
73,17.931
74,17.929
75,17.927
76,17.925
77,17.923
78,17.92
79,17.918
80,17.916
81,17.914
82,17.912
83,17.909
84,17.907
85,17.904
86,17.902
87,17.899
88,17.897
89,17.894
90,17.891
91,17.888
92,17.885
93,17.882
94,17.879
95,17.875
96,17.872
97,17.868
98,17.864
99,17.86
100,17.855
101,17.85
102,17.845
103,17.84
104,17.834
105,17.828
106,17.821
107,17.814
108,17.806
109,17.798
110,17.789
111,17.779
112,17.768
113,17.756
114,17.744
115,17.73
116,17.715
117,17.698
118,17.68
119,17.661
120,17.639
121,17.616
122,17.59
123,17.562
124,17.531
125,17.498
126,17.46
127,17.42
128,17.375
129,17.326
130,17.273
131,17.214
132,17.15
133,17.079
134,17.002
135,16.918
136,16.826
137,16.725
138,16.614
139,16.494
140,16.363
141,16.22
142,16.064
143,15.895
144,15.711
145,15.512
146,15.297
147,15.064
148,14.812
149,14.541
150,14.25
151,13.937
152,13.602
153,13.243
154,12.86
155,12.452
156,12.019
157,11.559
158,11.072
159,10.558
160,10.016
161,9.4451
162,8.8464
163,8.2191
164,7.5632
165,6.8788
166,6.1659
167,5.4248
168,4.6558
169,3.8591
170,3.0352
171,2.1845
172,1.3075
173,0.40472
174,-0.52333
175,-1.476
176,-2.4528
177,-3.453
178,-4.4761
179,-5.5213
180,-6.5881
181,-7.6758
182,-8.7839
183,-9.9116
184,-11.058
185,-12.224
186,-13.407
187,-14.607
188,-15.825
189,-17.058
190,-18.307
191,-19.571
192,-20.85
193,-22.144
194,-23.45
195,-24.77
196,-26.103
197,-27.449
198,-28.806
199,-30.175
200,-31.555
