0,18.507
1,18.505
2,18.503
3,18.502
4,18.5
5,18.498
6,18.496
7,18.494
8,18.492
9,18.491
10,18.489
11,18.487
12,18.485
13,18.483
14,18.481
15,18.48
16,18.478
17,18.476
18,18.474
19,18.472
20,18.47
21,18.469
22,18.467
23,18.465
24,18.463
25,18.461
26,18.459
27,18.458
28,18.456
29,18.454
30,18.452
31,18.45
32,18.448
33,18.447
34,18.445
35,18.443
36,18.441
37,18.439
38,18.437
39,18.436
40,18.434
41,18.432
42,18.43
43,18.428
44,18.426
45,18.425
46,18.423
47,18.421
48,18.419
49,18.417
50,18.415
51,18.414
52,18.412
53,18.41
54,18.408
55,18.406
56,18.404
57,18.402
58,18.401
59,18.399
60,18.397
61,18.395
62,18.393
63,18.391
64,18.389
65,18.387
66,18.386
67,18.384
68,18.382
69,18.38
70,18.378
71,18.376
72,18.374
73,18.372
74,18.37
75,18.368
76,18.366
77,18.364
78,18.362
79,18.36
80,18.358
81,18.356
82,18.353
83,18.351
84,18.349
85,18.347
86,18.344
87,18.342
88,18.34
89,18.337
90,18.334
91,18.332
92,18.329
93,18.326
94,18.323
95,18.32
96,18.317
97,18.313
98,18.31
99,18.306
100,18.302
101,18.298
102,18.294
103,18.289
104,18.284
105,18.279
106,18.273
107,18.267
108,18.261
109,18.254
110,18.246
111,18.238
112,18.229
113,18.22
114,18.209
115,18.198
116,18.186
117,18.173
118,18.158
119,18.142
120,18.125
121,18.106
122,18.085
123,18.062
124,18.037
125,18.01
126,17.98
127,17.947
128,17.911
129,17.872
130,17.829
131,17.781
132,17.729
133,17.672
134,17.609
135,17.54
136,17.465
137,17.383
138,17.292
139,17.193
140,17.085
141,16.968
142,16.839
143,16.698
144,16.546
145,16.379
146,16.199
147,16.003
148,15.79
149,15.56
150,15.312
151,15.045
152,14.756
153,14.447
154,14.115
155,13.76
156,13.38
157,12.976
158,12.545
159,12.088
160,11.604
161,11.093
162,10.553
163,9.9854
164,9.389
165,8.7638
166,8.1099
167,7.4272
168,6.7159
169,5.9762
170,5.2084
171,4.4127
172,3.5896
173,2.7395
174,1.8629
175,0.96037
176,0.032409
177,-0.92038
178,-1.8974
179,-2.898
180,-3.9215
181,-4.9674
182,-6.035
183,-7.1236
184,-8.2326
185,-9.3614
186,-10.509
187,-11.676
188,-12.86
189,-14.062
190,-15.281
191,-16.516
192,-17.767
193,-19.033
194,-20.313
195,-21.608
196,-22.916
197,-24.238
198,-25.573
199,-26.92
200,-28.279
