0,24.964
1,24.962
2,24.961
3,24.959
4,24.957
5,24.955
6,24.953
7,24.951
8,24.95
9,24.948
10,24.946
11,24.944
12,24.942
13,24.94
14,24.939
15,24.937
16,24.935
17,24.933
18,24.931
19,24.93
20,24.928
21,24.926
22,24.924
23,24.922
24,24.92
25,24.919
26,24.917
27,24.915
28,24.913
29,24.911
30,24.909
31,24.908
32,24.906
33,24.904
34,24.902
35,24.9
36,24.898
37,24.897
38,24.895
39,24.893
40,24.891
41,24.889
42,24.887
43,24.885
44,24.884
45,24.882
46,24.88
47,24.878
48,24.876
49,24.874
50,24.873
51,24.871
52,24.869
53,24.867
54,24.865
55,24.863
56,24.861
57,24.859
58,24.858
59,24.856
60,24.854
61,24.852
62,24.85
63,24.848
64,24.846
65,24.844
66,24.842
67,24.84
68,24.838
69,24.836
70,24.834
71,24.832
72,24.83
73,24.828
74,24.826
75,24.824
76,24.822
77,24.82
78,24.818
79,24.815
80,24.813
81,24.811
82,24.808
83,24.806
84,24.804
85,24.801
86,24.798
87,24.796
88,24.793
89,24.79
90,24.787
91,24.784
92,24.78
93,24.777
94,24.773
95,24.769
96,24.765
97,24.761
98,24.756
99,24.751
100,24.746
101,24.741
102,24.735
103,24.728
104,24.722
105,24.714
106,24.706
107,24.698
108,24.688
109,24.678
110,24.667
111,24.655
112,24.642
113,24.628
114,24.613
115,24.596
116,24.578
117,24.558
118,24.536
119,24.511
120,24.485
121,24.456
122,24.424
123,24.39
124,24.351
125,24.31
126,24.264
127,24.213
128,24.158
129,24.098
130,24.031
131,23.959
132,23.879
133,23.792
134,23.697
135,23.592
136,23.479
137,23.354
138,23.219
139,23.071
140,22.911
141,22.736
142,22.547
143,22.342
144,22.12
145,21.88
146,21.621
147,21.342
148,21.042
149,20.72
150,20.375
151,20.007
152,19.614
153,19.196
154,18.751
155,18.28
156,17.782
157,17.256
158,16.701
159,16.119
160,15.507
161,14.868
162,14.199
163,13.502
164,12.776
165,12.023
166,11.241
167,10.432
168,9.5953
169,8.7323
170,7.8431
171,6.9283
172,5.9885
173,5.0242
174,4.036
175,3.0247
176,1.9907
177,0.93478
178,-0.14247
179,-1.2404
180,-2.3584
181,-3.4958
182,-4.6521
183,-5.8266
184,-7.0188
185,-8.228
186,-9.4537
187,-10.695
188,-11.953
189,-13.225
190,-14.511
191,-15.812
192,-17.126
193,-18.453
194,-19.793
195,-21.145
196,-22.509
197,-23.884
198,-25.27
199,-26.667
200,-28.075
