0,22.868
1,22.866
2,22.864
3,22.862
4,22.86
5,22.859
6,22.857
7,22.855
8,22.853
9,22.851
10,22.849
11,22.848
12,22.846
13,22.844
14,22.842
15,22.84
16,22.838
17,22.837
18,22.835
19,22.833
20,22.831
21,22.829
22,22.827
23,22.826
24,22.824
25,22.822
26,22.82
27,22.818
28,22.816
29,22.815
30,22.813
31,22.811
32,22.809
33,22.807
34,22.805
35,22.804
36,22.802
37,22.8
38,22.798
39,22.796
40,22.794
41,22.793
42,22.791
43,22.789
44,22.787
45,22.785
46,22.783
47,22.782
48,22.78
49,22.778
50,22.776
51,22.774
52,22.772
53,22.77
54,22.769
55,22.767
56,22.765
57,22.763
58,22.761
59,22.759
60,22.758
61,22.756
62,22.754
63,22.752
64,22.75
65,22.748
66,22.746
67,22.744
68,22.742
69,22.741
70,22.739
71,22.737
72,22.735
73,22.733
74,22.731
75,22.729
76,22.727
77,22.725
78,22.723
79,22.721
80,22.719
81,22.717
82,22.715
83,22.713
84,22.71
85,22.708
86,22.706
87,22.704
88,22.701
89,22.699
90,22.696
91,22.694
92,22.691
93,22.689
94,22.686
95,22.683
96,22.68
97,22.677
98,22.674
99,22.67
100,22.667
101,22.663
102,22.659
103,22.655
104,22.65
105,22.646
106,22.641
107,22.635
108,22.63
109,22.623
110,22.617
111,22.61
112,22.602
113,22.594
114,22.585
115,22.575
116,22.564
117,22.553
118,22.54
119,22.526
120,22.511
121,22.495
122,22.477
123,22.457
124,22.436
125,22.412
126,22.386
127,22.358
128,22.327
129,22.293
130,22.255
131,22.214
132,22.169
133,22.119
134,22.064
135,22.004
136,21.939
137,21.867
138,21.787
139,21.701
140,21.606
141,21.502
142,21.388
143,21.264
144,21.129
145,20.981
146,20.82
147,20.645
148,20.454
149,20.248
150,20.024
151,19.782
152,19.521
153,19.24
154,18.937
155,18.612
156,18.263
157,17.89
158,17.492
159,17.069
160,16.618
161,16.141
162,15.636
163,15.102
164,14.54
165,13.95
166,13.33
167,12.681
168,12.003
169,11.296
170,10.561
171,9.7969
172,9.0048
173,8.1849
174,7.3377
175,6.4637
176,5.5634
177,4.6374
178,3.6863
179,2.7107
180,1.7113
181,0.68858
182,-0.35666
183,-1.4238
184,-2.5122
185,-3.6213
186,-4.7503
187,-5.8986
188,-7.0657
189,-8.2509
190,-9.4537
191,-10.673
192,-11.909
193,-13.161
194,-14.429
195,-15.711
196,-17.007
197,-18.317
198,-19.641
199,-20.977
200,-22.326
