0,28.329
1,28.327
2,28.326
3,28.324
4,28.322
5,28.32
6,28.318
7,28.316
8,28.315
9,28.313
10,28.311
11,28.309
12,28.307
13,28.305
14,28.304
15,28.302
16,28.3
17,28.298
18,28.296
19,28.294
20,28.293
21,28.291
22,28.289
23,28.287
24,28.285
25,28.283
26,28.282
27,28.28
28,28.278
29,28.276
30,28.274
31,28.272
32,28.27
33,28.269
34,28.267
35,28.265
36,28.263
37,28.261
38,28.259
39,28.257
40,28.256
41,28.254
42,28.252
43,28.25
44,28.248
45,28.246
46,28.244
47,28.242
48,28.24
49,28.238
50,28.236
51,28.235
52,28.233
53,28.231
54,28.229
55,28.227
56,28.225
57,28.222
58,28.22
59,28.218
60,28.216
61,28.214
62,28.212
63,28.21
64,28.207
65,28.205
66,28.203
67,28.2
68,28.198
69,28.195
70,28.192
71,28.19
72,28.187
73,28.184
74,28.181
75,28.178
76,28.175
77,28.171
78,28.168
79,28.164
80,28.16
81,28.156
82,28.151
83,28.147
84,28.142
85,28.137
86,28.131
87,28.125
88,28.119
89,28.112
90,28.104
91,28.096
92,28.088
93,28.078
94,28.068
95,28.057
96,28.046
97,28.033
98,28.019
99,28.004
100,27.987
101,27.969
102,27.95
103,27.928
104,27.905
105,27.879
106,27.852
107,27.821
108,27.788
109,27.751
110,27.712
111,27.668
112,27.62
113,27.568
114,27.511
115,27.449
116,27.381
117,27.307
118,27.226
119,27.137
120,27.041
121,26.936
122,26.821
123,26.696
124,26.561
125,26.413
126,26.254
127,26.08
128,25.893
129,25.69
130,25.47
131,25.234
132,24.98
133,24.706
134,24.413
135,24.098
136,23.762
137,23.403
138,23.021
139,22.614
140,22.182
141,21.725
142,21.242
143,20.732
144,20.195
145,19.631
146,19.039
147,18.419
148,17.772
149,17.097
150,16.394
151,15.664
152,14.906
153,14.122
154,13.311
155,12.473
156,11.61
157,10.722
158,9.8083
159,8.8706
160,7.9092
161,6.9246
162,5.9174
163,4.8882
164,3.8377
165,2.7663
166,1.6746
167,0.56339
168,-0.5669
169,-1.7156
170,-2.8823
171,-4.0663
172,-5.2671
173,-6.4842
174,-7.717
175,-8.9651
176,-10.228
177,-11.505
178,-12.796
179,-14.101
180,-15.418
181,-16.748
182,-18.09
183,-19.444
184,-20.809
185,-22.185
186,-23.572
187,-24.97
188,-26.377
189,-27.794
190,-29.221
191,-30.657
192,-32.101
193,-33.554
194,-35.016
195,-36.485
196,-37.963
197,-39.448
198,-40.941
199,-42.44
200,-43.947
