0,17.415
1,17.414
2,17.412
3,17.41
4,17.408
5,17.406
6,17.404
7,17.403
8,17.401
9,17.399
10,17.397
11,17.395
12,17.393
13,17.392
14,17.39
15,17.388
16,17.386
17,17.384
18,17.382
19,17.381
20,17.379
21,17.377
22,17.375
23,17.373
24,17.371
25,17.37
26,17.368
27,17.366
28,17.364
29,17.362
30,17.36
31,17.359
32,17.357
33,17.355
34,17.353
35,17.351
36,17.349
37,17.347
38,17.346
39,17.344
40,17.342
41,17.34
42,17.338
43,17.336
44,17.335
45,17.333
46,17.331
47,17.329
48,17.327
49,17.325
50,17.323
51,17.321
52,17.319
53,17.318
54,17.316
55,17.314
56,17.312
57,17.31
58,17.308
59,17.306
60,17.304
61,17.302
62,17.3
63,17.298
64,17.296
65,17.294
66,17.292
67,17.29
68,17.287
69,17.285
70,17.283
71,17.281
72,17.278
73,17.276
74,17.274
75,17.271
76,17.269
77,17.266
78,17.263
79,17.26
80,17.258
81,17.255
82,17.251
83,17.248
84,17.245
85,17.241
86,17.237
87,17.234
88,17.229
89,17.225
90,17.22
91,17.215
92,17.21
93,17.205
94,17.199
95,17.192
96,17.185
97,17.178
98,17.17
99,17.161
100,17.152
101,17.142
102,17.131
103,17.119
104,17.106
105,17.093
106,17.077
107,17.061
108,17.043
109,17.023
110,17.002
111,16.978
112,16.953
113,16.925
114,16.894
115,16.861
116,16.824
117,16.784
118,16.741
119,16.693
120,16.64
121,16.583
122,16.521
123,16.452
124,16.377
125,16.296
126,16.207
127,16.11
128,16.004
129,15.888
130,15.763
131,15.626
132,15.477
133,15.316
134,15.141
135,14.952
136,14.748
137,14.527
138,14.288
139,14.032
140,13.756
141,13.46
142,13.143
143,12.803
144,12.441
145,12.056
146,11.646
147,11.21
148,10.749
149,10.262
150,9.7481
151,9.2069
152,8.6382
153,8.0419
154,7.4178
155,6.7658
156,6.086
157,5.3785
158,4.6434
159,3.8809
160,3.0915
161,2.2754
162,1.4331
163,0.56494
164,-0.32852
165,-1.2468
166,-2.1893
167,-3.1556
168,-4.145
169,-5.1569
170,-6.1907
171,-7.2459
172,-8.3219
173,-9.418
174,-10.534
175,-11.668
176,-12.821
177,-13.992
178,-15.18
179,-16.385
180,-17.606
181,-18.843
182,-20.095
183,-21.361
184,-22.642
185,-23.937
186,-25.244
187,-26.565
188,-27.899
189,-29.244
190,-30.601
191,-31.969
192,-33.349
193,-34.739
194,-36.139
195,-37.549
196,-38.969
197,-40.399
198,-41.837
199,-43.284
200,-44.74
