0,12.821
1,12.819
2,12.818
3,12.816
4,12.814
5,12.812
6,12.81
7,12.808
8,12.807
9,12.805
10,12.803
11,12.801
12,12.799
13,12.797
14,12.796
15,12.794
16,12.792
17,12.79
18,12.788
19,12.786
20,12.785
21,12.783
22,12.781
23,12.779
24,12.777
25,12.775
26,12.774
27,12.772
28,12.77
29,12.768
30,12.766
31,12.764
32,12.763
33,12.761
34,12.759
35,12.757
36,12.755
37,12.753
38,12.752
39,12.75
40,12.748
41,12.746
42,12.744
43,12.742
44,12.741
45,12.739
46,12.737
47,12.735
48,12.733
49,12.731
50,12.73
51,12.728
52,12.726
53,12.724
54,12.722
55,12.72
56,12.718
57,12.717
58,12.715
59,12.713
60,12.711
61,12.709
62,12.707
63,12.705
64,12.703
65,12.702
66,12.7
67,12.698
68,12.696
69,12.694
70,12.692
71,12.69
72,12.688
73,12.686
74,12.684
75,12.682
76,12.68
77,12.678
78,12.676
79,12.674
80,12.672
81,12.67
82,12.668
83,12.665
84,12.663
85,12.661
86,12.659
87,12.656
88,12.654
89,12.651
90,12.649
91,12.646
92,12.643
93,12.64
94,12.637
95,12.634
96,12.631
97,12.628
98,12.624
99,12.621
100,12.617
101,12.613
102,12.608
103,12.604
104,12.599
105,12.594
106,12.588
107,12.582
108,12.576
109,12.569
110,12.562
111,12.554
112,12.545
113,12.536
114,12.526
115,12.515
116,12.503
117,12.49
118,12.476
119,12.46
120,12.444
121,12.425
122,12.405
123,12.383
124,12.359
125,12.333
126,12.304
127,12.272
128,12.238
129,12.2
130,12.158
131,12.113
132,12.062
133,12.008
134,11.947
135,11.881
136,11.809
137,11.73
138,11.644
139,11.549
140,11.446
141,11.333
142,11.21
143,11.075
144,10.929
145,10.77
146,10.597
147,10.409
148,10.206
149,9.9855
150,9.7476
151,9.491
152,9.2146
153,8.9174
154,8.5986
155,8.257
156,7.892
157,7.5025
158,7.0878
159,6.6472
160,6.1801
161,5.6858
162,5.164
163,4.6143
164,4.0362
165,3.4298
166,2.7948
167,2.1312
168,1.4391
169,0.71856
170,-0.030097
171,-0.80663
172,-1.6107
173,-2.4419
174,-3.2997
175,-4.1837
176,-5.0934
177,-6.0282
178,-6.9874
179,-7.9706
180,-8.977
181,-10.006
182,-11.057
183,-12.13
184,-13.223
185,-14.336
186,-15.469
187,-16.621
188,-17.791
189,-18.979
190,-20.184
191,-21.406
192,-22.644
193,-23.897
194,-25.165
195,-26.448
196,-27.745
197,-29.056
198,-30.379
199,-31.715
200,-33.064
