0,14.518
1,14.516
2,14.514
3,14.512
4,14.511
5,14.509
6,14.507
7,14.505
8,14.503
9,14.501
10,14.5
11,14.498
12,14.496
13,14.494
14,14.492
15,14.49
16,14.489
17,14.487
18,14.485
19,14.483
20,14.481
21,14.479
22,14.478
23,14.476
24,14.474
25,14.472
26,14.47
27,14.468
28,14.467
29,14.465
30,14.463
31,14.461
32,14.459
33,14.457
34,14.456
35,14.454
36,14.452
37,14.45
38,14.448
39,14.446
40,14.445
41,14.443
42,14.441
43,14.439
44,14.437
45,14.436
46,14.434
47,14.432
48,14.43
49,14.428
50,14.426
51,14.425
52,14.423
53,14.421
54,14.419
55,14.417
56,14.415
57,14.413
58,14.412
59,14.41
60,14.408
61,14.406
62,14.404
63,14.402
64,14.401
65,14.399
66,14.397
67,14.395
68,14.393
69,14.391
70,14.39
71,14.388
72,14.386
73,14.384
74,14.382
75,14.38
76,14.378
77,14.377
78,14.375
79,14.373
80,14.371
81,14.369
82,14.367
83,14.365
84,14.363
85,14.361
86,14.359
87,14.357
88,14.355
89,14.353
90,14.351
91,14.349
92,14.347
93,14.345
94,14.343
95,14.341
96,14.339
97,14.337
98,14.335
99,14.332
100,14.33
101,14.328
102,14.325
103,14.323
104,14.32
105,14.318
106,14.315
107,14.312
108,14.309
109,14.306
110,14.303
111,14.3
112,14.296
113,14.293
114,14.289
115,14.285
116,14.28
117,14.276
118,14.271
119,14.266
120,14.26
121,14.254
122,14.248
123,14.241
124,14.233
125,14.225
126,14.216
127,14.207
128,14.196
129,14.185
130,14.173
131,14.159
132,14.144
133,14.128
134,14.111
135,14.091
136,14.07
137,14.046
138,14.021
139,13.992
140,13.961
141,13.927
142,13.889
143,13.848
144,13.802
145,13.752
146,13.697
147,13.636
148,13.57
149,13.496
150,13.416
151,13.327
152,13.23
153,13.124
154,13.008
155,12.88
156,12.741
157,12.589
158,12.423
159,12.242
160,12.045
161,11.832
162,11.6
163,11.35
164,11.079
165,10.787
166,10.473
167,10.135
168,9.773
169,9.3858
170,8.9726
171,8.5325
172,8.0649
173,7.5692
174,7.0449
175,6.4915
176,5.9088
177,5.2965
178,4.6547
179,3.9832
180,3.2821
181,2.5518
182,1.7923
183,1.004
184,0.18736
185,-0.65718
186,-1.5291
187,-2.4279
188,-3.3529
189,-4.3036
190,-5.2793
191,-6.2793
192,-7.303
193,-8.3496
194,-9.4186
195,-10.509
196,-11.621
197,-12.753
198,-13.904
199,-15.075
200,-16.263
