0,19.31
1,19.309
2,19.307
3,19.305
4,19.303
5,19.301
6,19.299
7,19.298
8,19.296
9,19.294
10,19.292
11,19.29
12,19.288
13,19.287
14,19.285
15,19.283
16,19.281
17,19.279
18,19.277
19,19.276
20,19.274
21,19.272
22,19.27
23,19.268
24,19.266
25,19.265
26,19.263
27,19.261
28,19.259
29,19.257
30,19.255
31,19.254
32,19.252
33,19.25
34,19.248
35,19.246
36,19.244
37,19.243
38,19.241
39,19.239
40,19.237
41,19.235
42,19.234
43,19.232
44,19.23
45,19.228
46,19.226
47,19.224
48,19.223
49,19.221
50,19.219
51,19.217
52,19.215
53,19.213
54,19.212
55,19.21
56,19.208
57,19.206
58,19.204
59,19.202
60,19.2
61,19.199
62,19.197
63,19.195
64,19.193
65,19.191
66,19.189
67,19.188
68,19.186
69,19.184
70,19.182
71,19.18
72,19.178
73,19.177
74,19.175
75,19.173
76,19.171
77,19.169
78,19.167
79,19.165
80,19.163
81,19.162
82,19.16
83,19.158
84,19.156
85,19.154
86,19.152
87,19.15
88,19.148
89,19.146
90,19.144
91,19.142
92,19.14
93,19.138
94,19.136
95,19.134
96,19.132
97,19.13
98,19.128
99,19.126
100,19.123
101,19.121
102,19.119
103,19.116
104,19.114
105,19.112
106,19.109
107,19.106
108,19.104
109,19.101
110,19.098
111,19.095
112,19.092
113,19.088
114,19.085
115,19.081
116,19.077
117,19.073
118,19.068
119,19.064
120,19.059
121,19.053
122,19.048
123,19.041
124,19.035
125,19.027
126,19.02
127,19.011
128,19.002
129,18.992
130,18.981
131,18.969
132,18.956
133,18.942
134,18.926
135,18.909
136,18.89
137,18.87
138,18.847
139,18.822
140,18.795
141,18.765
142,18.732
143,18.695
144,18.655
145,18.61
146,18.562
147,18.508
148,18.449
149,18.384
150,18.312
151,18.233
152,18.147
153,18.052
154,17.947
155,17.833
156,17.708
157,17.57
158,17.42
159,17.257
160,17.078
161,16.884
162,16.672
163,16.443
164,16.194
165,15.925
166,15.635
167,15.322
168,14.986
169,14.625
170,14.239
171,13.827
172,13.387
173,12.92
174,12.424
175,11.9
176,11.346
177,10.762
178,10.148
179,9.5051
180,8.8318
181,8.1286
182,7.3958
183,6.6337
184,5.8425
185,5.0227
186,4.1748
187,3.2992
188,2.3967
189,1.4676
190,0.51283
191,-0.46711
192,-1.4715
193,-2.4997
194,-3.551
195,-4.6246
196,-5.72
197,-6.8364
198,-7.9731
199,-9.1295
200,-10.305
