0,19.146
1,19.144
2,19.142
3,19.141
4,19.139
5,19.137
6,19.135
7,19.133
8,19.131
9,19.13
10,19.128
11,19.126
12,19.124
13,19.122
14,19.12
15,19.119
16,19.117
17,19.115
18,19.113
19,19.111
20,19.109
21,19.108
22,19.106
23,19.104
24,19.102
25,19.1
26,19.098
27,19.097
28,19.095
29,19.093
30,19.091
31,19.089
32,19.087
33,19.085
34,19.084
35,19.082
36,19.08
37,19.078
38,19.076
39,19.074
40,19.073
41,19.071
42,19.069
43,19.067
44,19.065
45,19.063
46,19.061
47,19.06
48,19.058
49,19.056
50,19.054
51,19.052
52,19.05
53,19.048
54,19.046
55,19.044
56,19.042
57,19.041
58,19.039
59,19.037
60,19.035
61,19.033
62,19.031
63,19.029
64,19.027
65,19.025
66,19.022
67,19.02
68,19.018
69,19.016
70,19.014
71,19.012
72,19.009
73,19.007
74,19.005
75,19.002
76,19
77,18.997
78,18.994
79,18.992
80,18.989
81,18.986
82,18.983
83,18.98
84,18.976
85,18.973
86,18.969
87,18.965
88,18.961
89,18.957
90,18.952
91,18.948
92,18.942
93,18.937
94,18.931
95,18.925
96,18.918
97,18.911
98,18.903
99,18.895
100,18.886
101,18.876
102,18.866
103,18.854
104,18.842
105,18.829
106,18.814
107,18.798
108,18.781
109,18.762
110,18.741
111,18.718
112,18.694
113,18.667
114,18.637
115,18.605
116,18.569
117,18.531
118,18.488
119,18.442
120,18.391
121,18.336
122,18.275
123,18.209
124,18.137
125,18.058
126,17.971
127,17.877
128,17.774
129,17.662
130,17.539
131,17.406
132,17.262
133,17.105
134,16.934
135,16.75
136,16.55
137,16.334
138,16.101
139,15.85
140,15.58
141,15.29
142,14.98
143,14.647
144,14.291
145,13.912
146,13.509
147,13.081
148,12.627
149,12.147
150,11.64
151,11.106
152,10.545
153,9.9555
154,9.3385
155,8.6935
156,8.0205
157,7.3198
158,6.5913
159,5.8354
160,5.0523
161,4.2423
162,3.406
163,2.5436
164,1.6557
165,0.74285
166,-0.1945
167,-1.1557
168,-2.1403
169,-3.1476
170,-4.1771
171,-5.228
172,-6.2999
173,-7.3922
174,-8.5041
175,-9.6352
176,-10.785
177,-11.953
178,-13.138
179,-14.34
180,-15.558
181,-16.792
182,-18.041
183,-19.306
184,-20.584
185,-21.877
186,-23.182
187,-24.501
188,-25.833
189,-27.177
190,-28.532
191,-29.899
192,-31.277
193,-32.665
194,-34.065
195,-35.474
196,-36.892
197,-38.321
198,-39.758
199,-41.204
200,-42.659
