0,26.057
1,26.055
2,26.053
3,26.051
4,26.05
5,26.048
6,26.046
7,26.044
8,26.042
9,26.04
10,26.039
11,26.037
12,26.035
13,26.033
14,26.031
15,26.029
16,26.028
17,26.026
18,26.024
19,26.022
20,26.02
21,26.018
22,26.017
23,26.015
24,26.013
25,26.011
26,26.009
27,26.007
28,26.006
29,26.004
30,26.002
31,26
32,25.998
33,25.996
34,25.995
35,25.993
36,25.991
37,25.989
38,25.987
39,25.985
40,25.984
41,25.982
42,25.98
43,25.978
44,25.976
45,25.975
46,25.973
47,25.971
48,25.969
49,25.967
50,25.965
51,25.964
52,25.962
53,25.96
54,25.958
55,25.956
56,25.954
57,25.953
58,25.951
59,25.949
60,25.947
61,25.945
62,25.943
63,25.942
64,25.94
65,25.938
66,25.936
67,25.934
68,25.932
69,25.93
70,25.929
71,25.927
72,25.925
73,25.923
74,25.921
75,25.919
76,25.918
77,25.916
78,25.914
79,25.912
80,25.91
81,25.908
82,25.906
83,25.904
84,25.903
85,25.901
86,25.899
87,25.897
88,25.895
89,25.893
90,25.891
91,25.889
92,25.887
93,25.885
94,25.883
95,25.881
96,25.879
97,25.877
98,25.875
99,25.873
100,25.871
101,25.869
102,25.866
103,25.864
104,25.862
105,25.859
106,25.857
107,25.855
108,25.852
109,25.849
110,25.847
111,25.844
112,25.841
113,25.838
114,25.835
115,25.831
116,25.828
117,25.824
118,25.82
119,25.816
120,25.811
121,25.807
122,25.802
123,25.796
124,25.79
125,25.784
126,25.777
127,25.77
128,25.762
129,25.753
130,25.744
131,25.734
132,25.723
133,25.71
134,25.697
135,25.682
136,25.666
137,25.649
138,25.629
139,25.608
140,25.585
141,25.559
142,25.53
143,25.499
144,25.464
145,25.426
146,25.384
147,25.338
148,25.287
149,25.23
150,25.168
151,25.1
152,25.024
153,24.941
154,24.85
155,24.75
156,24.64
157,24.519
158,24.386
159,24.241
160,24.082
161,23.909
162,23.72
163,23.514
164,23.29
165,23.047
166,22.783
167,22.499
168,22.191
169,21.861
170,21.505
171,21.124
172,20.717
173,20.282
174,19.819
175,19.328
176,18.807
177,18.257
178,17.676
179,17.065
180,16.424
181,15.753
182,15.051
183,14.319
184,13.558
185,12.767
186,11.947
187,11.099
188,10.222
189,9.3183
190,8.3878
191,7.4311
192,6.4489
193,5.4421
194,4.4112
195,3.357
196,2.2802
197,1.1815
198,0.061556
199,-1.0788
200,-2.2391
