0,29.426
1,29.424
2,29.422
3,29.421
4,29.419
5,29.417
6,29.415
7,29.413
8,29.411
9,29.41
10,29.408
11,29.406
12,29.404
13,29.402
14,29.4
15,29.399
16,29.397
17,29.395
18,29.393
19,29.391
20,29.389
21,29.388
22,29.386
23,29.384
24,29.382
25,29.38
26,29.378
27,29.376
28,29.375
29,29.373
30,29.371
31,29.369
32,29.367
33,29.365
34,29.364
35,29.362
36,29.36
37,29.358
38,29.356
39,29.354
40,29.352
41,29.35
42,29.349
43,29.347
44,29.345
45,29.343
46,29.341
47,29.339
48,29.337
49,29.335
50,29.333
51,29.331
52,29.329
53,29.327
54,29.326
55,29.324
56,29.321
57,29.319
58,29.317
59,29.315
60,29.313
61,29.311
62,29.309
63,29.307
64,29.304
65,29.302
66,29.3
67,29.297
68,29.295
69,29.293
70,29.29
71,29.287
72,29.285
73,29.282
74,29.279
75,29.276
76,29.273
77,29.269
78,29.266
79,29.262
80,29.259
81,29.255
82,29.25
83,29.246
84,29.241
85,29.236
86,29.231
87,29.225
88,29.219
89,29.213
90,29.206
91,29.198
92,29.19
93,29.181
94,29.172
95,29.161
96,29.15
97,29.138
98,29.125
99,29.111
100,29.095
101,29.078
102,29.06
103,29.04
104,29.018
105,28.994
106,28.968
107,28.939
108,28.908
109,28.874
110,28.837
111,28.796
112,28.751
113,28.702
114,28.649
115,28.59
116,28.526
117,28.456
118,28.38
119,28.296
120,28.205
121,28.106
122,27.998
123,27.88
124,27.751
125,27.612
126,27.46
127,27.296
128,27.117
129,26.924
130,26.716
131,26.49
132,26.248
133,25.986
134,25.705
135,25.404
136,25.081
137,24.737
138,24.369
139,23.977
140,23.561
141,23.119
142,22.651
143,22.157
144,21.637
145,21.089
146,20.513
147,19.91
148,19.279
149,18.62
150,17.933
151,17.218
152,16.476
153,15.707
154,14.911
155,14.088
156,13.239
157,12.365
158,11.465
159,10.541
160,9.5919
161,8.6198
162,7.6247
163,6.6072
164,5.568
165,4.5075
166,3.4264
167,2.3254
168,1.2049
169,0.065615
170,-1.0919
171,-2.2671
172,-3.4595
173,-4.6685
174,-5.8935
175,-7.134
176,-8.3897
177,-9.6599
178,-10.944
179,-12.242
180,-13.553
181,-14.877
182,-16.214
183,-17.562
184,-18.922
185,-20.293
186,-21.675
187,-23.068
188,-24.471
189,-25.884
190,-27.306
191,-28.738
192,-30.178
193,-31.628
194,-33.086
195,-34.552
196,-36.026
197,-37.508
198,-38.997
199,-40.494
200,-41.998
