0,19.588
1,19.587
2,19.585
3,19.583
4,19.581
5,19.579
6,19.577
7,19.576
8,19.574
9,19.572
10,19.57
11,19.568
12,19.566
13,19.565
14,19.563
15,19.561
16,19.559
17,19.557
18,19.555
19,19.554
20,19.552
21,19.55
22,19.548
23,19.546
24,19.544
25,19.543
26,19.541
27,19.539
28,19.537
29,19.535
30,19.533
31,19.532
32,19.53
33,19.528
34,19.526
35,19.524
36,19.522
37,19.521
38,19.519
39,19.517
40,19.515
41,19.513
42,19.511
43,19.51
44,19.508
45,19.506
46,19.504
47,19.502
48,19.5
49,19.499
50,19.497
51,19.495
52,19.493
53,19.491
54,19.489
55,19.487
56,19.486
57,19.484
58,19.482
59,19.48
60,19.478
61,19.476
62,19.474
63,19.473
64,19.471
65,19.469
66,19.467
67,19.465
68,19.463
69,19.461
70,19.459
71,19.457
72,19.455
73,19.453
74,19.451
75,19.449
76,19.447
77,19.445
78,19.443
79,19.441
80,19.439
81,19.437
82,19.435
83,19.433
84,19.431
85,19.428
86,19.426
87,19.424
88,19.421
89,19.419
90,19.416
91,19.414
92,19.411
93,19.408
94,19.405
95,19.402
96,19.399
97,19.396
98,19.393
99,19.389
100,19.385
101,19.381
102,19.377
103,19.373
104,19.368
105,19.363
106,19.358
107,19.352
108,19.346
109,19.339
110,19.332
111,19.324
112,19.316
113,19.307
114,19.297
115,19.287
116,19.275
117,19.263
118,19.249
119,19.234
120,19.218
121,19.2
122,19.181
123,19.16
124,19.136
125,19.111
126,19.083
127,19.052
128,19.018
129,18.981
130,18.941
131,18.896
132,18.847
133,18.794
134,18.735
135,18.671
136,18.6
137,18.522
138,18.437
139,18.344
140,18.243
141,18.131
142,18.01
143,17.877
144,17.733
145,17.576
146,17.404
147,17.218
148,17.017
149,16.798
150,16.562
151,16.307
152,16.032
153,15.736
154,15.418
155,15.077
156,14.713
157,14.324
158,13.91
159,13.469
160,13.002
161,12.507
162,11.984
163,11.433
164,10.854
165,10.246
166,9.6086
167,8.9427
168,8.2481
169,7.5248
170,6.7731
171,5.9932
172,5.1857
173,4.3508
174,3.489
175,2.6009
176,1.6869
177,0.74777
178,-0.21603
179,-1.2038
180,-2.215
181,-3.249
182,-4.305
183,-5.3825
184,-6.4808
185,-7.5993
186,-8.7373
187,-9.8943
188,-11.07
189,-12.263
190,-13.473
191,-14.7
192,-15.942
193,-17.201
194,-18.474
195,-19.762
196,-21.064
197,-22.379
198,-23.708
199,-25.049
200,-26.403
