0,17.48
1,17.478
2,17.476
3,17.474
4,17.472
5,17.471
6,17.469
7,17.467
8,17.465
9,17.463
10,17.461
11,17.46
12,17.458
13,17.456
14,17.454
15,17.452
16,17.45
17,17.449
18,17.447
19,17.445
20,17.443
21,17.441
22,17.439
23,17.438
24,17.436
25,17.434
26,17.432
27,17.43
28,17.428
29,17.427
30,17.425
31,17.423
32,17.421
33,17.419
34,17.417
35,17.415
36,17.414
37,17.412
38,17.41
39,17.408
40,17.406
41,17.404
42,17.403
43,17.401
44,17.399
45,17.397
46,17.395
47,17.393
48,17.391
49,17.389
50,17.387
51,17.386
52,17.384
53,17.382
54,17.38
55,17.378
56,17.376
57,17.374
58,17.372
59,17.37
60,17.368
61,17.366
62,17.364
63,17.362
64,17.36
65,17.358
66,17.356
67,17.353
68,17.351
69,17.349
70,17.347
71,17.344
72,17.342
73,17.339
74,17.337
75,17.334
76,17.332
77,17.329
78,17.326
79,17.323
80,17.32
81,17.317
82,17.314
83,17.31
84,17.307
85,17.303
86,17.299
87,17.295
88,17.29
89,17.285
90,17.28
91,17.275
92,17.269
93,17.263
94,17.256
95,17.249
96,17.242
97,17.233
98,17.225
99,17.215
100,17.205
101,17.194
102,17.181
103,17.168
104,17.154
105,17.138
106,17.121
107,17.103
108,17.082
109,17.06
110,17.036
111,17.01
112,16.981
113,16.95
114,16.915
115,16.878
116,16.837
117,16.792
118,16.743
119,16.689
120,16.63
121,16.566
122,16.496
123,16.419
124,16.336
125,16.244
126,16.145
127,16.037
128,15.918
129,15.79
130,15.65
131,15.499
132,15.334
133,15.156
134,14.963
135,14.754
136,14.529
137,14.287
138,14.026
139,13.745
140,13.444
141,13.122
142,12.778
143,12.411
144,12.02
145,11.605
146,11.164
147,10.698
148,10.205
149,9.6857
150,9.1391
151,8.5652
152,7.9636
153,7.3342
154,6.6771
155,5.9923
156,5.2798
157,4.5399
158,3.7729
159,2.9789
160,2.1585
161,1.3119
162,0.43971
163,-0.45765
164,-1.3797
165,-2.3258
166,-3.2954
167,-4.2881
168,-5.3031
169,-6.3399
170,-7.3979
171,-8.4765
172,-9.5751
173,-10.693
174,-11.83
175,-12.985
176,-14.158
177,-15.348
178,-16.555
179,-17.777
180,-19.016
181,-20.269
182,-21.537
183,-22.819
184,-24.115
185,-25.424
186,-26.746
187,-28.08
188,-29.426
189,-30.784
190,-32.153
191,-33.533
192,-34.924
193,-36.325
194,-37.736
195,-39.156
196,-40.586
197,-42.025
198,-43.473
199,-44.929
200,-46.393
