0,26.131
1,26.129
2,26.127
3,26.125
4,26.123
5,26.121
6,26.12
7,26.118
8,26.116
9,26.114
10,26.112
11,26.11
12,26.109
13,26.107
14,26.105
15,26.103
16,26.101
17,26.099
18,26.098
19,26.096
20,26.094
21,26.092
22,26.09
23,26.088
24,26.087
25,26.085
26,26.083
27,26.081
28,26.079
29,26.077
30,26.076
31,26.074
32,26.072
33,26.07
34,26.068
35,26.066
36,26.064
37,26.063
38,26.061
39,26.059
40,26.057
41,26.055
42,26.053
43,26.052
44,26.05
45,26.048
46,26.046
47,26.044
48,26.042
49,26.04
50,26.038
51,26.036
52,26.035
53,26.033
54,26.031
55,26.029
56,26.027
57,26.025
58,26.023
59,26.021
60,26.019
61,26.017
62,26.015
63,26.013
64,26.011
65,26.009
66,26.007
67,26.005
68,26.002
69,26
70,25.998
71,25.996
72,25.993
73,25.991
74,25.989
75,25.986
76,25.984
77,25.981
78,25.978
79,25.975
80,25.972
81,25.969
82,25.966
83,25.963
84,25.959
85,25.956
86,25.952
87,25.948
88,25.944
89,25.939
90,25.934
91,25.929
92,25.924
93,25.918
94,25.912
95,25.905
96,25.898
97,25.89
98,25.882
99,25.873
100,25.863
101,25.853
102,25.841
103,25.829
104,25.816
105,25.801
106,25.785
107,25.767
108,25.748
109,25.728
110,25.705
111,25.68
112,25.653
113,25.623
114,25.591
115,25.555
116,25.516
117,25.473
118,25.427
119,25.375
120,25.319
121,25.258
122,25.191
123,25.118
124,25.038
125,24.95
126,24.854
127,24.75
128,24.636
129,24.512
130,24.377
131,24.23
132,24.071
133,23.898
134,23.71
135,23.507
136,23.287
137,23.05
138,22.795
139,22.52
140,22.225
141,21.909
142,21.571
143,21.209
144,20.824
145,20.413
146,19.978
147,19.517
148,19.029
149,18.514
150,17.971
151,17.401
152,16.803
153,16.177
154,15.522
155,14.84
156,14.129
157,13.391
158,12.625
159,11.832
160,11.013
161,10.166
162,9.2941
163,8.3963
164,7.4736
165,6.5265
166,5.5556
167,4.5615
168,3.5447
169,2.506
170,1.4458
171,0.36478
172,-0.73639
173,-1.8572
174,-2.9969
175,-4.1551
176,-5.331
177,-6.5243
178,-7.7343
179,-8.9604
180,-10.202
181,-11.459
182,-12.731
183,-14.017
184,-15.316
185,-16.629
186,-17.955
187,-19.293
188,-20.643
189,-22.005
190,-23.378
191,-24.763
192,-26.157
193,-27.562
194,-28.977
195,-30.402
196,-31.835
197,-33.278
198,-34.73
199,-36.19
200,-37.658
