0,18.01
1,18.008
2,18.007
3,18.005
4,18.003
5,18.001
6,17.999
7,17.997
8,17.996
9,17.994
10,17.992
11,17.99
12,17.988
13,17.986
14,17.985
15,17.983
16,17.981
17,17.979
18,17.977
19,17.975
20,17.974
21,17.972
22,17.97
23,17.968
24,17.966
25,17.964
26,17.963
27,17.961
28,17.959
29,17.957
30,17.955
31,17.953
32,17.952
33,17.95
34,17.948
35,17.946
36,17.944
37,17.942
38,17.941
39,17.939
40,17.937
41,17.935
42,17.933
43,17.931
44,17.93
45,17.928
46,17.926
47,17.924
48,17.922
49,17.92
50,17.919
51,17.917
52,17.915
53,17.913
54,17.911
55,17.909
56,17.908
57,17.906
58,17.904
59,17.902
60,17.9
61,17.898
62,17.897
63,17.895
64,17.893
65,17.891
66,17.889
67,17.887
68,17.885
69,17.884
70,17.882
71,17.88
72,17.878
73,17.876
74,17.874
75,17.872
76,17.87
77,17.868
78,17.867
79,17.865
80,17.863
81,17.861
82,17.859
83,17.857
84,17.855
85,17.853
86,17.851
87,17.849
88,17.847
89,17.845
90,17.843
91,17.841
92,17.838
93,17.836
94,17.834
95,17.832
96,17.829
97,17.827
98,17.824
99,17.822
100,17.819
101,17.817
102,17.814
103,17.811
104,17.808
105,17.805
106,17.802
107,17.798
108,17.795
109,17.791
110,17.787
111,17.783
112,17.779
113,17.774
114,17.769
115,17.763
116,17.758
117,17.751
118,17.745
119,17.737
120,17.73
121,17.721
122,17.712
123,17.702
124,17.691
125,17.68
126,17.667
127,17.653
128,17.637
129,17.62
130,17.602
131,17.582
132,17.56
133,17.535
134,17.509
135,17.479
136,17.447
137,17.412
138,17.373
139,17.33
140,17.283
141,17.231
142,17.174
143,17.112
144,17.043
145,16.967
146,16.885
147,16.794
148,16.694
149,16.585
150,16.466
151,16.335
152,16.193
153,16.037
154,15.868
155,15.683
156,15.483
157,15.265
158,15.03
159,14.775
160,14.5
161,14.203
162,13.884
163,13.542
164,13.176
165,12.784
166,12.366
167,11.922
168,11.45
169,10.95
170,10.422
171,9.8645
172,9.2781
173,8.6623
174,8.017
175,7.3423
176,6.6383
177,5.9052
178,5.1432
179,4.3526
180,3.5339
181,2.6875
182,1.814
183,0.91375
184,-0.012511
185,-0.96421
186,-1.9407
187,-2.9414
188,-3.9655
189,-5.0125
190,-6.0816
191,-7.1722
192,-8.2836
193,-9.4152
194,-10.566
195,-11.736
196,-12.924
197,-14.13
198,-15.353
199,-16.593
200,-17.848
