0,11.878
1,11.876
2,11.874
3,11.872
4,11.87
5,11.868
6,11.867
7,11.865
8,11.863
9,11.861
10,11.859
11,11.857
12,11.856
13,11.854
14,11.852
15,11.85
16,11.848
17,11.846
18,11.845
19,11.843
20,11.841
21,11.839
22,11.837
23,11.835
24,11.834
25,11.832
26,11.83
27,11.828
28,11.826
29,11.824
30,11.823
31,11.821
32,11.819
33,11.817
34,11.815
35,11.813
36,11.812
37,11.81
38,11.808
39,11.806
40,11.804
41,11.802
42,11.8
43,11.799
44,11.797
45,11.795
46,11.793
47,11.791
48,11.789
49,11.788
50,11.786
51,11.784
52,11.782
53,11.78
54,11.778
55,11.776
56,11.774
57,11.773
58,11.771
59,11.769
60,11.767
61,11.765
62,11.763
63,11.761
64,11.759
65,11.757
66,11.755
67,11.753
68,11.751
69,11.749
70,11.747
71,11.745
72,11.743
73,11.741
74,11.739
75,11.737
76,11.735
77,11.732
78,11.73
79,11.728
80,11.725
81,11.723
82,11.721
83,11.718
84,11.715
85,11.713
86,11.71
87,11.707
88,11.704
89,11.701
90,11.698
91,11.694
92,11.691
93,11.687
94,11.683
95,11.679
96,11.674
97,11.67
98,11.665
99,11.66
100,11.654
101,11.648
102,11.641
103,11.635
104,11.627
105,11.619
106,11.61
107,11.601
108,11.591
109,11.58
110,11.568
111,11.555
112,11.541
113,11.525
114,11.508
115,11.49
116,11.47
117,11.448
118,11.424
119,11.398
120,11.369
121,11.338
122,11.304
123,11.266
124,11.225
125,11.18
126,11.131
127,11.077
128,11.018
129,10.953
130,10.883
131,10.805
132,10.721
133,10.629
134,10.528
135,10.418
136,10.299
137,10.168
138,10.027
139,9.8724
140,9.7051
141,9.5236
142,9.3271
143,9.1146
144,8.8851
145,8.6376
146,8.3711
147,8.0847
148,7.7775
149,7.4484
150,7.0966
151,6.7213
152,6.3216
153,5.8969
154,5.4464
155,4.9696
156,4.4659
157,3.935
158,3.3764
159,2.79
160,2.1756
161,1.533
162,0.86232
163,0.1636
164,-0.563
165,-1.3173
166,-2.0989
167,-2.9075
168,-3.7428
169,-4.6042
170,-5.4914
171,-6.4037
172,-7.3406
173,-8.3016
174,-9.2861
175,-10.293
176,-11.323
177,-12.374
178,-13.447
179,-14.54
180,-15.652
181,-16.784
182,-17.935
183,-19.103
184,-20.289
185,-21.492
186,-22.712
187,-23.947
188,-25.198
189,-26.463
190,-27.743
191,-29.037
192,-30.345
193,-31.665
194,-32.998
195,-34.343
196,-35.7
197,-37.069
198,-38.448
199,-39.839
200,-41.239
