0,26.125
1,26.124
2,26.122
3,26.12
4,26.118
5,26.116
6,26.114
7,26.113
8,26.111
9,26.109
10,26.107
11,26.105
12,26.103
13,26.102
14,26.1
15,26.098
16,26.096
17,26.094
18,26.092
19,26.091
20,26.089
21,26.087
22,26.085
23,26.083
24,26.081
25,26.08
26,26.078
27,26.076
28,26.074
29,26.072
30,26.07
31,26.069
32,26.067
33,26.065
34,26.063
35,26.061
36,26.059
37,26.058
38,26.056
39,26.054
40,26.052
41,26.05
42,26.048
43,26.047
44,26.045
45,26.043
46,26.041
47,26.039
48,26.037
49,26.036
50,26.034
51,26.032
52,26.03
53,26.028
54,26.026
55,26.024
56,26.022
57,26.021
58,26.019
59,26.017
60,26.015
61,26.013
62,26.011
63,26.009
64,26.007
65,26.005
66,26.003
67,26.001
68,25.999
69,25.997
70,25.995
71,25.993
72,25.991
73,25.989
74,25.987
75,25.985
76,25.983
77,25.981
78,25.979
79,25.976
80,25.974
81,25.972
82,25.969
83,25.967
84,25.964
85,25.962
86,25.959
87,25.956
88,25.953
89,25.95
90,25.947
91,25.944
92,25.94
93,25.937
94,25.933
95,25.929
96,25.925
97,25.92
98,25.916
99,25.911
100,25.905
101,25.899
102,25.893
103,25.887
104,25.879
105,25.872
106,25.863
107,25.854
108,25.845
109,25.834
110,25.822
111,25.81
112,25.796
113,25.781
114,25.765
115,25.747
116,25.728
117,25.707
118,25.683
119,25.658
120,25.63
121,25.599
122,25.566
123,25.529
124,25.489
125,25.445
126,25.396
127,25.343
128,25.284
129,25.22
130,25.15
131,25.074
132,24.99
133,24.898
134,24.797
135,24.687
136,24.567
137,24.436
138,24.294
139,24.138
140,23.969
141,23.786
142,23.587
143,23.372
144,23.139
145,22.888
146,22.617
147,22.325
148,22.012
149,21.677
150,21.318
151,20.935
152,20.527
153,20.093
154,19.632
155,19.144
156,18.629
157,18.086
158,17.515
159,16.915
160,16.286
161,15.629
162,14.943
163,14.229
164,13.486
165,12.716
166,11.917
167,11.092
168,10.239
169,9.3602
170,8.4555
171,7.5255
172,6.5708
173,5.592
174,4.5898
175,3.5647
176,2.5174
177,1.4485
178,0.35865
179,-0.75147
180,-1.8813
181,-3.0302
182,-4.1975
183,-5.3828
184,-6.5853
185,-7.8046
186,-9.0401
187,-10.291
188,-11.557
189,-12.838
190,-14.134
191,-15.442
192,-16.764
193,-18.099
194,-19.446
195,-20.806
196,-22.176
197,-23.558
198,-24.951
199,-26.355
200,-27.768
