0,27.287
1,27.285
2,27.283
3,27.281
4,27.279
5,27.277
6,27.276
7,27.274
8,27.272
9,27.27
10,27.268
11,27.266
12,27.265
13,27.263
14,27.261
15,27.259
16,27.257
17,27.255
18,27.254
19,27.252
20,27.25
21,27.248
22,27.246
23,27.244
24,27.243
25,27.241
26,27.239
27,27.237
28,27.235
29,27.233
30,27.232
31,27.23
32,27.228
33,27.226
34,27.224
35,27.222
36,27.221
37,27.219
38,27.217
39,27.215
40,27.213
41,27.211
42,27.21
43,27.208
44,27.206
45,27.204
46,27.202
47,27.2
48,27.198
49,27.197
50,27.195
51,27.193
52,27.191
53,27.189
54,27.187
55,27.185
56,27.184
57,27.182
58,27.18
59,27.178
60,27.176
61,27.174
62,27.172
63,27.17
64,27.168
65,27.166
66,27.164
67,27.162
68,27.16
69,27.158
70,27.156
71,27.154
72,27.152
73,27.15
74,27.148
75,27.146
76,27.144
77,27.142
78,27.139
79,27.137
80,27.135
81,27.132
82,27.13
83,27.127
84,27.125
85,27.122
86,27.119
87,27.117
88,27.114
89,27.111
90,27.107
91,27.104
92,27.1
93,27.097
94,27.093
95,27.089
96,27.084
97,27.08
98,27.075
99,27.07
100,27.064
101,27.058
102,27.051
103,27.045
104,27.037
105,27.029
106,27.02
107,27.011
108,27.001
109,26.989
110,26.977
111,26.964
112,26.95
113,26.934
114,26.917
115,26.898
116,26.878
117,26.855
118,26.831
119,26.804
120,26.774
121,26.742
122,26.706
123,26.667
124,26.625
125,26.578
126,26.527
127,26.47
128,26.409
129,26.341
130,26.267
131,26.186
132,26.097
133,26
134,25.894
135,25.778
136,25.652
137,25.514
138,25.363
139,25.2
140,25.023
141,24.83
142,24.621
143,24.396
144,24.152
145,23.889
146,23.605
147,23.301
148,22.975
149,22.625
150,22.252
151,21.853
152,21.43
153,20.98
154,20.503
155,19.999
156,19.467
157,18.906
158,18.318
159,17.701
160,17.055
161,16.38
162,15.677
163,14.946
164,14.186
165,13.399
166,12.584
167,11.742
168,10.873
169,9.9787
170,9.0587
171,8.1137
172,7.1443
173,6.1513
174,5.1352
175,4.0966
176,3.0361
177,1.9545
178,0.85236
179,-0.26974
180,-1.4112
181,-2.5713
182,-3.7495
183,-4.9453
184,-6.158
185,-7.3871
186,-8.6321
187,-9.8925
188,-11.168
189,-12.457
190,-13.761
191,-15.077
192,-16.407
193,-17.75
194,-19.104
195,-20.47
196,-21.848
197,-23.237
198,-24.636
199,-26.045
200,-27.465
