0,14.576
1,14.574
2,14.572
3,14.57
4,14.568
5,14.566
6,14.565
7,14.563
8,14.561
9,14.559
10,14.557
11,14.555
12,14.554
13,14.552
14,14.55
15,14.548
16,14.546
17,14.544
18,14.543
19,14.541
20,14.539
21,14.537
22,14.535
23,14.533
24,14.532
25,14.53
26,14.528
27,14.526
28,14.524
29,14.522
30,14.521
31,14.519
32,14.517
33,14.515
34,14.513
35,14.512
36,14.51
37,14.508
38,14.506
39,14.504
40,14.502
41,14.501
42,14.499
43,14.497
44,14.495
45,14.493
46,14.491
47,14.49
48,14.488
49,14.486
50,14.484
51,14.482
52,14.48
53,14.479
54,14.477
55,14.475
56,14.473
57,14.471
58,14.469
59,14.467
60,14.466
61,14.464
62,14.462
63,14.46
64,14.458
65,14.456
66,14.455
67,14.453
68,14.451
69,14.449
70,14.447
71,14.445
72,14.443
73,14.442
74,14.44
75,14.438
76,14.436
77,14.434
78,14.432
79,14.43
80,14.428
81,14.427
82,14.425
83,14.423
84,14.421
85,14.419
86,14.417
87,14.415
88,14.413
89,14.411
90,14.409
91,14.407
92,14.405
93,14.403
94,14.401
95,14.398
96,14.396
97,14.394
98,14.392
99,14.389
100,14.387
101,14.385
102,14.382
103,14.379
104,14.377
105,14.374
106,14.371
107,14.368
108,14.365
109,14.362
110,14.359
111,14.355
112,14.351
113,14.347
114,14.343
115,14.339
116,14.334
117,14.329
118,14.324
119,14.318
120,14.312
121,14.305
122,14.298
123,14.291
124,14.282
125,14.273
126,14.263
127,14.253
128,14.241
129,14.228
130,14.214
131,14.199
132,14.182
133,14.164
134,14.144
135,14.122
136,14.098
137,14.071
138,14.042
139,14.01
140,13.975
141,13.936
142,13.893
143,13.847
144,13.795
145,13.738
146,13.676
147,13.608
148,13.532
149,13.45
150,13.359
151,13.26
152,13.151
153,13.032
154,12.901
155,12.759
156,12.603
157,12.434
158,12.249
159,12.049
160,11.831
161,11.595
162,11.34
163,11.065
164,10.768
165,10.449
166,10.106
167,9.7386
168,9.3461
169,8.9275
170,8.4819
171,8.0088
172,7.5075
173,6.9777
174,6.4188
175,5.8306
176,5.213
177,4.5659
178,3.8893
179,3.1832
180,2.4479
181,1.6836
182,0.89078
183,0.069715
184,-0.77909
185,-1.6551
186,-2.5578
187,-3.4866
188,-4.4408
189,-5.4199
190,-6.4231
191,-7.4498
192,-8.4993
193,-9.571
194,-10.664
195,-11.778
196,-12.912
197,-14.066
198,-15.238
199,-16.429
200,-17.637
