0,14.597
1,14.595
2,14.593
3,14.592
4,14.59
5,14.588
6,14.586
7,14.584
8,14.582
9,14.581
10,14.579
11,14.577
12,14.575
13,14.573
14,14.571
15,14.57
16,14.568
17,14.566
18,14.564
19,14.562
20,14.56
21,14.559
22,14.557
23,14.555
24,14.553
25,14.551
26,14.55
27,14.548
28,14.546
29,14.544
30,14.542
31,14.54
32,14.539
33,14.537
34,14.535
35,14.533
36,14.531
37,14.529
38,14.528
39,14.526
40,14.524
41,14.522
42,14.52
43,14.518
44,14.517
45,14.515
46,14.513
47,14.511
48,14.509
49,14.507
50,14.506
51,14.504
52,14.502
53,14.5
54,14.498
55,14.496
56,14.495
57,14.493
58,14.491
59,14.489
60,14.487
61,14.485
62,14.484
63,14.482
64,14.48
65,14.478
66,14.476
67,14.474
68,14.473
69,14.471
70,14.469
71,14.467
72,14.465
73,14.463
74,14.462
75,14.46
76,14.458
77,14.456
78,14.454
79,14.452
80,14.45
81,14.449
82,14.447
83,14.445
84,14.443
85,14.441
86,14.439
87,14.437
88,14.436
89,14.434
90,14.432
91,14.43
92,14.428
93,14.426
94,14.424
95,14.422
96,14.42
97,14.419
98,14.417
99,14.415
100,14.413
101,14.411
102,14.409
103,14.407
104,14.405
105,14.403
106,14.4
107,14.398
108,14.396
109,14.394
110,14.392
111,14.389
112,14.387
113,14.385
114,14.382
115,14.38
116,14.377
117,14.374
118,14.372
119,14.369
120,14.366
121,14.362
122,14.359
123,14.356
124,14.352
125,14.348
126,14.344
127,14.34
128,14.335
129,14.33
130,14.325
131,14.319
132,14.313
133,14.306
134,14.299
135,14.291
136,14.283
137,14.274
138,14.264
139,14.253
140,14.241
141,14.228
142,14.214
143,14.198
144,14.181
145,14.162
146,14.141
147,14.118
148,14.093
149,14.065
150,14.035
151,14.001
152,13.964
153,13.922
154,13.877
155,13.827
156,13.772
157,13.711
158,13.644
159,13.57
160,13.489
161,13.399
162,13.301
163,13.193
164,13.074
165,12.943
166,12.801
167,12.644
168,12.474
169,12.287
170,12.084
171,11.863
172,11.624
173,11.364
174,11.082
175,10.779
176,10.452
177,10.1
178,9.7227
179,9.319
180,8.888
181,8.4289
182,7.9411
183,7.424
184,6.8772
185,6.3003
186,5.693
187,5.0554
188,4.3872
189,3.6887
190,2.9601
191,2.2015
192,1.4133
193,0.59595
194,-0.25003
195,-1.1241
196,-2.0258
197,-2.9543
198,-3.9091
199,-4.8895
200,-5.8947
