0,15.386
1,15.384
2,15.383
3,15.381
4,15.379
5,15.377
6,15.375
7,15.373
8,15.372
9,15.37
10,15.368
11,15.366
12,15.364
13,15.362
14,15.361
15,15.359
16,15.357
17,15.355
18,15.353
19,15.351
20,15.35
21,15.348
22,15.346
23,15.344
24,15.342
25,15.34
26,15.339
27,15.337
28,15.335
29,15.333
30,15.331
31,15.329
32,15.328
33,15.326
34,15.324
35,15.322
36,15.32
37,15.318
38,15.317
39,15.315
40,15.313
41,15.311
42,15.309
43,15.307
44,15.306
45,15.304
46,15.302
47,15.3
48,15.298
49,15.296
50,15.295
51,15.293
52,15.291
53,15.289
54,15.287
55,15.285
56,15.284
57,15.282
58,15.28
59,15.278
60,15.276
61,15.274
62,15.273
63,15.271
64,15.269
65,15.267
66,15.265
67,15.263
68,15.262
69,15.26
70,15.258
71,15.256
72,15.254
73,15.252
74,15.251
75,15.249
76,15.247
77,15.245
78,15.243
79,15.241
80,15.239
81,15.238
82,15.236
83,15.234
84,15.232
85,15.23
86,15.228
87,15.226
88,15.224
89,15.222
90,15.22
91,15.219
92,15.217
93,15.215
94,15.213
95,15.211
96,15.209
97,15.207
98,15.205
99,15.203
100,15.2
101,15.198
102,15.196
103,15.194
104,15.192
105,15.189
106,15.187
107,15.185
108,15.182
109,15.18
110,15.177
111,15.174
112,15.172
113,15.169
114,15.166
115,15.163
116,15.159
117,15.156
118,15.152
119,15.148
120,15.144
121,15.14
122,15.135
123,15.13
124,15.125
125,15.12
126,15.114
127,15.107
128,15.1
129,15.092
130,15.084
131,15.075
132,15.066
133,15.055
134,15.043
135,15.031
136,15.017
137,15.002
138,14.985
139,14.967
140,14.947
141,14.925
142,14.901
143,14.875
144,14.845
145,14.813
146,14.778
147,14.739
148,14.696
149,14.648
150,14.596
151,14.539
152,14.475
153,14.406
154,14.329
155,14.245
156,14.152
157,14.05
158,13.939
159,13.816
160,13.682
161,13.536
162,13.376
163,13.201
164,13.011
165,12.804
166,12.579
167,12.335
168,12.071
169,11.786
170,11.478
171,11.148
172,10.792
173,10.412
174,10.005
175,9.5717
176,9.1103
177,8.6205
178,8.1018
179,7.5537
180,6.976
181,6.3683
182,5.7306
183,5.0629
184,4.3652
185,3.6378
186,2.8808
187,2.0946
188,1.2796
189,0.43634
190,-0.43473
191,-1.333
192,-2.258
193,-3.2089
194,-4.1851
195,-5.186
196,-6.2108
197,-7.2589
198,-8.3295
199,-9.4221
200,-10.536
