0,26.604
1,26.602
2,26.6
3,26.598
4,26.597
5,26.595
6,26.593
7,26.591
8,26.589
9,26.587
10,26.586
11,26.584
12,26.582
13,26.58
14,26.578
15,26.576
16,26.575
17,26.573
18,26.571
19,26.569
20,26.567
21,26.565
22,26.564
23,26.562
24,26.56
25,26.558
26,26.556
27,26.554
28,26.553
29,26.551
30,26.549
31,26.547
32,26.545
33,26.543
34,26.542
35,26.54
36,26.538
37,26.536
38,26.534
39,26.532
40,26.531
41,26.529
42,26.527
43,26.525
44,26.523
45,26.521
46,26.52
47,26.518
48,26.516
49,26.514
50,26.512
51,26.51
52,26.508
53,26.507
54,26.505
55,26.503
56,26.501
57,26.499
58,26.497
59,26.495
60,26.494
61,26.492
62,26.49
63,26.488
64,26.486
65,26.484
66,26.482
67,26.48
68,26.478
69,26.476
70,26.474
71,26.472
72,26.47
73,26.468
74,26.466
75,26.464
76,26.462
77,26.46
78,26.458
79,26.455
80,26.453
81,26.451
82,26.448
83,26.446
84,26.444
85,26.441
86,26.438
87,26.436
88,26.433
89,26.43
90,26.427
91,26.424
92,26.421
93,26.417
94,26.414
95,26.41
96,26.406
97,26.402
98,26.397
99,26.393
100,26.388
101,26.382
102,26.377
103,26.37
104,26.364
105,26.357
106,26.349
107,26.341
108,26.332
109,26.322
110,26.312
111,26.3
112,26.288
113,26.274
114,26.259
115,26.243
116,26.225
117,26.206
118,26.185
119,26.162
120,26.136
121,26.109
122,26.078
123,26.045
124,26.008
125,25.968
126,25.923
127,25.875
128,25.822
129,25.763
130,25.699
131,25.629
132,25.553
133,25.468
134,25.376
135,25.276
136,25.166
137,25.045
138,24.914
139,24.771
140,24.616
141,24.446
142,24.263
143,24.063
144,23.847
145,23.613
146,23.361
147,23.089
148,22.797
149,22.482
150,22.145
151,21.785
152,21.4
153,20.99
154,20.554
155,20.091
156,19.602
157,19.084
158,18.539
159,17.965
160,17.362
161,16.731
162,16.071
163,15.382
164,14.664
165,13.919
166,13.145
167,12.343
168,11.514
169,10.658
170,9.7762
171,8.8681
172,7.9348
173,6.9768
174,5.9947
175,4.9891
176,3.9607
177,2.9101
178,1.838
179,0.74494
180,-0.36838
181,-1.5013
182,-2.6533
183,-3.8238
184,-5.012
185,-6.2176
186,-7.4398
187,-8.6782
188,-9.9322
189,-11.201
190,-12.485
191,-13.783
192,-15.094
193,-16.419
194,-17.756
195,-19.106
196,-20.468
197,-21.841
198,-23.225
199,-24.62
200,-26.026
