0,19.671
1,19.669
2,19.667
3,19.666
4,19.664
5,19.662
6,19.66
7,19.658
8,19.656
9,19.655
10,19.653
11,19.651
12,19.649
13,19.647
14,19.645
15,19.644
16,19.642
17,19.64
18,19.638
19,19.636
20,19.634
21,19.633
22,19.631
23,19.629
24,19.627
25,19.625
26,19.623
27,19.622
28,19.62
29,19.618
30,19.616
31,19.614
32,19.612
33,19.611
34,19.609
35,19.607
36,19.605
37,19.603
38,19.601
39,19.6
40,19.598
41,19.596
42,19.594
43,19.592
44,19.59
45,19.588
46,19.587
47,19.585
48,19.583
49,19.581
50,19.579
51,19.577
52,19.575
53,19.573
54,19.571
55,19.57
56,19.568
57,19.566
58,19.564
59,19.562
60,19.56
61,19.558
62,19.556
63,19.554
64,19.552
65,19.55
66,19.548
67,19.546
68,19.544
69,19.542
70,19.539
71,19.537
72,19.535
73,19.533
74,19.53
75,19.528
76,19.525
77,19.523
78,19.52
79,19.518
80,19.515
81,19.512
82,19.509
83,19.506
84,19.503
85,19.5
86,19.496
87,19.493
88,19.489
89,19.485
90,19.481
91,19.476
92,19.471
93,19.466
94,19.461
95,19.455
96,19.449
97,19.442
98,19.435
99,19.427
100,19.419
101,19.41
102,19.4
103,19.39
104,19.378
105,19.366
106,19.353
107,19.338
108,19.322
109,19.305
110,19.286
111,19.265
112,19.243
113,19.218
114,19.191
115,19.161
116,19.129
117,19.094
118,19.055
119,19.013
120,18.966
121,18.916
122,18.86
123,18.8
124,18.733
125,18.661
126,18.581
127,18.495
128,18.4
129,18.297
130,18.184
131,18.061
132,17.928
133,17.783
134,17.625
135,17.454
136,17.269
137,17.068
138,16.851
139,16.617
140,16.364
141,16.093
142,15.801
143,15.489
144,15.154
145,14.797
146,14.416
147,14.01
148,13.58
149,13.123
150,12.64
151,12.13
152,11.594
153,11.029
154,10.437
155,9.8162
156,9.1678
157,8.4914
158,7.787
159,7.0549
160,6.2953
161,5.5085
162,4.6948
163,3.8546
164,2.9885
165,2.0968
166,1.1801
167,0.23897
168,-0.72606
169,-1.7144
170,-2.7254
171,-3.7586
172,-4.8132
173,-5.8887
174,-6.9845
175,-8.1
176,-9.2346
177,-10.388
178,-11.559
179,-12.747
180,-13.952
181,-15.174
182,-16.411
183,-17.664
184,-18.931
185,-20.213
186,-21.508
187,-22.817
188,-24.139
189,-25.473
190,-26.819
191,-28.177
192,-29.547
193,-30.928
194,-32.319
195,-33.72
196,-35.132
197,-36.553
198,-37.984
199,-39.423
200,-40.872
