0,13.241
1,13.24
2,13.238
3,13.236
4,13.234
5,13.232
6,13.23
7,13.229
8,13.227
9,13.225
10,13.223
11,13.221
12,13.219
13,13.218
14,13.216
15,13.214
16,13.212
17,13.21
18,13.208
19,13.207
20,13.205
21,13.203
22,13.201
23,13.199
24,13.197
25,13.196
26,13.194
27,13.192
28,13.19
29,13.188
30,13.186
31,13.185
32,13.183
33,13.181
34,13.179
35,13.177
36,13.176
37,13.174
38,13.172
39,13.17
40,13.168
41,13.166
42,13.165
43,13.163
44,13.161
45,13.159
46,13.157
47,13.155
48,13.154
49,13.152
50,13.15
51,13.148
52,13.146
53,13.144
54,13.143
55,13.141
56,13.139
57,13.137
58,13.135
59,13.133
60,13.132
61,13.13
62,13.128
63,13.126
64,13.124
65,13.122
66,13.121
67,13.119
68,13.117
69,13.115
70,13.113
71,13.111
72,13.109
73,13.108
74,13.106
75,13.104
76,13.102
77,13.1
78,13.098
79,13.096
80,13.095
81,13.093
82,13.091
83,13.089
84,13.087
85,13.085
86,13.083
87,13.081
88,13.08
89,13.078
90,13.076
91,13.074
92,13.072
93,13.07
94,13.068
95,13.066
96,13.064
97,13.062
98,13.06
99,13.058
100,13.056
101,13.053
102,13.051
103,13.049
104,13.047
105,13.044
106,13.042
107,13.04
108,13.037
109,13.035
110,13.032
111,13.029
112,13.026
113,13.024
114,13.02
115,13.017
116,13.014
117,13.01
118,13.007
119,13.003
120,12.999
121,12.994
122,12.99
123,12.985
124,12.979
125,12.974
126,12.968
127,12.961
128,12.954
129,12.946
130,12.938
131,12.929
132,12.919
133,12.908
134,12.896
135,12.884
136,12.869
137,12.854
138,12.837
139,12.819
140,12.798
141,12.776
142,12.752
143,12.725
144,12.695
145,12.662
146,12.626
147,12.587
148,12.543
149,12.495
150,12.442
151,12.384
152,12.32
153,12.249
154,12.172
155,12.086
156,11.993
157,11.89
158,11.777
159,11.653
160,11.518
161,11.37
162,11.209
163,11.033
164,10.841
165,10.632
166,10.406
167,10.16
168,9.8946
169,9.6078
170,9.2987
171,8.9663
172,8.6095
173,8.2275
174,7.8193
175,7.3841
176,6.9213
177,6.4301
178,5.9101
179,5.3608
180,4.7819
181,4.1732
182,3.5345
183,2.866
184,2.1676
185,1.4395
186,0.68196
187,-0.10464
188,-0.91993
189,-1.7634
190,-2.6346
191,-3.5329
192,-4.4578
193,-5.4085
194,-6.3845
195,-7.3851
196,-8.4096
197,-9.4572
198,-10.527
199,-11.619
200,-12.732
