0,27.654
1,27.652
2,27.65
3,27.649
4,27.647
5,27.645
6,27.643
7,27.641
8,27.64
9,27.638
10,27.636
11,27.634
12,27.632
13,27.63
14,27.629
15,27.627
16,27.625
17,27.623
18,27.621
19,27.619
20,27.618
21,27.616
22,27.614
23,27.612
24,27.61
25,27.608
26,27.607
27,27.605
28,27.603
29,27.601
30,27.599
31,27.597
32,27.596
33,27.594
34,27.592
35,27.59
36,27.588
37,27.586
38,27.585
39,27.583
40,27.581
41,27.579
42,27.577
43,27.575
44,27.574
45,27.572
46,27.57
47,27.568
48,27.566
49,27.564
50,27.562
51,27.561
52,27.559
53,27.557
54,27.555
55,27.553
56,27.551
57,27.549
58,27.548
59,27.546
60,27.544
61,27.542
62,27.54
63,27.538
64,27.536
65,27.534
66,27.532
67,27.53
68,27.528
69,27.527
70,27.525
71,27.523
72,27.521
73,27.519
74,27.516
75,27.514
76,27.512
77,27.51
78,27.508
79,27.506
80,27.504
81,27.501
82,27.499
83,27.497
84,27.494
85,27.492
86,27.489
87,27.487
88,27.484
89,27.481
90,27.478
91,27.475
92,27.472
93,27.469
94,27.465
95,27.462
96,27.458
97,27.454
98,27.45
99,27.445
100,27.441
101,27.436
102,27.43
103,27.424
104,27.418
105,27.411
106,27.404
107,27.396
108,27.388
109,27.379
110,27.369
111,27.358
112,27.346
113,27.334
114,27.32
115,27.305
116,27.288
117,27.27
118,27.25
119,27.229
120,27.205
121,27.179
122,27.15
123,27.119
124,27.085
125,27.047
126,27.006
127,26.96
128,26.911
129,26.856
130,26.796
131,26.73
132,26.658
133,26.58
134,26.493
135,26.398
136,26.295
137,26.182
138,26.058
139,25.923
140,25.776
141,25.616
142,25.442
143,25.253
144,25.048
145,24.826
146,24.586
147,24.327
148,24.048
149,23.748
150,23.426
151,23.081
152,22.711
153,22.317
154,21.898
155,21.452
156,20.979
157,20.479
158,19.951
159,19.394
160,18.809
161,18.195
162,17.552
163,16.881
164,16.18
165,15.452
166,14.694
167,13.909
168,13.096
169,12.256
170,11.389
171,10.495
172,9.5762
173,8.6322
174,7.6635
175,6.6711
176,5.6553
177,4.6169
178,3.5566
179,2.4749
180,1.3726
181,0.25016
182,-0.89168
183,-2.0523
184,-3.2312
185,-4.4277
186,-5.6412
187,-6.8712
188,-8.1172
189,-9.3786
190,-10.655
191,-11.946
192,-13.25
193,-14.568
194,-15.899
195,-17.243
196,-18.599
197,-19.967
198,-21.346
199,-22.736
200,-24.136
