0,19.543
1,19.541
2,19.539
3,19.537
4,19.535
5,19.534
6,19.532
7,19.53
8,19.528
9,19.526
10,19.524
11,19.523
12,19.521
13,19.519
14,19.517
15,19.515
16,19.513
17,19.512
18,19.51
19,19.508
20,19.506
21,19.504
22,19.502
23,19.501
24,19.499
25,19.497
26,19.495
27,19.493
28,19.491
29,19.49
30,19.488
31,19.486
32,19.484
33,19.482
34,19.48
35,19.479
36,19.477
37,19.475
38,19.473
39,19.471
40,19.469
41,19.468
42,19.466
43,19.464
44,19.462
45,19.46
46,19.458
47,19.457
48,19.455
49,19.453
50,19.451
51,19.449
52,19.447
53,19.446
54,19.444
55,19.442
56,19.44
57,19.438
58,19.436
59,19.435
60,19.433
61,19.431
62,19.429
63,19.427
64,19.425
65,19.424
66,19.422
67,19.42
68,19.418
69,19.416
70,19.414
71,19.413
72,19.411
73,19.409
74,19.407
75,19.405
76,19.403
77,19.402
78,19.4
79,19.398
80,19.396
81,19.394
82,19.392
83,19.39
84,19.389
85,19.387
86,19.385
87,19.383
88,19.381
89,19.379
90,19.377
91,19.375
92,19.373
93,19.371
94,19.369
95,19.367
96,19.366
97,19.364
98,19.362
99,19.36
100,19.357
101,19.355
102,19.353
103,19.351
104,19.349
105,19.347
106,19.345
107,19.342
108,19.34
109,19.338
110,19.335
111,19.333
112,19.33
113,19.327
114,19.324
115,19.322
116,19.319
117,19.315
118,19.312
119,19.309
120,19.305
121,19.301
122,19.297
123,19.293
124,19.288
125,19.283
126,19.278
127,19.272
128,19.266
129,19.26
130,19.252
131,19.245
132,19.236
133,19.227
134,19.217
135,19.207
136,19.195
137,19.182
138,19.168
139,19.152
140,19.135
141,19.117
142,19.096
143,19.074
144,19.049
145,19.021
146,18.991
147,18.958
148,18.921
149,18.881
150,18.836
151,18.787
152,18.733
153,18.673
154,18.607
155,18.534
156,18.454
157,18.366
158,18.27
159,18.163
160,18.047
161,17.919
162,17.779
163,17.625
164,17.458
165,17.275
166,17.076
167,16.859
168,16.623
169,16.368
170,16.092
171,15.794
172,15.472
173,15.127
174,14.756
175,14.359
176,13.935
177,13.483
178,13.003
179,12.494
180,11.955
181,11.386
182,10.787
183,10.158
184,9.4983
185,8.8085
186,8.0884
187,7.3385
188,6.559
189,5.7504
190,4.913
191,4.0474
192,3.1542
193,2.234
194,1.2874
195,0.31513
196,-0.68216
197,-1.7037
198,-2.7489
199,-3.817
200,-4.9072
