0,16.901
1,16.899
2,16.897
3,16.895
4,16.893
5,16.892
6,16.89
7,16.888
8,16.886
9,16.884
10,16.882
11,16.881
12,16.879
13,16.877
14,16.875
15,16.873
16,16.871
17,16.87
18,16.868
19,16.866
20,16.864
21,16.862
22,16.86
23,16.859
24,16.857
25,16.855
26,16.853
27,16.851
28,16.849
29,16.848
30,16.846
31,16.844
32,16.842
33,16.84
34,16.838
35,16.837
36,16.835
37,16.833
38,16.831
39,16.829
40,16.827
41,16.826
42,16.824
43,16.822
44,16.82
45,16.818
46,16.816
47,16.815
48,16.813
49,16.811
50,16.809
51,16.807
52,16.805
53,16.803
54,16.802
55,16.8
56,16.798
57,16.796
58,16.794
59,16.792
60,16.79
61,16.789
62,16.787
63,16.785
64,16.783
65,16.781
66,16.779
67,16.777
68,16.775
69,16.773
70,16.771
71,16.769
72,16.767
73,16.765
74,16.763
75,16.761
76,16.759
77,16.757
78,16.755
79,16.753
80,16.751
81,16.749
82,16.746
83,16.744
84,16.742
85,16.739
86,16.737
87,16.734
88,16.732
89,16.729
90,16.726
91,16.723
92,16.72
93,16.717
94,16.714
95,16.711
96,16.707
97,16.704
98,16.7
99,16.696
100,16.691
101,16.687
102,16.682
103,16.677
104,16.671
105,16.665
106,16.659
107,16.652
108,16.644
109,16.636
110,16.627
111,16.618
112,16.608
113,16.597
114,16.585
115,16.572
116,16.557
117,16.542
118,16.525
119,16.506
120,16.486
121,16.464
122,16.44
123,16.413
124,16.384
125,16.352
126,16.317
127,16.278
128,16.236
129,16.19
130,16.139
131,16.084
132,16.023
133,15.956
134,15.883
135,15.803
136,15.716
137,15.62
138,15.516
139,15.402
140,15.277
141,15.141
142,14.993
143,14.833
144,14.658
145,14.468
146,14.263
147,14.041
148,13.8
149,13.541
150,13.262
151,12.963
152,12.641
153,12.297
154,11.929
155,11.536
156,11.118
157,10.674
158,10.204
159,9.7063
160,9.1811
161,8.6279
162,8.0464
163,7.4364
164,6.7978
165,6.1307
166,5.4351
167,4.7111
168,3.959
169,3.179
170,2.3716
171,1.5371
172,0.67601
173,-0.21121
174,-1.124
175,-2.0618
176,-3.0241
177,-4.0101
178,-5.0194
179,-6.0512
180,-7.105
181,-8.1801
182,-9.2759
183,-10.392
184,-11.527
185,-12.681
186,-13.854
187,-15.044
188,-16.251
189,-17.475
190,-18.714
191,-19.969
192,-21.239
193,-22.524
194,-23.823
195,-25.135
196,-26.46
197,-27.798
198,-29.148
199,-30.51
200,-31.883
