0,18.149
1,18.147
2,18.145
3,18.144
4,18.142
5,18.14
6,18.138
7,18.136
8,18.134
9,18.133
10,18.131
11,18.129
12,18.127
13,18.125
14,18.123
15,18.122
16,18.12
17,18.118
18,18.116
19,18.114
20,18.112
21,18.111
22,18.109
23,18.107
24,18.105
25,18.103
26,18.101
27,18.1
28,18.098
29,18.096
30,18.094
31,18.092
32,18.09
33,18.088
34,18.087
35,18.085
36,18.083
37,18.081
38,18.079
39,18.077
40,18.075
41,18.074
42,18.072
43,18.07
44,18.068
45,18.066
46,18.064
47,18.062
48,18.06
49,18.059
50,18.057
51,18.055
52,18.053
53,18.051
54,18.049
55,18.047
56,18.045
57,18.043
58,18.041
59,18.039
60,18.037
61,18.035
62,18.033
63,18.031
64,18.029
65,18.026
66,18.024
67,18.022
68,18.02
69,18.017
70,18.015
71,18.013
72,18.01
73,18.008
74,18.005
75,18.002
76,17.999
77,17.996
78,17.993
79,17.99
80,17.987
81,17.984
82,17.98
83,17.976
84,17.972
85,17.968
86,17.964
87,17.959
88,17.954
89,17.949
90,17.943
91,17.937
92,17.931
93,17.924
94,17.916
95,17.908
96,17.9
97,17.89
98,17.88
99,17.869
100,17.858
101,17.845
102,17.831
103,17.816
104,17.799
105,17.781
106,17.762
107,17.74
108,17.717
109,17.691
110,17.664
111,17.633
112,17.6
113,17.564
114,17.524
115,17.48
116,17.433
117,17.381
118,17.324
119,17.262
120,17.195
121,17.121
122,17.04
123,16.952
124,16.856
125,16.751
126,16.637
127,16.513
128,16.378
129,16.232
130,16.073
131,15.901
132,15.714
133,15.513
134,15.295
135,15.061
136,14.808
137,14.536
138,14.245
139,13.933
140,13.599
141,13.243
142,12.863
143,12.459
144,12.031
145,11.577
146,11.097
147,10.59
148,10.057
149,9.4964
150,8.9084
151,8.2928
152,7.6496
153,6.9787
154,6.2801
155,5.5542
156,4.801
157,4.0208
158,3.2141
159,2.3811
160,1.5223
161,0.63811
162,-0.27088
163,-1.2042
164,-2.1613
165,-3.1416
166,-4.1445
167,-5.1695
168,-6.2159
169,-7.2832
170,-8.3708
171,-9.478
172,-10.604
173,-11.749
174,-12.912
175,-14.092
176,-15.289
177,-16.503
178,-17.732
179,-18.977
180,-20.236
181,-21.51
182,-22.798
183,-24.099
184,-25.413
185,-26.74
186,-28.079
187,-29.43
188,-30.792
189,-32.166
190,-33.55
191,-34.945
192,-36.349
193,-37.764
194,-39.188
195,-40.621
196,-42.063
197,-43.514
198,-44.973
199,-46.44
200,-47.915
