0,17.287
1,17.285
2,17.283
3,17.281
4,17.279
5,17.278
6,17.276
7,17.274
8,17.272
9,17.27
10,17.268
11,17.267
12,17.265
13,17.263
14,17.261
15,17.259
16,17.257
17,17.256
18,17.254
19,17.252
20,17.25
21,17.248
22,17.246
23,17.245
24,17.243
25,17.241
26,17.239
27,17.237
28,17.235
29,17.234
30,17.232
31,17.23
32,17.228
33,17.226
34,17.224
35,17.223
36,17.221
37,17.219
38,17.217
39,17.215
40,17.213
41,17.211
42,17.21
43,17.208
44,17.206
45,17.204
46,17.202
47,17.2
48,17.198
49,17.197
50,17.195
51,17.193
52,17.191
53,17.189
54,17.187
55,17.185
56,17.183
57,17.181
58,17.18
59,17.178
60,17.176
61,17.174
62,17.172
63,17.17
64,17.168
65,17.166
66,17.164
67,17.162
68,17.16
69,17.158
70,17.155
71,17.153
72,17.151
73,17.149
74,17.147
75,17.144
76,17.142
77,17.139
78,17.137
79,17.134
80,17.132
81,17.129
82,17.126
83,17.123
84,17.12
85,17.117
86,17.114
87,17.11
88,17.107
89,17.103
90,17.099
91,17.095
92,17.09
93,17.086
94,17.081
95,17.075
96,17.07
97,17.064
98,17.057
99,17.05
100,17.043
101,17.034
102,17.026
103,17.016
104,17.006
105,16.995
106,16.983
107,16.969
108,16.955
109,16.939
110,16.922
111,16.904
112,16.884
113,16.862
114,16.837
115,16.811
116,16.782
117,16.751
118,16.716
119,16.678
120,16.637
121,16.591
122,16.542
123,16.487
124,16.428
125,16.363
126,16.292
127,16.214
128,16.13
129,16.037
130,15.936
131,15.825
132,15.705
133,15.575
134,15.432
135,15.278
136,15.11
137,14.928
138,14.731
139,14.518
140,14.288
141,14.04
142,13.774
143,13.487
144,13.18
145,12.85
146,12.499
147,12.123
148,11.724
149,11.299
150,10.849
151,10.372
152,9.8692
153,9.3388
154,8.7809
155,8.1952
156,7.5816
157,6.94
158,6.2703
159,5.5727
160,4.8473
161,4.0943
162,3.314
163,2.5067
164,1.6729
165,0.81297
166,-0.072608
167,-0.98331
168,-1.9186
169,-2.8779
170,-3.8607
171,-4.8663
172,-5.8942
173,-6.9437
174,-8.0142
175,-9.1052
176,-10.216
177,-11.346
178,-12.495
179,-13.662
180,-14.846
181,-16.047
182,-17.265
183,-18.498
184,-19.747
185,-21.011
186,-22.289
187,-23.581
188,-24.887
189,-26.205
190,-27.537
191,-28.88
192,-30.236
193,-31.603
194,-32.98
195,-34.369
196,-35.768
197,-37.177
198,-38.596
199,-40.025
200,-41.462
