0,20.332
1,20.33
2,20.328
3,20.326
4,20.324
5,20.323
6,20.321
7,20.319
8,20.317
9,20.315
10,20.313
11,20.312
12,20.31
13,20.308
14,20.306
15,20.304
16,20.302
17,20.301
18,20.299
19,20.297
20,20.295
21,20.293
22,20.291
23,20.29
24,20.288
25,20.286
26,20.284
27,20.282
28,20.281
29,20.279
30,20.277
31,20.275
32,20.273
33,20.271
34,20.27
35,20.268
36,20.266
37,20.264
38,20.262
39,20.26
40,20.259
41,20.257
42,20.255
43,20.253
44,20.251
45,20.249
46,20.248
47,20.246
48,20.244
49,20.242
50,20.24
51,20.238
52,20.237
53,20.235
54,20.233
55,20.231
56,20.229
57,20.227
58,20.226
59,20.224
60,20.222
61,20.22
62,20.218
63,20.216
64,20.215
65,20.213
66,20.211
67,20.209
68,20.207
69,20.205
70,20.203
71,20.202
72,20.2
73,20.198
74,20.196
75,20.194
76,20.192
77,20.19
78,20.189
79,20.187
80,20.185
81,20.183
82,20.181
83,20.179
84,20.177
85,20.175
86,20.174
87,20.172
88,20.17
89,20.168
90,20.166
91,20.164
92,20.162
93,20.16
94,20.158
95,20.156
96,20.154
97,20.152
98,20.149
99,20.147
100,20.145
101,20.143
102,20.141
103,20.138
104,20.136
105,20.134
106,20.131
107,20.128
108,20.126
109,20.123
110,20.12
111,20.117
112,20.114
113,20.111
114,20.108
115,20.104
116,20.1
117,20.096
118,20.092
119,20.088
120,20.083
121,20.078
122,20.072
123,20.066
124,20.06
125,20.053
126,20.046
127,20.038
128,20.029
129,20.02
130,20.01
131,19.999
132,19.987
133,19.973
134,19.959
135,19.943
136,19.925
137,19.906
138,19.885
139,19.862
140,19.836
141,19.808
142,19.778
143,19.743
144,19.706
145,19.665
146,19.619
147,19.569
148,19.514
149,19.453
150,19.386
151,19.313
152,19.232
153,19.143
154,19.045
155,18.938
156,18.82
157,18.691
158,18.55
159,18.396
160,18.228
161,18.044
162,17.844
163,17.627
164,17.391
165,17.136
166,16.86
167,16.562
168,16.242
169,15.897
170,15.527
171,15.132
172,14.71
173,14.26
174,13.783
175,13.277
176,12.741
177,12.176
178,11.581
179,10.956
180,10.301
181,9.6163
182,8.9015
183,8.157
184,7.3832
185,6.5804
186,5.7492
187,4.8899
188,4.0031
189,3.0894
190,2.1495
191,1.184
192,0.19352
193,-0.8212
194,-1.8595
195,-2.9206
196,-4.0039
197,-5.1087
198,-6.2342
199,-7.3799
200,-8.545
