0,21.05
1,21.048
2,21.046
3,21.044
4,21.043
5,21.041
6,21.039
7,21.037
8,21.035
9,21.033
10,21.032
11,21.03
12,21.028
13,21.026
14,21.024
15,21.022
16,21.021
17,21.019
18,21.017
19,21.015
20,21.013
21,21.011
22,21.01
23,21.008
24,21.006
25,21.004
26,21.002
27,21
28,20.999
29,20.997
30,20.995
31,20.993
32,20.991
33,20.989
34,20.988
35,20.986
36,20.984
37,20.982
38,20.98
39,20.978
40,20.977
41,20.975
42,20.973
43,20.971
44,20.969
45,20.967
46,20.966
47,20.964
48,20.962
49,20.96
50,20.958
51,20.956
52,20.955
53,20.953
54,20.951
55,20.949
56,20.947
57,20.945
58,20.944
59,20.942
60,20.94
61,20.938
62,20.936
63,20.934
64,20.933
65,20.931
66,20.929
67,20.927
68,20.925
69,20.923
70,20.922
71,20.92
72,20.918
73,20.916
74,20.914
75,20.912
76,20.91
77,20.908
78,20.907
79,20.905
80,20.903
81,20.901
82,20.899
83,20.897
84,20.895
85,20.893
86,20.891
87,20.889
88,20.887
89,20.885
90,20.883
91,20.881
92,20.879
93,20.877
94,20.875
95,20.873
96,20.871
97,20.869
98,20.866
99,20.864
100,20.862
101,20.859
102,20.857
103,20.854
104,20.852
105,20.849
106,20.846
107,20.844
108,20.841
109,20.837
110,20.834
111,20.831
112,20.827
113,20.823
114,20.819
115,20.815
116,20.811
117,20.806
118,20.801
119,20.795
120,20.79
121,20.783
122,20.776
123,20.769
124,20.761
125,20.752
126,20.743
127,20.733
128,20.722
129,20.71
130,20.696
131,20.682
132,20.666
133,20.649
134,20.629
135,20.608
136,20.585
137,20.56
138,20.532
139,20.501
140,20.468
141,20.431
142,20.39
143,20.345
144,20.295
145,20.24
146,20.18
147,20.114
148,20.042
149,19.962
150,19.874
151,19.778
152,19.672
153,19.556
154,19.429
155,19.291
156,19.139
157,18.973
158,18.793
159,18.597
160,18.383
161,18.152
162,17.901
163,17.63
164,17.338
165,17.023
166,16.685
167,16.322
168,15.934
169,15.519
170,15.077
171,14.608
172,14.11
173,13.584
174,13.028
175,12.442
176,11.827
177,11.182
178,10.508
179,9.803
180,9.069
181,8.3057
182,7.5135
183,6.6928
184,5.844
185,4.9678
186,4.0646
187,3.1351
188,2.1799
189,1.1997
190,0.19504
191,-0.83327
192,-1.8846
193,-2.9582
194,-4.0535
195,-5.1697
196,-6.3062
197,-7.4623
198,-8.6373
199,-9.8307
200,-11.042
