0,28.448
1,28.446
2,28.444
3,28.442
4,28.44
5,28.439
6,28.437
7,28.435
8,28.433
9,28.431
10,28.429
11,28.428
12,28.426
13,28.424
14,28.422
15,28.42
16,28.418
17,28.417
18,28.415
19,28.413
20,28.411
21,28.409
22,28.407
23,28.406
24,28.404
25,28.402
26,28.4
27,28.398
28,28.396
29,28.395
30,28.393
31,28.391
32,28.389
33,28.387
34,28.385
35,28.384
36,28.382
37,28.38
38,28.378
39,28.376
40,28.374
41,28.373
42,28.371
43,28.369
44,28.367
45,28.365
46,28.363
47,28.361
48,28.36
49,28.358
50,28.356
51,28.354
52,28.352
53,28.35
54,28.348
55,28.347
56,28.345
57,28.343
58,28.341
59,28.339
60,28.337
61,28.335
62,28.333
63,28.331
64,28.329
65,28.327
66,28.325
67,28.324
68,28.322
69,28.32
70,28.317
71,28.315
72,28.313
73,28.311
74,28.309
75,28.307
76,28.305
77,28.303
78,28.3
79,28.298
80,28.296
81,28.293
82,28.291
83,28.288
84,28.286
85,28.283
86,28.28
87,28.277
88,28.274
89,28.271
90,28.268
91,28.264
92,28.26
93,28.257
94,28.253
95,28.248
96,28.244
97,28.239
98,28.234
99,28.228
100,28.223
101,28.216
102,28.21
103,28.202
104,28.195
105,28.186
106,28.177
107,28.167
108,28.156
109,28.144
110,28.132
111,28.118
112,28.103
113,28.086
114,28.068
115,28.048
116,28.027
117,28.003
118,27.977
119,27.948
120,27.917
121,27.883
122,27.846
123,27.804
124,27.759
125,27.71
126,27.656
127,27.596
128,27.531
129,27.459
130,27.381
131,27.295
132,27.202
133,27.099
134,26.987
135,26.865
136,26.732
137,26.587
138,26.429
139,26.257
140,26.07
141,25.868
142,25.649
143,25.413
144,25.157
145,24.882
146,24.586
147,24.269
148,23.928
149,23.565
150,23.176
151,22.763
152,22.323
153,21.857
154,21.364
155,20.843
156,20.294
157,19.716
158,19.111
159,18.476
160,17.813
161,17.121
162,16.401
163,15.652
164,14.876
165,14.072
166,13.24
167,12.382
168,11.498
169,10.588
170,9.6527
171,8.693
172,7.7092
173,6.7021
174,5.6724
175,4.6205
176,3.5472
177,2.4531
178,1.3388
179,0.20493
180,-0.94786
181,-2.119
182,-3.3079
183,-4.514
184,-5.7367
185,-6.9755
186,-8.2298
187,-9.4992
188,-10.783
189,-12.081
190,-13.393
191,-14.717
192,-16.055
193,-17.405
194,-18.766
195,-20.139
196,-21.524
197,-22.919
198,-24.324
199,-25.74
200,-27.165
