0,12.425
1,12.423
2,12.421
3,12.419
4,12.417
5,12.416
6,12.414
7,12.412
8,12.41
9,12.408
10,12.406
11,12.405
12,12.403
13,12.401
14,12.399
15,12.397
16,12.396
17,12.394
18,12.392
19,12.39
20,12.388
21,12.386
22,12.385
23,12.383
24,12.381
25,12.379
26,12.377
27,12.375
28,12.374
29,12.372
30,12.37
31,12.368
32,12.366
33,12.364
34,12.363
35,12.361
36,12.359
37,12.357
38,12.355
39,12.353
40,12.351
41,12.35
42,12.348
43,12.346
44,12.344
45,12.342
46,12.34
47,12.339
48,12.337
49,12.335
50,12.333
51,12.331
52,12.329
53,12.327
54,12.326
55,12.324
56,12.322
57,12.32
58,12.318
59,12.316
60,12.314
61,12.312
62,12.31
63,12.309
64,12.307
65,12.305
66,12.303
67,12.301
68,12.299
69,12.297
70,12.295
71,12.293
72,12.291
73,12.289
74,12.287
75,12.284
76,12.282
77,12.28
78,12.278
79,12.276
80,12.273
81,12.271
82,12.269
83,12.266
84,12.264
85,12.261
86,12.258
87,12.255
88,12.253
89,12.25
90,12.247
91,12.243
92,12.24
93,12.236
94,12.233
95,12.229
96,12.225
97,12.22
98,12.216
99,12.211
100,12.205
101,12.2
102,12.194
103,12.187
104,12.18
105,12.173
106,12.165
107,12.156
108,12.147
109,12.137
110,12.126
111,12.114
112,12.101
113,12.087
114,12.071
115,12.054
116,12.036
117,12.016
118,11.994
119,11.97
120,11.944
121,11.916
122,11.884
123,11.85
124,11.812
125,11.771
126,11.726
127,11.677
128,11.623
129,11.563
130,11.499
131,11.428
132,11.35
133,11.266
134,11.173
135,11.072
136,10.962
137,10.842
138,10.711
139,10.568
140,10.413
141,10.245
142,10.062
143,9.8648
144,9.651
145,9.4201
146,9.1711
147,8.903
148,8.6148
149,8.3055
150,7.9743
151,7.6202
152,7.2425
153,6.8402
154,6.4127
155,5.9593
156,5.4794
157,4.9726
158,4.4383
159,3.8763
160,3.2863
161,2.6682
162,2.0219
163,1.3474
164,0.64473
165,-0.085848
166,-0.84414
167,-1.6298
168,-2.4426
169,-3.282
170,-4.1475
171,-5.0388
172,-5.9553
173,-6.8963
174,-7.8614
175,-8.85
176,-9.8613
177,-10.895
178,-11.95
179,-13.026
180,-14.123
181,-15.24
182,-16.375
183,-17.529
184,-18.702
185,-19.891
186,-21.098
187,-22.321
188,-23.559
189,-24.813
190,-26.082
191,-27.365
192,-28.662
193,-29.973
194,-31.296
195,-32.632
196,-33.98
197,-35.34
198,-36.712
199,-38.094
200,-39.487
