0,26.525
1,26.523
2,26.521
3,26.519
4,26.517
5,26.516
6,26.514
7,26.512
8,26.51
9,26.508
10,26.506
11,26.505
12,26.503
13,26.501
14,26.499
15,26.497
16,26.495
17,26.494
18,26.492
19,26.49
20,26.488
21,26.486
22,26.484
23,26.483
24,26.481
25,26.479
26,26.477
27,26.475
28,26.473
29,26.472
30,26.47
31,26.468
32,26.466
33,26.464
34,26.462
35,26.461
36,26.459
37,26.457
38,26.455
39,26.453
40,26.451
41,26.449
42,26.448
43,26.446
44,26.444
45,26.442
46,26.44
47,26.438
48,26.436
49,26.435
50,26.433
51,26.431
52,26.429
53,26.427
54,26.425
55,26.423
56,26.421
57,26.419
58,26.418
59,26.416
60,26.414
61,26.412
62,26.41
63,26.408
64,26.406
65,26.404
66,26.402
67,26.4
68,26.398
69,26.395
70,26.393
71,26.391
72,26.389
73,26.387
74,26.384
75,26.382
76,26.38
77,26.377
78,26.375
79,26.372
80,26.369
81,26.367
82,26.364
83,26.361
84,26.358
85,26.354
86,26.351
87,26.347
88,26.344
89,26.34
90,26.336
91,26.331
92,26.327
93,26.322
94,26.316
95,26.311
96,26.305
97,26.298
98,26.292
99,26.284
100,26.276
101,26.267
102,26.258
103,26.248
104,26.237
105,26.225
106,26.212
107,26.198
108,26.182
109,26.165
110,26.147
111,26.127
112,26.105
113,26.081
114,26.055
115,26.026
116,25.994
117,25.96
118,25.922
119,25.88
120,25.835
121,25.785
122,25.731
123,25.671
124,25.606
125,25.535
126,25.457
127,25.371
128,25.278
129,25.176
130,25.064
131,24.943
132,24.811
133,24.667
134,24.511
135,24.341
136,24.156
137,23.957
138,23.741
139,23.507
140,23.256
141,22.985
142,22.694
143,22.381
144,22.047
145,21.689
146,21.308
147,20.901
148,20.47
149,20.012
150,19.528
151,19.016
152,18.477
153,17.91
154,17.315
155,16.691
156,16.04
157,15.36
158,14.652
159,13.916
160,13.152
161,12.36
162,11.542
163,10.697
164,9.8261
165,8.9293
166,8.0073
167,7.0609
168,6.0904
169,5.0965
170,4.0799
171,3.0411
172,1.9807
173,0.89945
174,-0.20213
175,-1.3234
176,-2.4638
177,-3.6226
178,-4.7994
179,-5.9936
180,-7.2045
181,-8.4317
182,-9.6747
183,-10.933
184,-12.206
185,-13.493
186,-14.794
187,-16.108
188,-17.435
189,-18.775
190,-20.126
191,-21.49
192,-22.864
193,-24.25
194,-25.646
195,-27.053
196,-28.469
197,-29.895
198,-31.331
199,-32.775
200,-34.228
