0,23.045
1,23.043
2,23.041
3,23.04
4,23.038
5,23.036
6,23.034
7,23.032
8,23.03
9,23.029
10,23.027
11,23.025
12,23.023
13,23.021
14,23.019
15,23.018
16,23.016
17,23.014
18,23.012
19,23.01
20,23.009
21,23.007
22,23.005
23,23.003
24,23.001
25,22.999
26,22.998
27,22.996
28,22.994
29,22.992
30,22.99
31,22.988
32,22.987
33,22.985
34,22.983
35,22.981
36,22.979
37,22.977
38,22.976
39,22.974
40,22.972
41,22.97
42,22.968
43,22.966
44,22.964
45,22.963
46,22.961
47,22.959
48,22.957
49,22.955
50,22.953
51,22.952
52,22.95
53,22.948
54,22.946
55,22.944
56,22.942
57,22.94
58,22.939
59,22.937
60,22.935
61,22.933
62,22.931
63,22.929
64,22.927
65,22.925
66,22.924
67,22.922
68,22.92
69,22.918
70,22.916
71,22.914
72,22.912
73,22.91
74,22.908
75,22.906
76,22.904
77,22.902
78,22.9
79,22.898
80,22.896
81,22.893
82,22.891
83,22.889
84,22.887
85,22.884
86,22.882
87,22.879
88,22.877
89,22.874
90,22.872
91,22.869
92,22.866
93,22.863
94,22.86
95,22.857
96,22.853
97,22.85
98,22.846
99,22.842
100,22.838
101,22.834
102,22.829
103,22.824
104,22.819
105,22.813
106,22.807
107,22.801
108,22.794
109,22.786
110,22.778
111,22.769
112,22.76
113,22.749
114,22.738
115,22.726
116,22.712
117,22.698
118,22.682
119,22.664
120,22.645
121,22.624
122,22.601
123,22.576
124,22.549
125,22.519
126,22.485
127,22.449
128,22.409
129,22.366
130,22.318
131,22.265
132,22.207
133,22.144
134,22.075
135,21.998
136,21.915
137,21.824
138,21.724
139,21.615
140,21.495
141,21.365
142,21.223
143,21.068
144,20.9
145,20.717
146,20.519
147,20.304
148,20.071
149,19.82
150,19.549
151,19.257
152,18.944
153,18.608
154,18.248
155,17.864
156,17.455
157,17.02
158,16.558
159,16.068
160,15.551
161,15.006
162,14.432
163,13.83
164,13.199
165,12.539
166,11.85
167,11.132
168,10.386
169,9.6121
170,8.8101
171,7.9806
172,7.1242
173,6.2413
174,5.3325
175,4.3984
176,3.4395
177,2.4564
178,1.4499
179,0.42047
180,-0.63117
181,-1.7044
182,-2.7986
183,-3.9131
184,-5.0472
185,-6.2005
186,-7.3721
187,-8.5617
188,-9.7685
189,-10.992
190,-12.232
191,-13.487
192,-14.757
193,-16.042
194,-17.341
195,-18.654
196,-19.98
197,-21.319
198,-22.67
199,-24.033
200,-25.407
