0,15.069
1,15.067
2,15.065
3,15.063
4,15.061
5,15.06
6,15.058
7,15.056
8,15.054
9,15.052
10,15.05
11,15.049
12,15.047
13,15.045
14,15.043
15,15.041
16,15.039
17,15.038
18,15.036
19,15.034
20,15.032
21,15.03
22,15.028
23,15.027
24,15.025
25,15.023
26,15.021
27,15.019
28,15.017
29,15.016
30,15.014
31,15.012
32,15.01
33,15.008
34,15.006
35,15.005
36,15.003
37,15.001
38,14.999
39,14.997
40,14.995
41,14.993
42,14.992
43,14.99
44,14.988
45,14.986
46,14.984
47,14.982
48,14.98
49,14.978
50,14.977
51,14.975
52,14.973
53,14.971
54,14.969
55,14.967
56,14.965
57,14.963
58,14.961
59,14.959
60,14.957
61,14.955
62,14.953
63,14.951
64,14.949
65,14.947
66,14.945
67,14.943
68,14.941
69,14.938
70,14.936
71,14.934
72,14.932
73,14.929
74,14.927
75,14.924
76,14.922
77,14.919
78,14.916
79,14.914
80,14.911
81,14.908
82,14.905
83,14.901
84,14.898
85,14.894
86,14.89
87,14.887
88,14.882
89,14.878
90,14.873
91,14.868
92,14.863
93,14.857
94,14.851
95,14.845
96,14.838
97,14.83
98,14.822
99,14.814
100,14.804
101,14.794
102,14.783
103,14.771
104,14.758
105,14.744
106,14.729
107,14.712
108,14.694
109,14.675
110,14.653
111,14.629
112,14.604
113,14.576
114,14.545
115,14.511
116,14.475
117,14.434
118,14.39
119,14.342
120,14.29
121,14.232
122,14.17
123,14.101
124,14.026
125,13.944
126,13.855
127,13.758
128,13.652
129,13.536
130,13.41
131,13.274
132,13.125
133,12.964
134,12.789
135,12.6
136,12.396
137,12.175
138,11.937
139,11.681
140,11.405
141,11.11
142,10.793
143,10.455
144,10.094
145,9.7088
146,9.2997
147,8.8656
148,8.4059
149,7.92
150,7.4074
151,6.8678
152,6.3008
153,5.7062
154,5.084
155,4.434
156,3.7562
157,3.0507
158,2.3178
159,1.5577
160,0.77054
161,-0.043189
162,-0.88313
163,-1.7488
164,-2.6398
165,-3.5556
166,-4.4956
167,-5.4594
168,-6.4462
169,-7.4556
170,-8.4869
171,-9.5395
172,-10.613
173,-11.707
174,-12.82
175,-13.952
176,-15.102
177,-16.271
178,-17.456
179,-18.659
180,-19.877
181,-21.112
182,-22.361
183,-23.626
184,-24.904
185,-26.197
186,-27.502
187,-28.821
188,-30.152
189,-31.495
190,-32.85
191,-34.217
192,-35.594
193,-36.982
194,-38.38
195,-39.789
196,-41.207
197,-42.634
198,-44.071
199,-45.516
200,-46.97
