0,15.614
1,15.612
2,15.61
3,15.608
4,15.606
5,15.605
6,15.603
7,15.601
8,15.599
9,15.597
10,15.595
11,15.594
12,15.592
13,15.59
14,15.588
15,15.586
16,15.584
17,15.583
18,15.581
19,15.579
20,15.577
21,15.575
22,15.573
23,15.572
24,15.57
25,15.568
26,15.566
27,15.564
28,15.562
29,15.561
30,15.559
31,15.557
32,15.555
33,15.553
34,15.551
35,15.55
36,15.548
37,15.546
38,15.544
39,15.542
40,15.54
41,15.539
42,15.537
43,15.535
44,15.533
45,15.531
46,15.529
47,15.527
48,15.525
49,15.524
50,15.522
51,15.52
52,15.518
53,15.516
54,15.514
55,15.512
56,15.51
57,15.508
58,15.506
59,15.504
60,15.502
61,15.501
62,15.499
63,15.497
64,15.494
65,15.492
66,15.49
67,15.488
68,15.486
69,15.484
70,15.482
71,15.48
72,15.477
73,15.475
74,15.473
75,15.47
76,15.468
77,15.465
78,15.462
79,15.46
80,15.457
81,15.454
82,15.451
83,15.448
84,15.445
85,15.441
86,15.438
87,15.434
88,15.43
89,15.426
90,15.421
91,15.417
92,15.412
93,15.407
94,15.401
95,15.395
96,15.388
97,15.382
98,15.374
99,15.366
100,15.357
101,15.348
102,15.338
103,15.327
104,15.315
105,15.302
106,15.288
107,15.273
108,15.256
109,15.238
110,15.219
111,15.197
112,15.173
113,15.148
114,15.12
115,15.089
116,15.055
117,15.019
118,14.978
119,14.934
120,14.886
121,14.834
122,14.776
123,14.713
124,14.644
125,14.569
126,14.487
127,14.398
128,14.3
129,14.193
130,14.077
131,13.951
132,13.814
133,13.664
134,13.502
135,13.327
136,13.137
137,12.931
138,12.709
139,12.469
140,12.212
141,11.935
142,11.637
143,11.319
144,10.978
145,10.615
146,10.228
147,9.8159
148,9.3791
149,8.9165
150,8.4276
151,7.9118
152,7.3689
153,6.7986
154,6.2005
155,5.5747
156,4.921
157,4.2394
158,3.5302
159,2.7934
160,2.0293
161,1.2382
162,0.42042
163,-0.42354
164,-1.2933
165,-2.1883
166,-3.1081
167,-4.0521
168,-5.0198
169,-6.0106
170,-7.0239
171,-8.0591
172,-9.1156
173,-10.193
174,-11.29
175,-12.407
176,-13.543
177,-14.697
178,-15.869
179,-17.058
180,-18.264
181,-19.486
182,-20.724
183,-21.976
184,-23.244
185,-24.526
186,-25.821
187,-27.13
188,-28.451
189,-29.785
190,-31.131
191,-32.489
192,-33.858
193,-35.238
194,-36.629
195,-38.03
196,-39.441
197,-40.861
198,-42.291
199,-43.73
200,-45.178
