0,12.285
1,12.283
2,12.281
3,12.28
4,12.278
5,12.276
6,12.274
7,12.272
8,12.27
9,12.269
10,12.267
11,12.265
12,12.263
13,12.261
14,12.259
15,12.258
16,12.256
17,12.254
18,12.252
19,12.25
20,12.248
21,12.247
22,12.245
23,12.243
24,12.241
25,12.239
26,12.237
27,12.236
28,12.234
29,12.232
30,12.23
31,12.228
32,12.226
33,12.225
34,12.223
35,12.221
36,12.219
37,12.217
38,12.215
39,12.214
40,12.212
41,12.21
42,12.208
43,12.206
44,12.204
45,12.203
46,12.201
47,12.199
48,12.197
49,12.195
50,12.193
51,12.191
52,12.19
53,12.188
54,12.186
55,12.184
56,12.182
57,12.18
58,12.179
59,12.177
60,12.175
61,12.173
62,12.171
63,12.169
64,12.167
65,12.165
66,12.163
67,12.162
68,12.16
69,12.158
70,12.156
71,12.154
72,12.152
73,12.15
74,12.148
75,12.146
76,12.144
77,12.142
78,12.14
79,12.137
80,12.135
81,12.133
82,12.131
83,12.129
84,12.126
85,12.124
86,12.122
87,12.119
88,12.117
89,12.114
90,12.112
91,12.109
92,12.106
93,12.103
94,12.1
95,12.097
96,12.093
97,12.09
98,12.086
99,12.082
100,12.078
101,12.074
102,12.069
103,12.064
104,12.059
105,12.054
106,12.048
107,12.041
108,12.034
109,12.027
110,12.019
111,12.01
112,12.001
113,11.991
114,11.98
115,11.968
116,11.955
117,11.941
118,11.925
119,11.908
120,11.89
121,11.87
122,11.848
123,11.824
124,11.798
125,11.769
126,11.737
127,11.703
128,11.665
129,11.623
130,11.577
131,11.527
132,11.473
133,11.413
134,11.347
135,11.275
136,11.196
137,11.11
138,11.015
139,10.912
140,10.8
141,10.677
142,10.544
143,10.398
144,10.24
145,10.068
146,9.8808
147,9.6785
148,9.4596
149,9.2231
150,8.9679
151,8.6932
152,8.3979
153,8.081
154,7.7415
155,7.3787
156,6.9917
157,6.5796
158,6.1417
159,5.6775
160,5.1863
161,4.6676
162,4.1212
163,3.5466
164,2.9437
165,2.3123
166,1.6524
167,0.9641
168,0.24748
169,-0.49725
170,-1.2698
171,-2.0698
172,-2.897
173,-3.7508
174,-4.6308
175,-5.5364
176,-6.4671
177,-7.4223
178,-8.4015
179,-9.404
180,-10.429
181,-11.476
182,-12.545
183,-13.634
184,-14.744
185,-15.873
186,-17.022
187,-18.188
188,-19.373
189,-20.574
190,-21.792
191,-23.027
192,-24.277
193,-25.542
194,-26.821
195,-28.115
196,-29.423
197,-30.743
198,-32.077
199,-33.422
200,-34.78
