0,11.123
1,11.121
2,11.12
3,11.118
4,11.116
5,11.114
6,11.112
7,11.11
8,11.109
9,11.107
10,11.105
11,11.103
12,11.101
13,11.099
14,11.098
15,11.096
16,11.094
17,11.092
18,11.09
19,11.088
20,11.087
21,11.085
22,11.083
23,11.081
24,11.079
25,11.077
26,11.076
27,11.074
28,11.072
29,11.07
30,11.068
31,11.066
32,11.065
33,11.063
34,11.061
35,11.059
36,11.057
37,11.056
38,11.054
39,11.052
40,11.05
41,11.048
42,11.046
43,11.045
44,11.043
45,11.041
46,11.039
47,11.037
48,11.035
49,11.034
50,11.032
51,11.03
52,11.028
53,11.026
54,11.024
55,11.023
56,11.021
57,11.019
58,11.017
59,11.015
60,11.013
61,11.012
62,11.01
63,11.008
64,11.006
65,11.004
66,11.002
67,11
68,10.999
69,10.997
70,10.995
71,10.993
72,10.991
73,10.989
74,10.988
75,10.986
76,10.984
77,10.982
78,10.98
79,10.978
80,10.976
81,10.974
82,10.973
83,10.971
84,10.969
85,10.967
86,10.965
87,10.963
88,10.961
89,10.959
90,10.957
91,10.955
92,10.953
93,10.951
94,10.949
95,10.947
96,10.945
97,10.943
98,10.941
99,10.939
100,10.937
101,10.935
102,10.932
103,10.93
104,10.928
105,10.925
106,10.923
107,10.92
108,10.918
109,10.915
110,10.912
111,10.909
112,10.906
113,10.903
114,10.9
115,10.896
116,10.893
117,10.889
118,10.885
119,10.881
120,10.876
121,10.871
122,10.866
123,10.861
124,10.855
125,10.848
126,10.841
127,10.834
128,10.826
129,10.817
130,10.808
131,10.797
132,10.786
133,10.774
134,10.76
135,10.746
136,10.73
137,10.712
138,10.693
139,10.671
140,10.648
141,10.622
142,10.594
143,10.563
144,10.529
145,10.492
146,10.45
147,10.405
148,10.355
149,10.3
150,10.239
151,10.173
152,10.099
153,10.019
154,9.9306
155,9.8337
156,9.7274
157,9.6109
158,9.4834
159,9.3439
160,9.1916
161,9.0254
162,8.8443
163,8.6473
164,8.4333
165,8.2012
166,7.9499
167,7.6784
168,7.3854
169,7.0701
170,6.7313
171,6.368
172,5.9794
173,5.5647
174,5.1229
175,4.6535
176,4.1558
177,3.6294
178,3.0739
179,2.4888
180,1.8742
181,1.2298
182,0.55567
183,-0.14808
184,-0.88126
185,-1.6436
186,-2.4348
187,-3.2544
188,-4.1019
189,-4.9769
190,-5.8788
191,-6.8069
192,-7.7607
193,-8.7394
194,-9.7425
195,-10.769
196,-11.819
197,-12.891
198,-13.985
199,-15.099
200,-16.234
