0,10.768
1,10.766
2,10.765
3,10.763
4,10.761
5,10.759
6,10.757
7,10.755
8,10.754
9,10.752
10,10.75
11,10.748
12,10.746
13,10.745
14,10.743
15,10.741
16,10.739
17,10.737
18,10.735
19,10.734
20,10.732
21,10.73
22,10.728
23,10.726
24,10.724
25,10.723
26,10.721
27,10.719
28,10.717
29,10.715
30,10.713
31,10.712
32,10.71
33,10.708
34,10.706
35,10.704
36,10.702
37,10.701
38,10.699
39,10.697
40,10.695
41,10.693
42,10.691
43,10.69
44,10.688
45,10.686
46,10.684
47,10.682
48,10.68
49,10.679
50,10.677
51,10.675
52,10.673
53,10.671
54,10.669
55,10.668
56,10.666
57,10.664
58,10.662
59,10.66
60,10.658
61,10.657
62,10.655
63,10.653
64,10.651
65,10.649
66,10.647
67,10.646
68,10.644
69,10.642
70,10.64
71,10.638
72,10.636
73,10.635
74,10.633
75,10.631
76,10.629
77,10.627
78,10.625
79,10.624
80,10.622
81,10.62
82,10.618
83,10.616
84,10.614
85,10.612
86,10.611
87,10.609
88,10.607
89,10.605
90,10.603
91,10.601
92,10.599
93,10.598
94,10.596
95,10.594
96,10.592
97,10.59
98,10.588
99,10.586
100,10.584
101,10.582
102,10.58
103,10.578
104,10.576
105,10.574
106,10.572
107,10.57
108,10.568
109,10.566
110,10.564
111,10.562
112,10.56
113,10.558
114,10.555
115,10.553
116,10.551
117,10.548
118,10.546
119,10.543
120,10.54
121,10.538
122,10.535
123,10.532
124,10.529
125,10.525
126,10.522
127,10.518
128,10.515
129,10.511
130,10.506
131,10.502
132,10.497
133,10.492
134,10.486
135,10.48
136,10.474
137,10.467
138,10.459
139,10.451
140,10.442
141,10.432
142,10.422
143,10.41
144,10.398
145,10.384
146,10.368
147,10.352
148,10.333
149,10.313
150,10.291
151,10.266
152,10.239
153,10.209
154,10.176
155,10.14
156,10.1
157,10.056
158,10.007
159,9.9531
160,9.8937
161,9.8282
162,9.756
163,9.6764
164,9.5888
165,9.4925
166,9.3865
167,9.2701
168,9.1423
169,9.0023
170,8.849
171,8.6813
172,8.4982
173,8.2986
174,8.0813
175,7.8452
176,7.5891
177,7.3119
178,7.0124
179,6.6895
180,6.3422
181,5.9694
182,5.5702
183,5.1438
184,4.6893
185,4.2061
186,3.6935
187,3.1512
188,2.5787
189,1.9759
190,1.3425
191,0.67849
192,-0.015973
193,-0.74075
194,-1.4956
195,-2.2802
196,-3.094
197,-3.9367
198,-4.8077
199,-5.7064
200,-6.6321
