0,27.216
1,27.214
2,27.213
3,27.211
4,27.209
5,27.207
6,27.205
7,27.203
8,27.202
9,27.2
10,27.198
11,27.196
12,27.194
13,27.192
14,27.191
15,27.189
16,27.187
17,27.185
18,27.183
19,27.181
20,27.18
21,27.178
22,27.176
23,27.174
24,27.172
25,27.17
26,27.169
27,27.167
28,27.165
29,27.163
30,27.161
31,27.159
32,27.158
33,27.156
34,27.154
35,27.152
36,27.15
37,27.148
38,27.146
39,27.145
40,27.143
41,27.141
42,27.139
43,27.137
44,27.135
45,27.134
46,27.132
47,27.13
48,27.128
49,27.126
50,27.124
51,27.122
52,27.12
53,27.118
54,27.117
55,27.115
56,27.113
57,27.111
58,27.109
59,27.107
60,27.105
61,27.103
62,27.101
63,27.099
64,27.097
65,27.095
66,27.093
67,27.091
68,27.088
69,27.086
70,27.084
71,27.082
72,27.08
73,27.077
74,27.075
75,27.072
76,27.07
77,27.067
78,27.065
79,27.062
80,27.059
81,27.056
82,27.053
83,27.05
84,27.046
85,27.043
86,27.039
87,27.035
88,27.031
89,27.027
90,27.023
91,27.018
92,27.013
93,27.007
94,27.001
95,26.995
96,26.988
97,26.981
98,26.973
99,26.965
100,26.955
101,26.945
102,26.935
103,26.923
104,26.91
105,26.897
106,26.882
107,26.865
108,26.847
109,26.828
110,26.807
111,26.783
112,26.758
113,26.73
114,26.699
115,26.666
116,26.629
117,26.589
118,26.546
119,26.498
120,26.445
121,26.387
122,26.324
123,26.255
124,26.18
125,26.097
126,26.007
127,25.909
128,25.802
129,25.684
130,25.557
131,25.418
132,25.267
133,25.103
134,24.924
135,24.732
136,24.523
137,24.297
138,24.054
139,23.791
140,23.509
141,23.206
142,22.882
143,22.535
144,22.164
145,21.769
146,21.35
147,20.904
148,20.432
149,19.934
150,19.408
151,18.854
152,18.272
153,17.663
154,17.025
155,16.359
156,15.665
157,14.943
158,14.193
159,13.415
160,12.611
161,11.779
162,10.921
163,10.038
164,9.1288
165,8.1951
166,7.2372
167,6.2557
168,5.2511
169,4.2241
170,3.1753
171,2.1053
172,1.0148
173,-0.095776
174,-1.2257
175,-2.3743
176,-3.5412
177,-4.7257
178,-5.9272
179,-7.1452
180,-8.3792
181,-9.6287
182,-10.893
183,-12.172
184,-13.465
185,-14.771
186,-16.091
187,-17.423
188,-18.768
189,-20.124
190,-21.492
191,-22.871
192,-24.261
193,-25.661
194,-27.071
195,-28.492
196,-29.921
197,-31.36
198,-32.808
199,-34.264
200,-35.729
