0,20.003
1,20.002
2,20
3,19.998
4,19.996
5,19.994
6,19.992
7,19.991
8,19.989
9,19.987
10,19.985
11,19.983
12,19.981
13,19.98
14,19.978
15,19.976
16,19.974
17,19.972
18,19.97
19,19.969
20,19.967
21,19.965
22,19.963
23,19.961
24,19.96
25,19.958
26,19.956
27,19.954
28,19.952
29,19.95
30,19.949
31,19.947
32,19.945
33,19.943
34,19.941
35,19.939
36,19.938
37,19.936
38,19.934
39,19.932
40,19.93
41,19.928
42,19.927
43,19.925
44,19.923
45,19.921
46,19.919
47,19.917
48,19.916
49,19.914
50,19.912
51,19.91
52,19.908
53,19.906
54,19.905
55,19.903
56,19.901
57,19.899
58,19.897
59,19.895
60,19.894
61,19.892
62,19.89
63,19.888
64,19.886
65,19.884
66,19.883
67,19.881
68,19.879
69,19.877
70,19.875
71,19.873
72,19.872
73,19.87
74,19.868
75,19.866
76,19.864
77,19.862
78,19.86
79,19.859
80,19.857
81,19.855
82,19.853
83,19.851
84,19.849
85,19.847
86,19.846
87,19.844
88,19.842
89,19.84
90,19.838
91,19.836
92,19.834
93,19.832
94,19.83
95,19.828
96,19.826
97,19.825
98,19.823
99,19.821
100,19.818
101,19.816
102,19.814
103,19.812
104,19.81
105,19.808
106,19.806
107,19.804
108,19.801
109,19.799
110,19.797
111,19.794
112,19.792
113,19.789
114,19.786
115,19.784
116,19.781
117,19.778
118,19.775
119,19.771
120,19.768
121,19.764
122,19.76
123,19.756
124,19.752
125,19.747
126,19.743
127,19.737
128,19.732
129,19.726
130,19.719
131,19.712
132,19.704
133,19.696
134,19.687
135,19.677
136,19.667
137,19.655
138,19.642
139,19.628
140,19.613
141,19.596
142,19.577
143,19.557
144,19.534
145,19.509
146,19.482
147,19.452
148,19.419
149,19.382
150,19.342
151,19.297
152,19.248
153,19.194
154,19.134
155,19.068
156,18.996
157,18.916
158,18.828
159,18.731
160,18.625
161,18.508
162,18.38
163,18.24
164,18.086
165,17.918
166,17.735
167,17.535
168,17.317
169,17.081
170,16.825
171,16.548
172,16.248
173,15.926
174,15.579
175,15.206
176,14.808
177,14.382
178,13.928
179,13.446
180,12.934
181,12.393
182,11.821
183,11.22
184,10.588
185,9.9253
186,9.2325
187,8.5094
188,7.7563
189,6.9736
190,6.1617
191,5.321
192,4.4521
193,3.5555
194,2.6319
195,1.6819
196,0.70628
197,-0.29438
198,-1.3193
199,-2.3678
200,-3.4392
