0,18.573
1,18.571
2,18.569
3,18.567
4,18.566
5,18.564
6,18.562
7,18.56
8,18.558
9,18.557
10,18.555
11,18.553
12,18.551
13,18.549
14,18.547
15,18.546
16,18.544
17,18.542
18,18.54
19,18.538
20,18.536
21,18.535
22,18.533
23,18.531
24,18.529
25,18.527
26,18.525
27,18.524
28,18.522
29,18.52
30,18.518
31,18.516
32,18.514
33,18.513
34,18.511
35,18.509
36,18.507
37,18.505
38,18.503
39,18.502
40,18.5
41,18.498
42,18.496
43,18.494
44,18.492
45,18.491
46,18.489
47,18.487
48,18.485
49,18.483
50,18.481
51,18.48
52,18.478
53,18.476
54,18.474
55,18.472
56,18.47
57,18.469
58,18.467
59,18.465
60,18.463
61,18.461
62,18.459
63,18.457
64,18.456
65,18.454
66,18.452
67,18.45
68,18.448
69,18.446
70,18.444
71,18.443
72,18.441
73,18.439
74,18.437
75,18.435
76,18.433
77,18.431
78,18.429
79,18.427
80,18.426
81,18.424
82,18.422
83,18.42
84,18.418
85,18.416
86,18.414
87,18.412
88,18.41
89,18.408
90,18.405
91,18.403
92,18.401
93,18.399
94,18.397
95,18.394
96,18.392
97,18.39
98,18.387
99,18.385
100,18.382
101,18.379
102,18.376
103,18.374
104,18.371
105,18.367
106,18.364
107,18.361
108,18.357
109,18.353
110,18.349
111,18.345
112,18.341
113,18.336
114,18.331
115,18.325
116,18.319
117,18.313
118,18.306
119,18.299
120,18.291
121,18.282
122,18.273
123,18.262
124,18.251
125,18.239
126,18.226
127,18.212
128,18.196
129,18.179
130,18.16
131,18.139
132,18.116
133,18.091
134,18.064
135,18.034
136,18
137,17.964
138,17.924
139,17.88
140,17.832
141,17.778
142,17.72
143,17.655
144,17.585
145,17.507
146,17.422
147,17.329
148,17.227
149,17.115
150,16.992
151,16.858
152,16.712
153,16.552
154,16.379
155,16.189
156,15.984
157,15.761
158,15.52
159,15.26
160,14.978
161,14.675
162,14.35
163,14.001
164,13.627
165,13.228
166,12.802
167,12.35
168,11.87
169,11.362
170,10.825
171,10.259
172,9.6641
173,9.0396
174,8.3858
175,7.7025
176,6.9899
177,6.2483
178,5.4779
179,4.679
180,3.8522
181,2.9978
182,2.1163
183,1.2084
184,0.27466
185,-0.68437
186,-1.668
187,-2.6756
188,-3.7065
189,-4.76
190,-5.8355
191,-6.9323
192,-8.0497
193,-9.187
194,-10.344
195,-11.519
196,-12.713
197,-13.924
198,-15.151
199,-16.396
200,-17.656
