0,19.598
1,19.596
2,19.594
3,19.592
4,19.591
5,19.589
6,19.587
7,19.585
8,19.583
9,19.581
10,19.58
11,19.578
12,19.576
13,19.574
14,19.572
15,19.57
16,19.569
17,19.567
18,19.565
19,19.563
20,19.561
21,19.559
22,19.558
23,19.556
24,19.554
25,19.552
26,19.55
27,19.548
28,19.547
29,19.545
30,19.543
31,19.541
32,19.539
33,19.537
34,19.536
35,19.534
36,19.532
37,19.53
38,19.528
39,19.526
40,19.525
41,19.523
42,19.521
43,19.519
44,19.517
45,19.515
46,19.513
47,19.512
48,19.51
49,19.508
50,19.506
51,19.504
52,19.502
53,19.5
54,19.498
55,19.496
56,19.495
57,19.493
58,19.491
59,19.489
60,19.487
61,19.485
62,19.483
63,19.481
64,19.479
65,19.477
66,19.475
67,19.473
68,19.471
69,19.469
70,19.467
71,19.464
72,19.462
73,19.46
74,19.458
75,19.455
76,19.453
77,19.451
78,19.448
79,19.446
80,19.443
81,19.44
82,19.438
83,19.435
84,19.432
85,19.429
86,19.425
87,19.422
88,19.418
89,19.415
90,19.411
91,19.407
92,19.402
93,19.397
94,19.393
95,19.387
96,19.382
97,19.376
98,19.369
99,19.362
100,19.355
101,19.347
102,19.338
103,19.328
104,19.318
105,19.307
106,19.295
107,19.282
108,19.268
109,19.253
110,19.236
111,19.217
112,19.197
113,19.175
114,19.151
115,19.125
116,19.096
117,19.065
118,19.031
119,18.993
120,18.952
121,18.907
122,18.858
123,18.804
124,18.744
125,18.68
126,18.609
127,18.532
128,18.447
129,18.355
130,18.254
131,18.144
132,18.024
133,17.894
134,17.752
135,17.597
136,17.43
137,17.248
138,17.051
139,16.838
140,16.608
141,16.361
142,16.094
143,15.807
144,15.499
145,15.17
146,14.818
147,14.442
148,14.042
149,13.617
150,13.166
151,12.688
152,12.184
153,11.653
154,11.094
155,10.507
156,9.8917
157,9.2486
158,8.5774
159,7.8782
160,7.1511
161,6.3963
162,5.6142
163,4.8051
164,3.9693
165,3.1074
166,2.2198
167,1.307
168,0.36961
169,-0.59184
170,-1.5767
171,-2.5845
172,-3.6146
173,-4.6663
174,-5.739
175,-6.8322
176,-7.9452
177,-9.0774
178,-10.228
179,-11.397
180,-12.584
181,-13.787
182,-15.007
183,-16.242
184,-17.493
185,-18.759
186,-20.039
187,-21.334
188,-22.641
189,-23.962
190,-25.295
191,-26.64
192,-27.998
193,-29.366
194,-30.746
195,-32.137
196,-33.538
197,-34.948
198,-36.369
199,-37.799
200,-39.239
