0,22.22
1,22.218
2,22.216
3,22.214
4,22.212
5,22.21
6,22.209
7,22.207
8,22.205
9,22.203
10,22.201
11,22.199
12,22.198
13,22.196
14,22.194
15,22.192
16,22.19
17,22.188
18,22.187
19,22.185
20,22.183
21,22.181
22,22.179
23,22.177
24,22.176
25,22.174
26,22.172
27,22.17
28,22.168
29,22.166
30,22.165
31,22.163
32,22.161
33,22.159
34,22.157
35,22.155
36,22.154
37,22.152
38,22.15
39,22.148
40,22.146
41,22.144
42,22.142
43,22.141
44,22.139
45,22.137
46,22.135
47,22.133
48,22.131
49,22.129
50,22.127
51,22.125
52,22.124
53,22.122
54,22.12
55,22.118
56,22.116
57,22.114
58,22.112
59,22.11
60,22.108
61,22.106
62,22.104
63,22.102
64,22.099
65,22.097
66,22.095
67,22.093
68,22.091
69,22.088
70,22.086
71,22.084
72,22.081
73,22.079
74,22.076
75,22.073
76,22.071
77,22.068
78,22.065
79,22.062
80,22.059
81,22.055
82,22.052
83,22.048
84,22.044
85,22.04
86,22.036
87,22.032
88,22.027
89,22.022
90,22.016
91,22.01
92,22.004
93,21.998
94,21.99
95,21.983
96,21.975
97,21.966
98,21.956
99,21.945
100,21.934
101,21.922
102,21.908
103,21.894
104,21.878
105,21.861
106,21.842
107,21.821
108,21.799
109,21.775
110,21.748
111,21.719
112,21.687
113,21.652
114,21.614
115,21.572
116,21.526
117,21.476
118,21.421
119,21.361
120,21.296
121,21.224
122,21.146
123,21.061
124,20.968
125,20.867
126,20.756
127,20.635
128,20.504
129,20.362
130,20.207
131,20.039
132,19.857
133,19.661
134,19.448
135,19.218
136,18.971
137,18.705
138,18.419
139,18.113
140,17.784
141,17.434
142,17.06
143,16.662
144,16.24
145,15.792
146,15.318
147,14.817
148,14.289
149,13.734
150,13.152
151,12.542
152,11.904
153,11.238
154,10.544
155,9.8227
156,9.0739
157,8.2979
158,7.4951
159,6.6658
160,5.8105
161,4.9296
162,4.0237
163,3.0932
164,2.1387
165,1.1608
166,0.1601
167,-0.86288
168,-1.9075
169,-2.9731
170,-4.0592
171,-5.1652
172,-6.2904
173,-7.4343
174,-8.5963
175,-9.7758
176,-10.972
177,-12.185
178,-13.414
179,-14.659
180,-15.918
181,-17.192
182,-18.48
183,-19.781
184,-21.095
185,-22.422
186,-23.762
187,-25.113
188,-26.476
189,-27.85
190,-29.235
191,-30.63
192,-32.035
193,-33.45
194,-34.875
195,-36.309
196,-37.752
197,-39.203
198,-40.663
199,-42.131
200,-43.608
