0,21.431
1,21.429
2,21.427
3,21.425
4,21.423
5,21.422
6,21.42
7,21.418
8,21.416
9,21.414
10,21.412
11,21.411
12,21.409
13,21.407
14,21.405
15,21.403
16,21.401
17,21.4
18,21.398
19,21.396
20,21.394
21,21.392
22,21.391
23,21.389
24,21.387
25,21.385
26,21.383
27,21.381
28,21.38
29,21.378
30,21.376
31,21.374
32,21.372
33,21.37
34,21.369
35,21.367
36,21.365
37,21.363
38,21.361
39,21.359
40,21.358
41,21.356
42,21.354
43,21.352
44,21.35
45,21.348
46,21.347
47,21.345
48,21.343
49,21.341
50,21.339
51,21.337
52,21.336
53,21.334
54,21.332
55,21.33
56,21.328
57,21.326
58,21.325
59,21.323
60,21.321
61,21.319
62,21.317
63,21.315
64,21.314
65,21.312
66,21.31
67,21.308
68,21.306
69,21.304
70,21.302
71,21.301
72,21.299
73,21.297
74,21.295
75,21.293
76,21.291
77,21.289
78,21.288
79,21.286
80,21.284
81,21.282
82,21.28
83,21.278
84,21.276
85,21.274
86,21.272
87,21.271
88,21.269
89,21.267
90,21.265
91,21.263
92,21.261
93,21.259
94,21.257
95,21.255
96,21.253
97,21.25
98,21.248
99,21.246
100,21.244
101,21.242
102,21.239
103,21.237
104,21.235
105,21.232
106,21.23
107,21.227
108,21.224
109,21.221
110,21.219
111,21.216
112,21.212
113,21.209
114,21.206
115,21.202
116,21.198
117,21.194
118,21.19
119,21.185
120,21.18
121,21.175
122,21.169
123,21.163
124,21.156
125,21.149
126,21.142
127,21.133
128,21.124
129,21.114
130,21.104
131,21.092
132,21.079
133,21.065
134,21.05
135,21.033
136,21.015
137,20.994
138,20.972
139,20.948
140,20.921
141,20.891
142,20.859
143,20.823
144,20.783
145,20.739
146,20.691
147,20.638
148,20.58
149,20.516
150,20.445
151,20.367
152,20.282
153,20.188
154,20.085
155,19.972
156,19.848
157,19.712
158,19.564
159,19.401
160,19.225
161,19.032
162,18.822
163,18.595
164,18.348
165,18.081
166,17.793
167,17.482
168,17.147
169,16.789
170,16.405
171,15.994
172,15.556
173,15.091
174,14.597
175,14.074
176,13.521
177,12.939
178,12.327
179,11.685
180,11.013
181,10.311
182,9.5793
183,8.818
184,8.0276
185,7.2084
186,6.3611
187,5.486
188,4.5838
189,3.655
190,2.7003
191,1.7205
192,0.71605
193,-0.31222
194,-1.3637
195,-2.4376
196,-3.5332
197,-4.65
198,-5.7871
199,-6.944
200,-8.1199
