0,22.146
1,22.144
2,22.142
3,22.14
4,22.138
5,22.137
6,22.135
7,22.133
8,22.131
9,22.129
10,22.127
11,22.126
12,22.124
13,22.122
14,22.12
15,22.118
16,22.116
17,22.115
18,22.113
19,22.111
20,22.109
21,22.107
22,22.105
23,22.104
24,22.102
25,22.1
26,22.098
27,22.096
28,22.094
29,22.093
30,22.091
31,22.089
32,22.087
33,22.085
34,22.083
35,22.082
36,22.08
37,22.078
38,22.076
39,22.074
40,22.072
41,22.071
42,22.069
43,22.067
44,22.065
45,22.063
46,22.061
47,22.06
48,22.058
49,22.056
50,22.054
51,22.052
52,22.05
53,22.048
54,22.047
55,22.045
56,22.043
57,22.041
58,22.039
59,22.037
60,22.035
61,22.033
62,22.032
63,22.03
64,22.028
65,22.026
66,22.024
67,22.022
68,22.02
69,22.018
70,22.016
71,22.014
72,22.012
73,22.01
74,22.008
75,22.006
76,22.004
77,22.001
78,21.999
79,21.997
80,21.995
81,21.992
82,21.99
83,21.988
84,21.985
85,21.982
86,21.98
87,21.977
88,21.974
89,21.971
90,21.968
91,21.965
92,21.962
93,21.958
94,21.955
95,21.951
96,21.947
97,21.943
98,21.938
99,21.933
100,21.928
101,21.923
102,21.917
103,21.91
104,21.904
105,21.896
106,21.888
107,21.88
108,21.871
109,21.861
110,21.85
111,21.838
112,21.825
113,21.811
114,21.796
115,21.78
116,21.762
117,21.742
118,21.72
119,21.696
120,21.67
121,21.642
122,21.611
123,21.577
124,21.539
125,21.498
126,21.453
127,21.404
128,21.349
129,21.29
130,21.225
131,21.154
132,21.076
133,20.99
134,20.897
135,20.795
136,20.683
137,20.562
138,20.429
139,20.285
140,20.127
141,19.956
142,19.771
143,19.57
144,19.352
145,19.117
146,18.863
147,18.59
148,18.296
149,17.98
150,17.642
151,17.28
152,16.895
153,16.484
154,16.047
155,15.584
156,15.093
157,14.576
158,14.03
159,13.456
160,12.854
161,12.223
162,11.564
163,10.876
164,10.159
165,9.4148
166,8.6424
167,7.8423
168,7.0151
169,6.1611
170,5.2809
171,4.375
172,3.4438
173,2.4881
174,1.5084
175,0.50538
176,-0.52043
177,-1.5684
178,-2.6378
179,-3.728
180,-4.8385
181,-5.9687
182,-7.1178
183,-8.2853
184,-9.4706
185,-10.673
186,-11.892
187,-13.128
188,-14.379
189,-15.645
190,-16.926
191,-18.221
192,-19.529
193,-20.851
194,-22.185
195,-23.532
196,-24.891
197,-26.261
198,-27.643
199,-29.035
200,-30.438
