0,23.438
1,23.436
2,23.434
3,23.433
4,23.431
5,23.429
6,23.427
7,23.425
8,23.423
9,23.422
10,23.42
11,23.418
12,23.416
13,23.414
14,23.412
15,23.411
16,23.409
17,23.407
18,23.405
19,23.403
20,23.401
21,23.4
22,23.398
23,23.396
24,23.394
25,23.392
26,23.39
27,23.389
28,23.387
29,23.385
30,23.383
31,23.381
32,23.379
33,23.378
34,23.376
35,23.374
36,23.372
37,23.37
38,23.368
39,23.367
40,23.365
41,23.363
42,23.361
43,23.359
44,23.357
45,23.356
46,23.354
47,23.352
48,23.35
49,23.348
50,23.346
51,23.345
52,23.343
53,23.341
54,23.339
55,23.337
56,23.335
57,23.334
58,23.332
59,23.33
60,23.328
61,23.326
62,23.324
63,23.323
64,23.321
65,23.319
66,23.317
67,23.315
68,23.313
69,23.312
70,23.31
71,23.308
72,23.306
73,23.304
74,23.302
75,23.301
76,23.299
77,23.297
78,23.295
79,23.293
80,23.291
81,23.289
82,23.287
83,23.286
84,23.284
85,23.282
86,23.28
87,23.278
88,23.276
89,23.274
90,23.272
91,23.27
92,23.268
93,23.266
94,23.264
95,23.262
96,23.26
97,23.258
98,23.256
99,23.254
100,23.252
101,23.25
102,23.247
103,23.245
104,23.243
105,23.241
106,23.238
107,23.236
108,23.233
109,23.23
110,23.228
111,23.225
112,23.222
113,23.219
114,23.216
115,23.212
116,23.209
117,23.205
118,23.201
119,23.197
120,23.192
121,23.188
122,23.183
123,23.177
124,23.171
125,23.165
126,23.158
127,23.151
128,23.143
129,23.135
130,23.125
131,23.115
132,23.104
133,23.092
134,23.078
135,23.064
136,23.048
137,23.03
138,23.011
139,22.99
140,22.967
141,22.941
142,22.913
143,22.882
144,22.848
145,22.81
146,22.768
147,22.722
148,22.672
149,22.616
150,22.554
151,22.487
152,22.412
153,22.33
154,22.24
155,22.141
156,22.032
157,21.913
158,21.782
159,21.638
160,21.482
161,21.311
162,21.124
163,20.921
164,20.7
165,20.46
166,20.2
167,19.919
168,19.616
169,19.289
170,18.939
171,18.562
172,18.16
173,17.731
174,17.273
175,16.787
176,16.273
177,15.728
178,15.154
179,14.55
180,13.915
181,13.25
182,12.556
183,11.831
184,11.076
185,10.292
186,9.4786
187,8.6369
188,7.7672
189,6.8701
190,5.9461
191,4.9959
192,4.0203
193,3.0198
194,1.9952
195,0.94711
196,-0.12366
197,-1.2164
198,-2.3305
199,-3.4653
200,-4.6199
