0,21.235
1,21.233
2,21.231
3,21.229
4,21.227
5,21.226
6,21.224
7,21.222
8,21.22
9,21.218
10,21.216
11,21.215
12,21.213
13,21.211
14,21.209
15,21.207
16,21.205
17,21.204
18,21.202
19,21.2
20,21.198
21,21.196
22,21.194
23,21.193
24,21.191
25,21.189
26,21.187
27,21.185
28,21.183
29,21.182
30,21.18
31,21.178
32,21.176
33,21.174
34,21.172
35,21.171
36,21.169
37,21.167
38,21.165
39,21.163
40,21.161
41,21.16
42,21.158
43,21.156
44,21.154
45,21.152
46,21.15
47,21.149
48,21.147
49,21.145
50,21.143
51,21.141
52,21.139
53,21.137
54,21.136
55,21.134
56,21.132
57,21.13
58,21.128
59,21.126
60,21.124
61,21.123
62,21.121
63,21.119
64,21.117
65,21.115
66,21.113
67,21.111
68,21.109
69,21.108
70,21.106
71,21.104
72,21.102
73,21.1
74,21.098
75,21.096
76,21.094
77,21.092
78,21.09
79,21.088
80,21.086
81,21.084
82,21.082
83,21.079
84,21.077
85,21.075
86,21.073
87,21.07
88,21.068
89,21.066
90,21.063
91,21.061
92,21.058
93,21.055
94,21.052
95,21.049
96,21.046
97,21.043
98,21.04
99,21.036
100,21.033
101,21.029
102,21.025
103,21.02
104,21.016
105,21.011
106,21.006
107,21
108,20.994
109,20.988
110,20.981
111,20.974
112,20.966
113,20.957
114,20.948
115,20.938
116,20.927
117,20.915
118,20.901
119,20.887
120,20.871
121,20.854
122,20.836
123,20.815
124,20.793
125,20.768
126,20.741
127,20.712
128,20.679
129,20.644
130,20.605
131,20.562
132,20.515
133,20.463
134,20.407
135,20.344
136,20.276
137,20.201
138,20.119
139,20.03
140,19.931
141,19.824
142,19.706
143,19.578
144,19.438
145,19.285
146,19.119
147,18.939
148,18.743
149,18.53
150,18.3
151,18.052
152,17.783
153,17.495
154,17.184
155,16.851
156,16.495
157,16.114
158,15.708
159,15.275
160,14.816
161,14.33
162,13.816
163,13.274
164,12.703
165,12.104
166,11.475
167,10.818
168,10.131
169,9.416
170,8.6722
171,7.9002
172,7.1002
173,6.2727
174,5.4181
175,4.5369
176,3.6296
177,2.6969
178,1.7393
179,0.75752
180,-0.24792
181,-1.2763
182,-2.3271
183,-3.3995
184,-4.493
185,-5.6068
186,-6.7405
187,-7.8932
188,-9.0645
189,-10.254
190,-11.46
191,-12.684
192,-13.923
193,-15.178
194,-16.449
195,-17.734
196,-19.033
197,-20.346
198,-21.672
199,-23.011
200,-24.362
