0,25.427
1,25.425
2,25.423
3,25.421
4,25.419
5,25.417
6,25.416
7,25.414
8,25.412
9,25.41
10,25.408
11,25.406
12,25.405
13,25.403
14,25.401
15,25.399
16,25.397
17,25.396
18,25.394
19,25.392
20,25.39
21,25.388
22,25.386
23,25.385
24,25.383
25,25.381
26,25.379
27,25.377
28,25.375
29,25.374
30,25.372
31,25.37
32,25.368
33,25.366
34,25.364
35,25.363
36,25.361
37,25.359
38,25.357
39,25.355
40,25.353
41,25.352
42,25.35
43,25.348
44,25.346
45,25.344
46,25.342
47,25.341
48,25.339
49,25.337
50,25.335
51,25.333
52,25.331
53,25.329
54,25.328
55,25.326
56,25.324
57,25.322
58,25.32
59,25.318
60,25.317
61,25.315
62,25.313
63,25.311
64,25.309
65,25.307
66,25.305
67,25.304
68,25.302
69,25.3
70,25.298
71,25.296
72,25.294
73,25.292
74,25.29
75,25.288
76,25.286
77,25.284
78,25.282
79,25.28
80,25.278
81,25.276
82,25.274
83,25.272
84,25.27
85,25.268
86,25.266
87,25.264
88,25.262
89,25.259
90,25.257
91,25.255
92,25.252
93,25.25
94,25.247
95,25.245
96,25.242
97,25.239
98,25.236
99,25.233
100,25.23
101,25.227
102,25.224
103,25.22
104,25.216
105,25.212
106,25.208
107,25.203
108,25.199
109,25.194
110,25.188
111,25.182
112,25.176
113,25.169
114,25.162
115,25.154
116,25.145
117,25.136
118,25.126
119,25.115
120,25.103
121,25.09
122,25.076
123,25.06
124,25.043
125,25.024
126,25.004
127,24.981
128,24.957
129,24.93
130,24.9
131,24.867
132,24.832
133,24.792
134,24.749
135,24.701
136,24.649
137,24.591
138,24.528
139,24.459
140,24.382
141,24.299
142,24.207
143,24.107
144,23.997
145,23.876
146,23.745
147,23.601
148,23.445
149,23.274
150,23.088
151,22.887
152,22.668
153,22.431
154,22.175
155,21.899
156,21.602
157,21.282
158,20.938
159,20.571
160,20.178
161,19.76
162,19.314
163,18.842
164,18.341
165,17.812
166,17.254
167,16.667
168,16.051
169,15.406
170,14.731
171,14.027
172,13.294
173,12.532
174,11.742
175,10.923
176,10.077
177,9.204
178,8.3044
179,7.3788
180,6.4278
181,5.4521
182,4.4522
183,3.429
184,2.3829
185,1.3148
186,0.22522
187,-0.88514
188,-2.0156
189,-3.1656
190,-4.3345
191,-5.5215
192,-6.7263
193,-7.948
194,-9.1863
195,-10.44
196,-11.71
197,-12.994
198,-14.293
199,-15.606
200,-16.932
