0,24.297
1,24.295
2,24.293
3,24.291
4,24.289
5,24.287
6,24.286
7,24.284
8,24.282
9,24.28
10,24.278
11,24.276
12,24.275
13,24.273
14,24.271
15,24.269
16,24.267
17,24.265
18,24.264
19,24.262
20,24.26
21,24.258
22,24.256
23,24.254
24,24.253
25,24.251
26,24.249
27,24.247
28,24.245
29,24.243
30,24.242
31,24.24
32,24.238
33,24.236
34,24.234
35,24.232
36,24.231
37,24.229
38,24.227
39,24.225
40,24.223
41,24.221
42,24.22
43,24.218
44,24.216
45,24.214
46,24.212
47,24.21
48,24.209
49,24.207
50,24.205
51,24.203
52,24.201
53,24.199
54,24.198
55,24.196
56,24.194
57,24.192
58,24.19
59,24.188
60,24.187
61,24.185
62,24.183
63,24.181
64,24.179
65,24.177
66,24.175
67,24.173
68,24.172
69,24.17
70,24.168
71,24.166
72,24.164
73,24.162
74,24.16
75,24.158
76,24.156
77,24.154
78,24.152
79,24.15
80,24.149
81,24.147
82,24.144
83,24.142
84,24.14
85,24.138
86,24.136
87,24.134
88,24.132
89,24.13
90,24.127
91,24.125
92,24.123
93,24.12
94,24.118
95,24.115
96,24.113
97,24.11
98,24.107
99,24.104
100,24.101
101,24.098
102,24.094
103,24.091
104,24.087
105,24.083
106,24.079
107,24.075
108,24.07
109,24.065
110,24.06
111,24.055
112,24.049
113,24.042
114,24.035
115,24.027
116,24.019
117,24.01
118,24.001
119,23.99
120,23.979
121,23.967
122,23.953
123,23.938
124,23.922
125,23.904
126,23.885
127,23.864
128,23.84
129,23.815
130,23.787
131,23.756
132,23.722
133,23.685
134,23.644
135,23.599
136,23.549
137,23.495
138,23.435
139,23.369
140,23.297
141,23.218
142,23.131
143,23.036
144,22.931
145,22.817
146,22.692
147,22.556
148,22.407
149,22.245
150,22.068
151,21.876
152,21.668
153,21.442
154,21.197
155,20.933
156,20.648
157,20.341
158,20.012
159,19.659
160,19.281
161,18.878
162,18.448
163,17.992
164,17.508
165,16.996
166,16.455
167,15.885
168,15.286
169,14.658
170,14
171,13.313
172,12.597
173,11.852
174,11.079
175,10.277
176,9.4469
177,8.5897
178,7.7056
179,6.7952
180,5.859
181,4.8978
182,3.9121
183,2.9025
184,1.8698
185,0.81457
186,-0.26248
187,-1.3607
188,-2.4794
189,-3.618
190,-4.7758
191,-5.9523
192,-7.1467
193,-8.3585
194,-9.5871
195,-10.832
196,-12.093
197,-13.368
198,-14.659
199,-15.963
200,-17.282
