0,24.569
1,24.567
2,24.565
3,24.563
4,24.561
5,24.56
6,24.558
7,24.556
8,24.554
9,24.552
10,24.55
11,24.549
12,24.547
13,24.545
14,24.543
15,24.541
16,24.539
17,24.538
18,24.536
19,24.534
20,24.532
21,24.53
22,24.528
23,24.527
24,24.525
25,24.523
26,24.521
27,24.519
28,24.517
29,24.516
30,24.514
31,24.512
32,24.51
33,24.508
34,24.507
35,24.505
36,24.503
37,24.501
38,24.499
39,24.497
40,24.496
41,24.494
42,24.492
43,24.49
44,24.488
45,24.486
46,24.485
47,24.483
48,24.481
49,24.479
50,24.477
51,24.475
52,24.474
53,24.472
54,24.47
55,24.468
56,24.466
57,24.464
58,24.462
59,24.461
60,24.459
61,24.457
62,24.455
63,24.453
64,24.451
65,24.45
66,24.448
67,24.446
68,24.444
69,24.442
70,24.44
71,24.438
72,24.437
73,24.435
74,24.433
75,24.431
76,24.429
77,24.427
78,24.425
79,24.423
80,24.421
81,24.419
82,24.417
83,24.415
84,24.413
85,24.411
86,24.409
87,24.407
88,24.405
89,24.403
90,24.401
91,24.399
92,24.397
93,24.395
94,24.392
95,24.39
96,24.388
97,24.385
98,24.383
99,24.38
100,24.378
101,24.375
102,24.372
103,24.369
104,24.366
105,24.363
106,24.359
107,24.356
108,24.352
109,24.348
110,24.344
111,24.34
112,24.335
113,24.33
114,24.325
115,24.319
116,24.313
117,24.307
118,24.3
119,24.292
120,24.284
121,24.275
122,24.265
123,24.254
124,24.243
125,24.23
126,24.216
127,24.201
128,24.185
129,24.167
130,24.147
131,24.125
132,24.101
133,24.075
134,24.046
135,24.014
136,23.979
137,23.94
138,23.898
139,23.851
140,23.8
141,23.744
142,23.682
143,23.614
144,23.539
145,23.456
146,23.366
147,23.267
148,23.158
149,23.04
150,22.909
151,22.767
152,22.612
153,22.443
154,22.258
155,22.058
156,21.84
157,21.605
158,21.349
159,21.074
160,20.777
161,20.457
162,20.114
163,19.746
164,19.353
165,18.934
166,18.487
167,18.013
168,17.511
169,16.98
170,16.42
171,15.83
172,15.211
173,14.562
174,13.884
175,13.176
176,12.439
177,11.673
178,10.878
179,10.055
180,9.2039
181,8.3257
182,7.4208
183,6.4897
184,5.5332
185,4.5519
186,3.5463
187,2.5173
188,1.4654
189,0.39136
190,-0.70415
191,-1.8205
192,-2.9569
193,-4.1128
194,-5.2876
195,-6.4806
196,-7.6913
197,-8.9189
198,-10.163
199,-11.423
200,-12.698
