0,26.909
1,26.907
2,26.905
3,26.903
4,26.901
5,26.9
6,26.898
7,26.896
8,26.894
9,26.892
10,26.89
11,26.889
12,26.887
13,26.885
14,26.883
15,26.881
16,26.879
17,26.878
18,26.876
19,26.874
20,26.872
21,26.87
22,26.868
23,26.867
24,26.865
25,26.863
26,26.861
27,26.859
28,26.858
29,26.856
30,26.854
31,26.852
32,26.85
33,26.848
34,26.847
35,26.845
36,26.843
37,26.841
38,26.839
39,26.837
40,26.836
41,26.834
42,26.832
43,26.83
44,26.828
45,26.826
46,26.825
47,26.823
48,26.821
49,26.819
50,26.817
51,26.815
52,26.813
53,26.812
54,26.81
55,26.808
56,26.806
57,26.804
58,26.802
59,26.801
60,26.799
61,26.797
62,26.795
63,26.793
64,26.791
65,26.789
66,26.788
67,26.786
68,26.784
69,26.782
70,26.78
71,26.778
72,26.776
73,26.774
74,26.773
75,26.771
76,26.769
77,26.767
78,26.765
79,26.763
80,26.761
81,26.759
82,26.757
83,26.755
84,26.753
85,26.751
86,26.749
87,26.747
88,26.745
89,26.742
90,26.74
91,26.738
92,26.736
93,26.733
94,26.731
95,26.728
96,26.726
97,26.723
98,26.721
99,26.718
100,26.715
101,26.712
102,26.709
103,26.706
104,26.702
105,26.699
106,26.695
107,26.691
108,26.686
109,26.682
110,26.677
111,26.672
112,26.666
113,26.661
114,26.654
115,26.647
116,26.64
117,26.632
118,26.623
119,26.614
120,26.604
121,26.593
122,26.581
123,26.567
124,26.553
125,26.537
126,26.52
127,26.501
128,26.48
129,26.457
130,26.432
131,26.404
132,26.374
133,26.341
134,26.304
135,26.264
136,26.219
137,26.171
138,26.117
139,26.058
140,25.993
141,25.922
142,25.844
143,25.758
144,25.664
145,25.56
146,25.447
147,25.323
148,25.188
149,25.04
150,24.879
151,24.703
152,24.512
153,24.305
154,24.08
155,23.836
156,23.572
157,23.288
158,22.982
159,22.653
160,22.3
161,21.922
162,21.519
163,21.089
164,20.632
165,20.147
166,19.634
167,19.092
168,18.521
169,17.92
170,17.29
171,16.631
172,15.942
173,15.223
174,14.476
175,13.7
176,12.895
177,12.062
178,11.202
179,10.314
180,9.4008
181,8.4612
182,7.4965
183,6.5072
184,5.4941
185,4.4577
186,3.3988
187,2.318
188,1.2161
189,0.093581
190,-1.0488
191,-2.2104
192,-3.3906
193,-4.5888
194,-5.8044
195,-7.0367
196,-8.2853
197,-9.5496
198,-10.829
199,-12.123
200,-13.431
