0,18.134
1,18.132
2,18.13
3,18.128
4,18.126
5,18.125
6,18.123
7,18.121
8,18.119
9,18.117
10,18.115
11,18.114
12,18.112
13,18.11
14,18.108
15,18.106
16,18.104
17,18.103
18,18.101
19,18.099
20,18.097
21,18.095
22,18.093
23,18.092
24,18.09
25,18.088
26,18.086
27,18.084
28,18.082
29,18.081
30,18.079
31,18.077
32,18.075
33,18.073
34,18.071
35,18.07
36,18.068
37,18.066
38,18.064
39,18.062
40,18.061
41,18.059
42,18.057
43,18.055
44,18.053
45,18.051
46,18.05
47,18.048
48,18.046
49,18.044
50,18.042
51,18.04
52,18.039
53,18.037
54,18.035
55,18.033
56,18.031
57,18.029
58,18.028
59,18.026
60,18.024
61,18.022
62,18.02
63,18.018
64,18.017
65,18.015
66,18.013
67,18.011
68,18.009
69,18.007
70,18.005
71,18.004
72,18.002
73,18
74,17.998
75,17.996
76,17.994
77,17.992
78,17.991
79,17.989
80,17.987
81,17.985
82,17.983
83,17.981
84,17.979
85,17.977
86,17.976
87,17.974
88,17.972
89,17.97
90,17.968
91,17.966
92,17.964
93,17.962
94,17.96
95,17.958
96,17.956
97,17.954
98,17.952
99,17.95
100,17.948
101,17.945
102,17.943
103,17.941
104,17.939
105,17.936
106,17.934
107,17.931
108,17.929
109,17.926
110,17.923
111,17.92
112,17.918
113,17.914
114,17.911
115,17.908
116,17.904
117,17.901
118,17.897
119,17.893
120,17.888
121,17.883
122,17.878
123,17.873
124,17.867
125,17.861
126,17.854
127,17.847
128,17.839
129,17.831
130,17.821
131,17.811
132,17.8
133,17.788
134,17.775
135,17.761
136,17.745
137,17.728
138,17.709
139,17.688
140,17.665
141,17.64
142,17.612
143,17.582
144,17.548
145,17.512
146,17.471
147,17.426
148,17.377
149,17.322
150,17.262
151,17.196
152,17.124
153,17.044
154,16.956
155,16.86
156,16.754
157,16.638
158,16.51
159,16.371
160,16.219
161,16.053
162,15.871
163,15.674
164,15.459
165,15.226
166,14.974
167,14.701
168,14.406
169,14.089
170,13.748
171,13.382
172,12.99
173,12.572
174,12.127
175,11.653
176,11.151
177,10.62
178,10.059
179,9.4684
180,8.8479
181,8.1973
182,7.5167
183,6.8061
184,6.0659
185,5.2964
186,4.4977
187,3.6705
188,2.8152
189,1.9324
190,1.0226
191,0.086383
192,-0.87549
193,-1.8624
194,-2.8737
195,-3.9086
196,-4.9665
197,-6.0466
198,-7.1483
199,-8.2709
200,-9.4138
