0,15.614
1,15.612
2,15.61
3,15.609
4,15.607
5,15.605
6,15.603
7,15.601
8,15.599
9,15.598
10,15.596
11,15.594
12,15.592
13,15.59
14,15.588
15,15.587
16,15.585
17,15.583
18,15.581
19,15.579
20,15.577
21,15.576
22,15.574
23,15.572
24,15.57
25,15.568
26,15.566
27,15.565
28,15.563
29,15.561
30,15.559
31,15.557
32,15.555
33,15.554
34,15.552
35,15.55
36,15.548
37,15.546
38,15.544
39,15.543
40,15.541
41,15.539
42,15.537
43,15.535
44,15.533
45,15.532
46,15.53
47,15.528
48,15.526
49,15.524
50,15.522
51,15.521
52,15.519
53,15.517
54,15.515
55,15.513
56,15.512
57,15.51
58,15.508
59,15.506
60,15.504
61,15.502
62,15.501
63,15.499
64,15.497
65,15.495
66,15.493
67,15.491
68,15.49
69,15.488
70,15.486
71,15.484
72,15.482
73,15.48
74,15.478
75,15.477
76,15.475
77,15.473
78,15.471
79,15.469
80,15.467
81,15.466
82,15.464
83,15.462
84,15.46
85,15.458
86,15.456
87,15.454
88,15.453
89,15.451
90,15.449
91,15.447
92,15.445
93,15.443
94,15.441
95,15.439
96,15.437
97,15.436
98,15.434
99,15.432
100,15.43
101,15.428
102,15.426
103,15.424
104,15.422
105,15.42
106,15.418
107,15.415
108,15.413
109,15.411
110,15.409
111,15.407
112,15.404
113,15.402
114,15.4
115,15.397
116,15.395
117,15.392
118,15.389
119,15.387
120,15.384
121,15.381
122,15.377
123,15.374
124,15.371
125,15.367
126,15.363
127,15.359
128,15.354
129,15.35
130,15.345
131,15.339
132,15.334
133,15.327
134,15.321
135,15.313
136,15.305
137,15.297
138,15.288
139,15.277
140,15.266
141,15.254
142,15.241
143,15.226
144,15.21
145,15.193
146,15.173
147,15.152
148,15.129
149,15.103
150,15.074
151,15.043
152,15.008
153,14.97
154,14.928
155,14.881
156,14.83
157,14.773
158,14.711
159,14.642
160,14.566
161,14.482
162,14.39
163,14.289
164,14.177
165,14.055
166,13.921
167,13.774
168,13.614
169,13.438
170,13.246
171,13.038
172,12.811
173,12.564
174,12.297
175,12.009
176,11.697
177,11.362
178,11.001
179,10.615
180,10.201
181,9.7604
182,9.2909
183,8.7925
184,8.2644
185,7.7064
186,7.1181
187,6.4993
188,5.8499
189,5.17
190,4.4597
191,3.7192
192,2.9487
193,2.1488
194,1.3198
195,0.46231
196,-0.4232
197,-1.3361
198,-2.2757
199,-3.2414
200,-4.2324
