0,18.204
1,18.202
2,18.2
3,18.198
4,18.197
5,18.195
6,18.193
7,18.191
8,18.189
9,18.187
10,18.186
11,18.184
12,18.182
13,18.18
14,18.178
15,18.176
16,18.175
17,18.173
18,18.171
19,18.169
20,18.167
21,18.165
22,18.164
23,18.162
24,18.16
25,18.158
26,18.156
27,18.154
28,18.153
29,18.151
30,18.149
31,18.147
32,18.145
33,18.143
34,18.142
35,18.14
36,18.138
37,18.136
38,18.134
39,18.132
40,18.131
41,18.129
42,18.127
43,18.125
44,18.123
45,18.121
46,18.119
47,18.118
48,18.116
49,18.114
50,18.112
51,18.11
52,18.108
53,18.106
54,18.105
55,18.103
56,18.101
57,18.099
58,18.097
59,18.095
60,18.093
61,18.091
62,18.089
63,18.088
64,18.086
65,18.084
66,18.082
67,18.08
68,18.078
69,18.076
70,18.074
71,18.072
72,18.07
73,18.068
74,18.066
75,18.063
76,18.061
77,18.059
78,18.057
79,18.055
80,18.052
81,18.05
82,18.048
83,18.045
84,18.042
85,18.04
86,18.037
87,18.034
88,18.031
89,18.028
90,18.025
91,18.022
92,18.019
93,18.015
94,18.011
95,18.007
96,18.003
97,17.999
98,17.994
99,17.989
100,17.984
101,17.978
102,17.972
103,17.965
104,17.958
105,17.95
106,17.942
107,17.933
108,17.924
109,17.913
110,17.902
111,17.889
112,17.876
113,17.861
114,17.845
115,17.828
116,17.809
117,17.788
118,17.765
119,17.741
120,17.713
121,17.684
122,17.651
123,17.615
124,17.576
125,17.533
126,17.486
127,17.434
128,17.378
129,17.316
130,17.248
131,17.174
132,17.093
133,17.004
134,16.907
135,16.801
136,16.686
137,16.56
138,16.422
139,16.273
140,16.11
141,15.934
142,15.743
143,15.536
144,15.312
145,15.07
146,14.81
147,14.53
148,14.228
149,13.905
150,13.56
151,13.191
152,12.797
153,12.379
154,11.934
155,11.463
156,10.965
157,10.44
158,9.8864
159,9.3051
160,8.6955
161,8.0575
162,7.3911
163,6.6964
164,5.9735
165,5.2227
166,4.4442
167,3.6383
168,2.8055
169,1.9463
170,1.0611
171,0.15041
172,-0.78518
173,-1.7451
174,-2.7287
175,-3.7355
176,-4.7647
177,-5.8159
178,-6.8883
179,-7.9813
180,-9.0943
181,-10.227
182,-11.378
183,-12.548
184,-13.735
185,-14.939
186,-16.16
187,-17.396
188,-18.649
189,-19.916
190,-21.197
191,-22.493
192,-23.802
193,-25.124
194,-26.459
195,-27.807
196,-29.166
197,-30.536
198,-31.918
199,-33.31
200,-34.713
