0,17.103
1,17.102
2,17.1
3,17.098
4,17.096
5,17.094
6,17.093
7,17.091
8,17.089
9,17.087
10,17.085
11,17.083
12,17.082
13,17.08
14,17.078
15,17.076
16,17.074
17,17.072
18,17.071
19,17.069
20,17.067
21,17.065
22,17.063
23,17.061
24,17.06
25,17.058
26,17.056
27,17.054
28,17.052
29,17.05
30,17.049
31,17.047
32,17.045
33,17.043
34,17.041
35,17.039
36,17.038
37,17.036
38,17.034
39,17.032
40,17.03
41,17.028
42,17.027
43,17.025
44,17.023
45,17.021
46,17.019
47,17.017
48,17.016
49,17.014
50,17.012
51,17.01
52,17.008
53,17.006
54,17.005
55,17.003
56,17.001
57,16.999
58,16.997
59,16.995
60,16.994
61,16.992
62,16.99
63,16.988
64,16.986
65,16.984
66,16.983
67,16.981
68,16.979
69,16.977
70,16.975
71,16.973
72,16.971
73,16.97
74,16.968
75,16.966
76,16.964
77,16.962
78,16.96
79,16.958
80,16.957
81,16.955
82,16.953
83,16.951
84,16.949
85,16.947
86,16.945
87,16.943
88,16.941
89,16.939
90,16.938
91,16.936
92,16.934
93,16.932
94,16.93
95,16.928
96,16.925
97,16.923
98,16.921
99,16.919
100,16.917
101,16.915
102,16.912
103,16.91
104,16.908
105,16.905
106,16.903
107,16.9
108,16.898
109,16.895
110,16.892
111,16.889
112,16.886
113,16.883
114,16.88
115,16.876
116,16.873
117,16.869
118,16.864
119,16.86
120,16.855
121,16.85
122,16.845
123,16.839
124,16.833
125,16.827
126,16.82
127,16.812
128,16.803
129,16.794
130,16.785
131,16.774
132,16.762
133,16.749
134,16.735
135,16.72
136,16.703
137,16.684
138,16.664
139,16.642
140,16.617
141,16.59
142,16.56
143,16.528
144,16.492
145,16.452
146,16.408
147,16.36
148,16.307
149,16.249
150,16.185
151,16.114
152,16.036
153,15.951
154,15.857
155,15.754
156,15.642
157,15.518
158,15.382
159,15.234
160,15.073
161,14.897
162,14.705
163,14.496
164,14.269
165,14.023
166,13.758
167,13.47
168,13.161
169,12.829
170,12.472
171,12.089
172,11.681
173,11.245
174,10.782
175,10.291
176,9.7704
177,9.2208
178,8.6416
179,8.0326
180,7.3936
181,6.7248
182,6.0261
183,5.2977
184,4.5398
185,3.7529
186,2.9374
187,2.0936
188,1.2221
189,0.32353
190,-0.60159
191,-1.5526
192,-2.5289
193,-3.5297
194,-4.5544
195,-5.6022
196,-6.6726
197,-7.7648
198,-8.8781
199,-10.012
200,-11.165
