0,18.082
1,18.081
2,18.079
3,18.077
4,18.075
5,18.073
6,18.071
7,18.07
8,18.068
9,18.066
10,18.064
11,18.062
12,18.06
13,18.059
14,18.057
15,18.055
16,18.053
17,18.051
18,18.049
19,18.048
20,18.046
21,18.044
22,18.042
23,18.04
24,18.038
25,18.037
26,18.035
27,18.033
28,18.031
29,18.029
30,18.027
31,18.026
32,18.024
33,18.022
34,18.02
35,18.018
36,18.016
37,18.015
38,18.013
39,18.011
40,18.009
41,18.007
42,18.005
43,18.003
44,18.002
45,18
46,17.998
47,17.996
48,17.994
49,17.992
50,17.99
51,17.988
52,17.986
53,17.984
54,17.983
55,17.981
56,17.979
57,17.977
58,17.975
59,17.973
60,17.971
61,17.969
62,17.967
63,17.965
64,17.962
65,17.96
66,17.958
67,17.956
68,17.954
69,17.952
70,17.949
71,17.947
72,17.944
73,17.942
74,17.939
75,17.937
76,17.934
77,17.931
78,17.929
79,17.926
80,17.923
81,17.919
82,17.916
83,17.912
84,17.909
85,17.905
86,17.901
87,17.896
88,17.892
89,17.887
90,17.882
91,17.876
92,17.871
93,17.864
94,17.858
95,17.85
96,17.843
97,17.834
98,17.825
99,17.815
100,17.805
101,17.793
102,17.781
103,17.767
104,17.752
105,17.736
106,17.719
107,17.7
108,17.679
109,17.656
110,17.632
111,17.605
112,17.575
113,17.543
114,17.507
115,17.469
116,17.426
117,17.38
118,17.33
119,17.275
120,17.214
121,17.148
122,17.076
123,16.997
124,16.911
125,16.818
126,16.715
127,16.604
128,16.483
129,16.351
130,16.207
131,16.052
132,15.883
133,15.7
134,15.502
135,15.289
136,15.058
137,14.81
138,14.543
139,14.256
140,13.949
141,13.62
142,13.269
143,12.894
144,12.496
145,12.073
146,11.624
147,11.149
148,10.648
149,10.12
150,9.5654
151,8.9827
152,8.3724
153,7.7344
154,7.0686
155,6.375
156,5.654
157,4.9055
158,4.13
159,3.3277
160,2.499
161,1.6443
162,0.76419
163,-0.14096
164,-1.0706
165,-2.0242
166,-3.0011
167,-4.0008
168,-5.0227
169,-6.0663
170,-7.1308
171,-8.2157
172,-9.3205
173,-10.445
174,-11.587
175,-12.748
176,-13.926
177,-15.121
178,-16.333
179,-17.561
180,-18.804
181,-20.062
182,-21.334
183,-22.621
184,-23.921
185,-25.234
186,-26.56
187,-27.898
188,-29.248
189,-30.609
190,-31.982
191,-33.365
192,-34.759
193,-36.163
194,-37.577
195,-39.001
196,-40.433
197,-41.875
198,-43.325
199,-44.784
200,-46.251
