0,14.922
1,14.92
2,14.918
3,14.916
4,14.914
5,14.913
6,14.911
7,14.909
8,14.907
9,14.905
10,14.903
11,14.902
12,14.9
13,14.898
14,14.896
15,14.894
16,14.892
17,14.891
18,14.889
19,14.887
20,14.885
21,14.883
22,14.881
23,14.88
24,14.878
25,14.876
26,14.874
27,14.872
28,14.87
29,14.869
30,14.867
31,14.865
32,14.863
33,14.861
34,14.859
35,14.858
36,14.856
37,14.854
38,14.852
39,14.85
40,14.848
41,14.847
42,14.845
43,14.843
44,14.841
45,14.839
46,14.837
47,14.836
48,14.834
49,14.832
50,14.83
51,14.828
52,14.826
53,14.825
54,14.823
55,14.821
56,14.819
57,14.817
58,14.815
59,14.813
60,14.812
61,14.81
62,14.808
63,14.806
64,14.804
65,14.802
66,14.8
67,14.799
68,14.797
69,14.795
70,14.793
71,14.791
72,14.789
73,14.787
74,14.785
75,14.783
76,14.781
77,14.779
78,14.777
79,14.775
80,14.773
81,14.771
82,14.769
83,14.767
84,14.765
85,14.763
86,14.761
87,14.759
88,14.757
89,14.754
90,14.752
91,14.75
92,14.747
93,14.745
94,14.742
95,14.74
96,14.737
97,14.734
98,14.731
99,14.728
100,14.725
101,14.722
102,14.718
103,14.715
104,14.711
105,14.707
106,14.703
107,14.698
108,14.693
109,14.688
110,14.683
111,14.677
112,14.671
113,14.664
114,14.657
115,14.649
116,14.641
117,14.632
118,14.622
119,14.611
120,14.599
121,14.586
122,14.572
123,14.557
124,14.54
125,14.522
126,14.502
127,14.48
128,14.457
129,14.43
130,14.402
131,14.37
132,14.335
133,14.297
134,14.256
135,14.21
136,14.16
137,14.104
138,14.044
139,13.977
140,13.904
141,13.825
142,13.737
143,13.641
144,13.536
145,13.422
146,13.297
147,13.16
148,13.011
149,12.849
150,12.673
151,12.481
152,12.274
153,12.049
154,11.806
155,11.543
156,11.26
157,10.956
158,10.63
159,10.28
160,9.9063
161,9.5074
162,9.0826
163,8.6314
164,8.153
165,7.647
166,7.1128
167,6.5502
168,5.9589
169,5.3386
170,4.6894
171,4.0113
172,3.3043
173,2.5687
174,1.8048
175,1.0127
176,0.19301
177,-0.65391
178,-1.5276
179,-2.4274
180,-3.3529
181,-4.3034
182,-5.2784
183,-6.2771
184,-7.299
185,-8.3435
186,-9.4098
187,-10.497
188,-11.605
189,-12.733
190,-13.881
191,-15.047
192,-16.231
193,-17.433
194,-18.651
195,-19.886
196,-21.137
197,-22.403
198,-23.684
199,-24.979
200,-26.288
