0,27.252
1,27.25
2,27.248
3,27.246
4,27.245
5,27.243
6,27.241
7,27.239
8,27.237
9,27.235
10,27.234
11,27.232
12,27.23
13,27.228
14,27.226
15,27.225
16,27.223
17,27.221
18,27.219
19,27.217
20,27.215
21,27.214
22,27.212
23,27.21
24,27.208
25,27.206
26,27.204
27,27.203
28,27.201
29,27.199
30,27.197
31,27.195
32,27.193
33,27.192
34,27.19
35,27.188
36,27.186
37,27.184
38,27.182
39,27.181
40,27.179
41,27.177
42,27.175
43,27.173
44,27.171
45,27.17
46,27.168
47,27.166
48,27.164
49,27.162
50,27.16
51,27.159
52,27.157
53,27.155
54,27.153
55,27.151
56,27.149
57,27.148
58,27.146
59,27.144
60,27.142
61,27.14
62,27.138
63,27.136
64,27.135
65,27.133
66,27.131
67,27.129
68,27.127
69,27.125
70,27.123
71,27.122
72,27.12
73,27.118
74,27.116
75,27.114
76,27.112
77,27.11
78,27.108
79,27.106
80,27.104
81,27.103
82,27.101
83,27.099
84,27.097
85,27.095
86,27.093
87,27.091
88,27.089
89,27.086
90,27.084
91,27.082
92,27.08
93,27.078
94,27.076
95,27.073
96,27.071
97,27.068
98,27.066
99,27.063
100,27.061
101,27.058
102,27.055
103,27.052
104,27.049
105,27.046
106,27.043
107,27.039
108,27.035
109,27.032
110,27.027
111,27.023
112,27.018
113,27.013
114,27.008
115,27.002
116,26.996
117,26.99
118,26.983
119,26.975
120,26.967
121,26.958
122,26.948
123,26.937
124,26.925
125,26.913
126,26.899
127,26.884
128,26.867
129,26.849
130,26.829
131,26.807
132,26.782
133,26.756
134,26.726
135,26.694
136,26.659
137,26.62
138,26.577
139,26.53
140,26.478
141,26.421
142,26.358
143,26.289
144,26.213
145,26.129
146,26.038
147,25.937
148,25.827
149,25.706
150,25.574
151,25.429
152,25.272
153,25.1
154,24.913
155,24.709
156,24.488
157,24.248
158,23.989
159,23.709
160,23.408
161,23.083
162,22.735
163,22.362
164,21.963
165,21.538
166,21.085
167,20.604
168,20.095
169,19.558
170,18.99
171,18.394
172,17.767
173,17.111
174,16.425
175,15.71
176,14.965
177,14.191
178,13.389
179,12.558
180,11.7
181,10.814
182,9.9019
183,8.9635
184,7.9998
185,7.0114
186,5.9988
187,4.9629
188,3.9043
189,2.8237
190,1.7217
191,0.59907
192,-0.54357
193,-1.7056
194,-2.8863
195,-4.0851
196,-5.3013
197,-6.5345
198,-7.784
199,-9.0492
200,-10.33
