0,19.085
1,19.084
2,19.082
3,19.08
4,19.078
5,19.076
6,19.074
7,19.073
8,19.071
9,19.069
10,19.067
11,19.065
12,19.063
13,19.062
14,19.06
15,19.058
16,19.056
17,19.054
18,19.052
19,19.051
20,19.049
21,19.047
22,19.045
23,19.043
24,19.041
25,19.04
26,19.038
27,19.036
28,19.034
29,19.032
30,19.031
31,19.029
32,19.027
33,19.025
34,19.023
35,19.021
36,19.02
37,19.018
38,19.016
39,19.014
40,19.012
41,19.01
42,19.008
43,19.007
44,19.005
45,19.003
46,19.001
47,18.999
48,18.997
49,18.996
50,18.994
51,18.992
52,18.99
53,18.988
54,18.986
55,18.985
56,18.983
57,18.981
58,18.979
59,18.977
60,18.975
61,18.973
62,18.971
63,18.97
64,18.968
65,18.966
66,18.964
67,18.962
68,18.96
69,18.958
70,18.956
71,18.954
72,18.952
73,18.95
74,18.948
75,18.946
76,18.944
77,18.942
78,18.94
79,18.938
80,18.936
81,18.934
82,18.932
83,18.929
84,18.927
85,18.925
86,18.923
87,18.92
88,18.918
89,18.915
90,18.913
91,18.91
92,18.907
93,18.904
94,18.901
95,18.898
96,18.895
97,18.891
98,18.888
99,18.884
100,18.88
101,18.876
102,18.871
103,18.867
104,18.862
105,18.856
106,18.85
107,18.844
108,18.838
109,18.83
110,18.823
111,18.814
112,18.805
113,18.796
114,18.785
115,18.773
116,18.761
117,18.747
118,18.732
119,18.716
120,18.698
121,18.679
122,18.657
123,18.634
124,18.608
125,18.58
126,18.55
127,18.516
128,18.479
129,18.438
130,18.394
131,18.345
132,18.291
133,18.232
134,18.168
135,18.097
136,18.02
137,17.935
138,17.842
139,17.741
140,17.63
141,17.509
142,17.377
143,17.233
144,17.076
145,16.905
146,16.72
147,16.519
148,16.302
149,16.067
150,15.813
151,15.539
152,15.244
153,14.928
154,14.589
155,14.227
156,13.84
157,13.428
158,12.989
159,12.524
160,12.032
161,11.512
162,10.964
163,10.388
164,9.7827
165,9.1489
166,8.4863
167,7.795
168,7.0752
169,6.3269
170,5.5507
171,4.7467
172,3.9154
173,3.0573
174,2.1728
175,1.2626
176,0.32708
177,-0.63306
178,-1.6172
179,-2.6248
180,-3.6551
181,-4.7076
182,-5.7816
183,-6.8764
184,-7.9915
185,-9.1261
186,-10.28
187,-11.452
188,-12.642
189,-13.848
190,-15.072
191,-16.312
192,-17.567
193,-18.838
194,-20.123
195,-21.422
196,-22.734
197,-24.06
198,-25.398
199,-26.749
200,-28.112
