0,30.248
1,30.247
2,30.245
3,30.243
4,30.241
5,30.239
6,30.237
7,30.236
8,30.234
9,30.232
10,30.23
11,30.228
12,30.226
13,30.225
14,30.223
15,30.221
16,30.219
17,30.217
18,30.215
19,30.214
20,30.212
21,30.21
22,30.208
23,30.206
24,30.204
25,30.202
26,30.201
27,30.199
28,30.197
29,30.195
30,30.193
31,30.191
32,30.19
33,30.188
34,30.186
35,30.184
36,30.182
37,30.18
38,30.178
39,30.176
40,30.175
41,30.173
42,30.171
43,30.169
44,30.167
45,30.165
46,30.163
47,30.161
48,30.159
49,30.157
50,30.155
51,30.153
52,30.151
53,30.149
54,30.147
55,30.145
56,30.143
57,30.141
58,30.139
59,30.137
60,30.134
61,30.132
62,30.13
63,30.128
64,30.125
65,30.123
66,30.12
67,30.118
68,30.115
69,30.112
70,30.109
71,30.106
72,30.103
73,30.1
74,30.097
75,30.093
76,30.09
77,30.086
78,30.082
79,30.078
80,30.073
81,30.068
82,30.063
83,30.058
84,30.052
85,30.046
86,30.04
87,30.033
88,30.025
89,30.017
90,30.008
91,29.998
92,29.988
93,29.977
94,29.965
95,29.952
96,29.937
97,29.922
98,29.905
99,29.886
100,29.866
101,29.844
102,29.82
103,29.794
104,29.766
105,29.734
106,29.7
107,29.663
108,29.622
109,29.578
110,29.529
111,29.476
112,29.417
113,29.354
114,29.284
115,29.208
116,29.126
117,29.035
118,28.937
119,28.829
120,28.712
121,28.585
122,28.447
123,28.297
124,28.134
125,27.958
126,27.767
127,27.561
128,27.338
129,27.098
130,26.84
131,26.563
132,26.265
133,25.947
134,25.606
135,25.243
136,24.856
137,24.445
138,24.009
139,23.547
140,23.06
141,22.545
142,22.004
143,21.435
144,20.839
145,20.215
146,19.564
147,18.884
148,18.178
149,17.444
150,16.682
151,15.894
152,15.08
153,14.239
154,13.373
155,12.481
156,11.565
157,10.624
158,9.6602
159,8.6731
160,7.6635
161,6.6321
162,5.5794
163,4.506
164,3.4125
165,2.2995
166,1.1676
167,0.017341
168,-1.1507
169,-2.3361
170,-3.5381
171,-4.7563
172,-5.9902
173,-7.2393
174,-8.5031
175,-9.7811
176,-11.073
177,-12.378
178,-13.696
179,-15.027
180,-16.369
181,-17.723
182,-19.089
183,-20.466
184,-21.853
185,-23.251
186,-24.658
187,-26.076
188,-27.502
189,-28.938
190,-30.383
191,-31.836
192,-33.298
193,-34.767
194,-36.245
195,-37.73
196,-39.222
197,-40.722
198,-42.229
199,-43.742
200,-45.262
