0,17.371
1,17.369
2,17.368
3,17.366
4,17.364
5,17.362
6,17.36
7,17.358
8,17.357
9,17.355
10,17.353
11,17.351
12,17.349
13,17.347
14,17.346
15,17.344
16,17.342
17,17.34
18,17.338
19,17.336
20,17.335
21,17.333
22,17.331
23,17.329
24,17.327
25,17.325
26,17.324
27,17.322
28,17.32
29,17.318
30,17.316
31,17.315
32,17.313
33,17.311
34,17.309
35,17.307
36,17.305
37,17.304
38,17.302
39,17.3
40,17.298
41,17.296
42,17.294
43,17.293
44,17.291
45,17.289
46,17.287
47,17.285
48,17.283
49,17.282
50,17.28
51,17.278
52,17.276
53,17.274
54,17.272
55,17.271
56,17.269
57,17.267
58,17.265
59,17.263
60,17.261
61,17.26
62,17.258
63,17.256
64,17.254
65,17.252
66,17.25
67,17.249
68,17.247
69,17.245
70,17.243
71,17.241
72,17.239
73,17.238
74,17.236
75,17.234
76,17.232
77,17.23
78,17.228
79,17.226
80,17.225
81,17.223
82,17.221
83,17.219
84,17.217
85,17.215
86,17.213
87,17.212
88,17.21
89,17.208
90,17.206
91,17.204
92,17.202
93,17.2
94,17.198
95,17.196
96,17.194
97,17.192
98,17.19
99,17.188
100,17.186
101,17.184
102,17.182
103,17.18
104,17.178
105,17.176
106,17.174
107,17.171
108,17.169
109,17.167
110,17.164
111,17.162
112,17.159
113,17.157
114,17.154
115,17.151
116,17.148
117,17.145
118,17.142
119,17.139
120,17.136
121,17.132
122,17.128
123,17.124
124,17.12
125,17.115
126,17.11
127,17.105
128,17.099
129,17.093
130,17.087
131,17.08
132,17.072
133,17.064
134,17.055
135,17.045
136,17.035
137,17.023
138,17.01
139,16.996
140,16.981
141,16.964
142,16.946
143,16.925
144,16.903
145,16.879
146,16.852
147,16.822
148,16.789
149,16.753
150,16.713
151,16.669
152,16.62
153,16.566
154,16.507
155,16.442
156,16.371
157,16.292
158,16.205
159,16.109
160,16.004
161,15.889
162,15.763
163,15.624
164,15.473
165,15.307
166,15.126
167,14.929
168,14.715
169,14.482
170,14.229
171,13.956
172,13.66
173,13.342
174,13
175,12.632
176,12.239
177,11.818
178,11.37
179,10.894
180,10.388
181,9.8531
182,9.2883
183,8.6933
184,8.0681
185,7.4124
186,6.7265
187,6.0104
188,5.2644
189,4.4887
190,3.6838
191,2.8501
192,1.9882
193,1.0986
194,0.18183
195,-0.76135
196,-1.7303
197,-2.7244
198,-3.7429
199,-4.785
200,-5.8501
